"","V1","V2","V3","V4","V5","V6","V7","V8","V9","V10","V11","V12","V13","V14","V15","V16","V17","V18","V19","V20","V21","V22","V23","V24","V25","V26","V27","V28","V29","V30","V31","V32","V33","V34","V35","V36","V37","V38","V39","V40","V41","V42","V43","V44","V45","V46","V47","V48","V49","V50","V51","V52","V53","V54","V55","V56","V57","V58","V59","V60","V61","V62","V63","V64","V65","V66","V67","V68","V69","V70","V71","V72","V73","V74","V75","V76","V77","V78","V79","V80","V81","V82","V83","V84","V85","V86","V87","V88","V89","V90","V91","V92","V93","V94","V95","V96","V97","V98","V99","V100","V101","V102","V103","V104","V105","V106","V107","V108","V109","V110","V111","V112","V113","V114","V115","V116","V117","V118","V119","V120","V121","V122","V123","V124","V125","V126","V127","V128","V129","V130","V131","V132","V133","V134","V135","V136","V137","V138","V139","V140","V141","V142","V143","V144","V145","V146","V147","V148","V149","V150","V151","V152","V153","V154","V155","V156","V157","V158","V159","V160","V161","V162","V163","V164","V165","V166","V167","V168","V169","V170","V171","V172","V173","V174","V175","V176","V177","V178","V179","V180","V181","V182","V183","V184","V185","V186","V187","V188","V189","V190","V191","V192","V193","V194","V195","V196","V197","V198","V199","V200","V201","V202","V203","V204","V205","V206","V207","V208","V209","V210","V211","V212","V213","V214","V215","V216","V217","V218","V219","V220","V221","V222","V223","V224","V225","V226","V227","V228","V229","V230","V231","V232","V233","V234","V235","V236","V237","V238","V239","V240","V241","V242","V243","V244","V245","V246","V247","V248","V249","V250","V251","V252","V253","V254","V255","V256","V257","V258","V259","V260","V261","V262","V263","V264","V265","V266","V267","V268","V269","V270","V271","V272","V273","V274","V275","V276","V277","V278","V279","V280","V281","V282","V283","V284","V285","V286","V287","V288","V289","V290","V291","V292","V293","V294","V295","V296","V297","V298","V299","V300","V301"
"1",0,0,0,0,127,13,1,0,33,0,0,13,0,0,27,0,0,0,0,1,24,8,23,0,0,1877,27,3,0,0,75,3,1,1,0,16,0,18,0,0,4,0,0,12,0,182,0,15,0,0,0,0,0,0,0,67,0,0,0,40,1,8,0,0,0,0,88,0,1,18,49,0,0,70,18,0,0,0,0,0,0,0,0,0,73,8,27,1,0,0,6,0,0,0,0,0,0,0,4,126,0,121,0,0,6,0,1,888,0,0,1,13,0,12,29,0,173,0,17,0,9,162,0,1,3,22,0,0,1,0,1,24,0,0,0,2,0,1,4,0,5,0,0,0,0,0,0,7,0,0,5,1,0,0,0,0,0,15,0,13,0,0,0,0,0,0,1,0,0,0,0,0,0,0,0,0,0,2,95,2,0,0,6,0,23,0,0,0,0,0,0,55,14,0,0,0,1,0,0,0,0,0,0,0,139,2,0,0,0,59,88,0,4,0,1,0,64,3,0,3,0,0,0,0,0,11,0,0,57,9,99,0,0,477,0,0,1,0,0,0,0,0,601,0,70,0,0,0,0,0,14,0,12,1,0,166,16,0,4,13,6,0,0,5,0,0,0,34,0,7,0,27,51,0,0,0,0,0,1,3061,0,0,59,0,0,0,0,0,0,34,51,0,0,0,0,0,0,0,0,41,0
"2",0,0,0,0,37,0,0,0,0,0,0,0,12,212,1,1,0,0,0,0,0,27,0,0,0,1307,39,0,12,0,0,127,0,24,0,0,4,0,0,0,0,0,142,50,0,107,0,0,0,0,0,0,0,0,0,0,0,0,0,52,0,0,0,0,21,0,0,0,0,0,56,0,3,73,0,0,0,0,0,37,0,0,0,0,19,0,0,0,0,109,5,0,1,0,7,0,0,0,19,460,0,0,0,0,0,0,86,19,51,0,0,0,0,720,36,0,0,0,119,11,24,150,0,1,17,55,0,0,0,0,0,133,0,0,0,0,7,0,0,0,1,0,0,0,0,0,0,0,0,0,20,12,0,75,0,0,0,0,0,0,0,0,0,937,0,0,0,0,0,0,0,13,1,0,0,0,0,0,0,0,0,0,0,0,0,0,0,0,0,0,0,209,0,0,0,0,0,0,0,0,0,0,0,0,0,8,0,0,1,8,0,0,0,6,9,0,48,0,1,3,0,0,0,0,0,16,0,0,57,0,156,0,0,710,0,0,0,0,0,0,0,1,0,0,0,0,0,0,0,0,164,0,0,0,0,0,0,0,0,8,0,0,0,0,0,0,0,0,0,1,0,0,19,0,0,0,1,0,0,2780,0,0,89,0,0,0,0,0,0,0,0,0,0,0,58,0,3,0,0,122,0
"3",17,0,0,15,18,0,1,0,0,0,0,0,33,0,2,0,0,0,0,0,0,0,9,63,0,3558,19,2,115,0,587,0,0,101,0,0,0,0,0,0,0,0,0,0,0,0,0,3,56,0,0,0,0,4,24,0,0,40,0,56,0,0,10,0,4,3,695,0,0,98,36,0,0,0,0,0,0,1,0,61,0,1,0,0,0,1,0,0,0,0,0,61,1,0,0,0,0,26,0,70,0,0,0,0,0,0,0,165,8,3,0,11,0,0,149,5,4,1,20,5,20,7,0,0,0,0,0,0,0,0,0,0,0,0,0,0,1,0,0,0,1,0,0,0,0,0,0,0,0,0,0,0,0,4,1,0,0,1,0,0,0,0,0,0,0,0,0,0,1,3,0,0,0,0,0,0,0,0,742,0,2,0,0,0,7,0,0,0,0,1,0,0,0,0,0,0,0,0,0,0,0,15,0,1,0,64,1,0,0,167,0,0,0,0,0,1,88,0,373,0,135,13,0,0,1,0,0,0,0,0,0,0,0,517,0,0,0,0,0,127,1,0,0,0,0,0,1,0,1,0,0,0,12,0,7,1,1,0,0,0,0,0,0,2,0,0,1,0,4,79,0,0,196,0,0,1,0,0,58,227,0,1,154,0,0,0,2,0,143,0,0,0,0,0,0,0,0,0,0,228,0
"4",0,0,0,0,0,0,0,14,0,0,0,0,0,0,0,0,0,0,0,0,0,19,0,3,0,389,0,0,1,0,661,0,0,0,0,0,0,49,0,0,0,0,0,50,0,518,0,0,0,0,0,0,0,0,33,0,0,0,0,8,0,0,0,0,0,0,8,0,0,0,11,0,0,5,0,0,0,0,0,0,0,0,447,0,4,0,321,0,0,0,0,1,3,0,0,0,0,0,0,0,0,0,0,0,0,11,0,714,0,0,0,0,0,0,0,0,0,0,14,0,0,0,0,1,0,0,0,0,0,0,0,0,0,1,0,0,0,0,0,0,20,0,0,0,0,0,0,0,0,0,0,0,0,0,0,0,0,0,0,285,0,0,0,412,0,0,0,0,0,0,0,0,0,0,0,0,0,79,9,0,0,0,0,0,0,0,0,0,0,0,0,0,0,0,0,0,0,0,0,0,0,0,0,1,0,2,0,0,0,0,0,0,0,0,1,0,56,6,0,0,0,0,0,0,0,0,0,0,0,2,0,0,0,594,0,0,0,0,0,119,0,0,0,0,0,0,0,0,0,0,0,0,0,0,0,0,0,0,0,16,0,0,0,0,0,0,0,0,0,15,0,0,0,0,0,0,0,0,0,4493,0,0,0,0,0,0,0,0,4,0,0,0,0,0,0,5,0,0,0,0,0
"5",0,1,0,0,23,7,1,10,34,0,35,0,27,0,5,0,18,0,12,0,59,25,0,0,0,1264,54,0,5,0,105,0,0,99,1,0,0,23,1,0,1,13,0,102,0,108,48,12,4,0,0,0,0,0,1,8,0,12,1,18,0,20,5,0,131,13,21,0,0,0,145,0,0,50,0,1,0,0,0,10,54,3,1,0,0,1,42,0,0,469,895,8,1,0,0,0,0,12,314,114,9,0,0,6,1,1,81,2,222,0,0,11,0,0,19,0,0,1,36,0,0,76,0,1,285,12,0,0,2,0,0,0,0,0,0,0,7,0,0,0,1,0,0,0,0,0,0,27,0,0,9,63,0,0,3,0,0,0,106,0,0,0,1,1,0,0,0,0,0,1,1,0,615,0,0,0,0,53,60,1,0,0,0,0,4,0,0,0,48,0,0,120,1,7,36,5,0,1,0,0,107,0,1,1,0,1,1,0,0,1,0,0,0,1,1,0,125,5,6,8,17,3,1,0,0,19,1,0,165,2,259,0,0,186,0,0,5,0,0,1,0,0,0,1,0,0,0,0,0,21,120,0,5,0,0,29,7,0,1,119,3,0,0,0,0,0,0,18,0,1,1,17,44,0,0,0,20,4,5,1993,0,0,59,0,0,0,0,0,14,22,0,0,0,0,189,1,9,15,0,237,0
"6",0,0,0,3,234,9,0,65,1310,0,0,0,101,86,16,0,0,0,0,0,179,7,10,0,0,1,56,0,7,0,160,32,0,98,0,0,0,124,0,0,0,39,0,90,0,1105,0,8,0,0,0,0,8,0,18,48,0,0,0,96,0,8,0,0,586,7,23,0,0,0,74,0,0,22,3,0,0,0,0,0,0,0,67,0,29,1,0,0,0,398,0,6,52,22,0,3,0,0,39,386,0,0,0,1,13,0,1,88,0,0,0,5,0,81,83,0,111,0,10,0,0,0,0,1,34,414,0,0,1,0,4,25,0,0,0,0,0,0,1,0,42,8,0,0,0,0,0,30,0,0,11,33,0,0,0,0,0,0,0,22,0,0,11,0,0,0,0,0,0,0,0,0,2,0,0,0,0,36,94,1,0,0,14,14,0,0,0,0,30,0,0,86,0,20,0,1,0,0,0,0,0,0,0,0,0,12,0,0,0,34,0,0,0,0,7,0,67,8,0,0,2,32,0,0,0,14,0,2,84,0,5,0,0,120,0,0,3,0,0,0,0,0,1,0,0,0,0,0,0,0,54,0,10,0,0,14,12,0,3,30,4,0,0,0,0,0,0,69,0,36,29,11,266,1,0,0,0,3,4,2203,0,0,93,0,0,0,0,0,19,8,0,0,0,0,1,0,0,0,4,22,0
"7",29,0,1,0,0,0,0,29,0,0,0,1,0,0,4,0,0,0,0,1,26,0,0,8,0,3215,0,0,7,81,499,0,3,112,0,0,7,416,0,0,0,16,0,66,0,81,0,5,0,0,1,0,0,0,26,0,0,0,0,0,0,16,0,0,0,0,21,0,0,0,27,0,0,63,0,0,0,0,0,0,0,0,248,0,10,0,0,0,0,170,0,55,3,0,0,0,0,0,37,0,0,0,0,0,0,33,0,164,0,0,0,0,0,0,11,0,0,0,13,0,0,0,0,15,40,0,0,0,0,0,3,8,0,0,0,1,1,0,0,0,55,0,0,0,0,0,0,7,0,0,0,0,0,46,0,0,0,0,0,19,4,0,6,0,0,0,0,0,0,0,0,0,0,0,0,0,0,0,0,4,0,0,0,0,61,0,0,0,0,0,0,0,0,0,0,0,0,3,0,0,0,0,0,0,0,371,0,0,0,0,0,0,0,0,0,0,45,0,0,0,17,23,0,0,0,0,120,0,7,0,58,0,0,274,0,0,0,0,0,46,0,0,0,0,0,0,0,0,0,57,0,0,0,0,12,0,24,11,14,0,0,0,18,0,1,0,0,0,0,10,0,0,191,0,0,0,0,0,3,2576,0,0,106,0,0,1,0,0,29,0,0,0,1,0,36,0,30,0,0,145,0
"8",52,5,0,0,29,0,8,16,67,4,0,3,14,1,10,0,0,0,8,1,103,7,14,0,0,263,32,0,52,0,0,0,16,1,4,2,35,253,0,0,4,27,0,88,35,4,76,13,46,0,0,0,0,0,0,86,0,0,17,75,1,6,0,0,12,32,114,0,4,0,50,0,10,14,408,0,0,0,0,5,0,9,1,0,21,0,1,0,0,15,3079,162,13,0,1,0,0,41,1,309,7,0,0,3,1,0,61,534,0,0,0,34,0,1,30,0,57,1,0,106,17,58,0,4,13,6,4,0,1,0,6,18,0,0,0,62,1,0,0,0,0,0,147,0,91,0,0,53,0,0,12,0,0,0,1,0,0,0,22,33,7,0,1,3,0,0,0,0,0,230,2,0,4,0,0,0,0,8,0,2,0,0,0,0,14,0,53,0,0,0,0,26,2,0,133,0,0,3,0,0,173,26,0,1,0,161,0,0,1,22,0,0,6,0,2,0,13,7,96,11,110,0,224,0,0,0,0,0,1,15,4,0,1,111,0,1,0,0,0,0,0,0,1,0,0,0,2,165,0,0,73,4,15,1,0,0,0,19,0,4,0,0,8,0,0,0,0,0,370,666,0,5,98,0,0,0,0,4,23,1,0,0,75,0,0,0,1,0,52,5,0,0,0,1,10,0,6,6,0,199,24
"9",7,2,0,0,0,0,36,0,0,0,0,0,0,0,13,1,1,1,0,11,0,25,0,4,0,984,0,0,42,5,2,0,0,120,0,0,63,63,1,3,0,0,0,0,0,0,0,0,0,0,4,0,0,0,30,0,0,0,0,4,0,0,0,57,0,0,10,0,0,0,5,0,0,0,0,0,0,0,0,2,0,0,1,0,0,8,39,0,0,0,0,46,0,0,0,10,0,0,0,1,0,0,0,0,28,1,0,1,1,0,0,0,0,0,1,1,0,1,35,45,0,2,0,0,245,0,0,0,0,0,0,0,0,0,0,0,2935,0,0,0,1,0,17,1,0,0,4,9,3,0,1,0,0,18,0,0,1,0,0,30,0,3,0,1,0,0,5,0,0,0,8,0,0,0,0,0,1,41,20,0,0,0,2,0,4,0,0,0,0,1,1,124,0,4,0,0,0,0,0,0,0,1,0,210,0,5,9,0,5,0,14,0,0,0,38,0,23,0,27,0,0,7,0,0,1,0,0,0,0,0,30,0,0,1459,0,0,1,0,1,43,2,0,0,0,1,12,0,0,1,0,0,1,1,0,16,4,1,0,12,17,1,0,0,5,0,0,0,0,0,9,0,3,53,0,0,1,0,0,1,1818,0,0,109,0,0,0,0,1,0,42,0,0,5,0,13,0,74,0,0,277,0
"10",16,0,0,0,56,7,1,0,0,0,0,0,27,395,10,0,4,0,0,0,0,4,0,11,0,1158,67,0,5,187,242,0,0,32,0,0,46,110,0,2,3,14,0,0,0,0,0,12,36,0,12,0,0,0,26,31,0,0,0,1,0,0,257,1,0,0,0,1,0,0,40,0,27,306,0,156,34,0,0,0,0,1,0,0,0,10,0,0,0,202,0,49,1,0,0,0,0,32,0,192,0,0,0,0,0,0,0,26,0,0,0,0,0,7,47,0,48,0,49,11,0,177,0,1,0,0,0,0,0,0,0,0,0,1,0,0,21,0,0,0,1,0,0,0,0,0,9,55,0,16,4,0,0,1,1,0,0,0,0,0,0,0,0,355,0,1,4,0,0,31,1,9,18,0,0,0,1,0,0,0,0,0,0,0,39,24,0,0,0,0,0,51,2,0,0,0,0,0,0,0,0,0,0,1,0,4,7,1,0,9,0,0,0,14,12,0,54,0,274,0,0,3,0,0,0,0,0,0,0,0,0,4,0,676,0,0,3,0,0,144,0,0,0,0,0,4,0,0,0,0,0,1,0,0,34,6,0,0,10,0,0,0,0,5,0,0,0,0,65,578,0,0,83,16,1,0,0,0,83,2973,0,5,7,0,8,0,0,0,0,0,0,0,0,1,136,0,1,0,0,93,0
"11",0,0,0,0,0,0,0,0,0,0,0,3,0,0,244,0,0,0,0,0,0,11,0,0,0,1307,0,0,0,151,1107,46,0,266,0,0,0,63,0,0,0,0,0,13,0,67,0,0,0,0,6,0,0,0,0,1,0,0,0,9,1,0,0,0,0,1,32,0,0,0,9,0,0,0,9,0,0,0,0,3,0,3,0,0,0,110,228,0,0,0,0,0,0,0,0,0,0,0,19,0,0,0,0,0,0,0,7,108,0,0,0,0,0,0,0,0,0,0,174,0,0,16,0,0,0,0,0,0,14,0,15,3,0,0,0,0,0,0,0,0,24,0,0,0,0,0,6,0,0,0,8,9,0,0,0,0,0,0,0,18,0,0,0,6,0,0,1,0,1,7,6,0,0,0,0,0,8,2,0,0,27,0,0,1,1,0,0,2,0,0,1,0,0,0,0,0,0,0,0,0,0,0,0,0,0,738,0,0,0,0,1,75,4,0,4,0,0,8,0,0,0,0,0,0,0,0,0,0,11,0,0,1,0,1555,0,0,11,0,0,104,0,0,0,0,0,44,0,0,0,0,0,3,12,0,1,42,60,0,6,16,4,0,0,4,6,0,0,0,19,1238,0,0,676,0,57,0,0,0,0,31,0,0,558,0,0,0,0,0,1,18,0,0,4,0,0,0,29,0,0,95,0
"12",0,0,0,0,0,0,1,39,1,1,0,1,0,0,84,0,0,0,1,0,42,20,0,0,0,2062,1,0,1,0,0,18,0,144,0,0,14,109,0,0,1,0,0,51,0,97,0,1,0,0,0,0,0,0,0,1,0,0,0,0,1,92,0,0,0,0,114,0,0,0,19,1,0,80,0,0,0,0,0,91,1,2,137,1,574,0,119,1,0,42,1,1,0,7,0,0,0,0,16,0,13,0,0,2,0,1,0,374,2,0,0,4,0,167,2,0,2,0,266,3,0,0,0,0,147,0,0,0,23,75,8,101,0,0,0,0,4,0,0,0,0,1,0,1,0,0,16,1,0,0,20,45,0,3,1,0,0,0,2,3,0,0,0,224,0,0,0,0,0,0,0,0,1678,0,0,0,0,271,292,1,0,0,2,0,4,0,0,0,0,1,0,83,1,0,1,0,5,2,0,0,51,0,0,3,182,29,0,0,0,1,0,0,32,0,42,0,37,108,7,8,27,18,0,8,0,0,0,0,43,0,160,0,0,67,0,0,1,0,0,0,1,0,10,0,0,0,0,0,1,5,417,2,8,15,5,0,1,0,7,0,0,0,4,0,0,1,0,0,0,4,0,18,15,0,0,0,2,0,4,772,1,0,128,0,0,0,0,0,44,2,0,0,1,0,14,2,0,3,0,52,0
"13",0,0,0,0,0,0,0,0,0,0,0,0,0,0,0,0,0,0,0,0,4,1,0,4,0,0,0,0,32,0,460,0,0,38,0,0,52,1,1,0,0,0,0,12,5,0,0,1,0,0,0,0,0,0,0,0,0,0,0,0,0,1,0,0,0,0,99,0,17,0,7,0,0,0,0,0,0,0,0,0,8,0,0,0,0,0,0,0,0,0,357,0,146,0,0,0,0,0,0,0,0,7,0,0,1,0,0,511,0,0,0,0,0,1,21,0,0,1,0,26,0,0,0,2,12,0,0,0,0,0,1,1,0,0,0,11,551,0,0,0,15,0,0,0,0,0,0,0,0,0,1,29,25,1,0,0,0,0,0,22,0,0,0,0,0,0,0,0,0,0,0,0,0,0,0,0,0,23,38,0,0,0,0,0,0,0,13,0,0,0,0,0,1,0,0,0,0,0,0,0,0,0,0,0,34,2,0,0,1,5,0,0,0,0,1,0,42,18,1,0,0,0,0,0,0,7,0,0,3,0,0,0,0,86,0,0,0,0,0,0,0,0,0,0,0,0,0,1,1,0,0,1,0,0,0,0,1,0,0,0,0,13,0,1,0,0,0,0,0,5757,0,0,133,0,0,0,0,0,1,18,1,0,9,0,0,0,0,0,0,0,34,0,0,0,31,0,0,0,0,8,0
"14",0,0,0,0,0,0,0,0,0,0,0,0,0,261,0,0,0,0,0,0,0,28,0,1,0,2582,0,0,5,0,0,0,0,11,0,0,0,1,0,0,0,0,0,43,0,0,0,0,0,0,0,0,0,0,0,0,0,0,1,0,0,0,3,0,18,0,105,0,0,0,32,0,0,0,0,1,0,0,0,0,0,0,0,0,0,4,0,0,0,0,0,3,1,0,0,1,0,0,4,0,0,0,0,0,18,38,0,0,0,0,0,0,0,0,15,1,0,1,38,0,0,0,0,1,0,101,0,0,0,0,1,0,0,0,0,0,3,0,0,1,35,0,0,0,0,0,28,0,0,1,0,0,3,100,1,0,0,0,0,0,0,0,0,0,0,0,0,0,2,0,10,0,0,0,0,0,0,10,376,0,1,0,0,0,0,0,0,0,0,0,9,0,0,0,0,0,0,3,0,0,0,0,0,0,0,224,0,0,0,0,0,0,3,0,0,0,145,23,359,32,77,31,0,0,0,0,0,0,0,0,0,0,0,1227,0,0,0,0,0,47,0,0,0,0,0,0,0,0,0,0,0,0,9,0,0,7,6,0,0,0,3,0,0,4,0,0,0,0,0,1,0,0,121,0,1,0,0,8,0,3108,0,0,27,0,0,0,0,0,13,0,0,0,0,0,0,0,32,0,1,80,0
"15",66,0,15,2,23,0,0,11,9,7,0,1,35,0,5,0,1,0,0,4,13,1,0,0,1,128,76,0,1,58,41,6,0,21,1,0,12,61,4,0,2,12,1,28,0,5,0,17,1,0,1,2,0,0,1,9,0,10,0,2,1,3,0,0,0,6,33,0,0,0,26,0,0,3,6,0,0,0,24,10,33,10,190,1,9,1,3,0,0,39,1,3,7,2,32,1,0,18,59,42,3,0,0,0,4,1,1,4169,1,1,1,0,0,98,6,0,0,1,16,1,6,22,0,0,86,4,0,0,0,5,10,414,0,0,0,0,1,0,0,6,4,1,0,0,0,0,0,3,0,0,4,33,0,6,0,0,4,1,2,30,1,2,1,978,1,0,1,0,0,0,1,0,1,0,0,0,2,58,16,4,1,0,0,5,7,0,0,0,20,1,0,11,0,0,1,0,0,1,1,1,0,1,0,1,0,38,0,0,0,0,4,55,9,11,11,0,185,5,71,0,0,0,1,2,0,8,6,0,16,11,2,1,2,31,12,0,1,0,2,1,5,0,1,15,0,0,0,35,1,1,24,6,4,0,33,2,4,2,9,2,1,2,0,1,1,0,1,16,0,1,12,21,25,0,0,1,503,1,2,1120,0,0,12,0,0,0,0,0,2,1,0,0,0,0,104,4,1,2,0,23,0
"16",0,0,0,0,2,0,0,0,0,0,0,0,0,0,0,0,1,1,0,0,52,33,0,3,0,3516,0,0,42,1,1,0,0,1,0,0,1,1,0,0,0,0,0,0,0,310,0,1,0,0,0,0,0,0,3,0,0,0,0,0,0,0,0,0,0,0,175,0,28,0,16,0,0,0,0,0,0,0,0,18,0,0,22,0,0,15,92,0,0,12,0,49,2,0,0,0,0,0,0,0,0,31,0,0,0,0,0,698,31,0,0,0,0,0,1,1,1,0,37,0,0,0,0,0,95,0,0,0,0,0,27,215,0,0,0,0,8,0,1,0,46,0,0,1,0,0,3,9,0,0,0,20,0,83,0,0,1,0,0,0,0,0,0,0,0,0,0,0,0,0,0,0,0,0,1,0,0,0,0,0,0,0,0,0,1,0,0,0,0,1,0,6,0,0,1,0,0,0,0,0,0,1,0,1,0,0,3,0,22,11,0,0,0,0,0,0,119,0,1,0,87,0,0,0,0,13,0,0,99,0,0,0,0,65,0,0,0,0,0,9,1,0,0,0,3,0,0,0,1,0,0,1,2,0,1,1,0,0,2,0,2,0,0,2,0,0,0,0,0,3,0,2,81,0,0,0,0,0,1,3353,1,0,2,0,0,0,0,0,0,0,0,0,0,0,36,0,0,0,0,7,0
"17",0,0,0,0,0,0,0,3,0,0,0,0,0,326,4,0,0,0,0,0,0,0,0,0,0,2423,0,0,13,1,0,7,0,0,0,0,0,0,0,0,0,0,0,0,0,46,0,0,0,0,13,0,0,0,0,0,0,1,0,117,0,0,0,0,0,0,117,0,0,50,0,0,0,0,0,0,0,0,0,0,0,0,0,0,0,1,0,0,0,22,0,7,5,0,0,2,0,0,0,0,0,4,0,0,0,0,0,412,0,0,0,8,0,102,0,4,0,0,10,0,0,0,0,1,168,0,0,0,0,0,20,0,0,0,28,0,1,0,5,0,32,1,0,0,0,0,75,0,0,1,8,18,0,12,0,0,0,0,16,0,0,0,0,0,0,0,0,0,0,0,0,0,1,0,0,0,0,0,83,0,0,0,0,0,0,0,0,0,0,0,0,41,0,0,0,24,0,0,0,0,0,0,0,0,1,19,3,7,0,0,13,79,8,0,0,0,44,0,0,0,81,7,0,0,0,0,0,0,97,0,158,0,0,106,64,0,5,0,0,0,0,0,0,0,0,0,0,0,0,0,0,0,0,0,0,0,0,0,0,0,0,0,0,0,0,0,0,0,0,13,9,104,1007,28,29,0,1,0,0,3558,0,0,0,0,0,3,0,0,0,9,0,0,0,0,0,4,0,0,0,14,0
"18",0,0,0,0,0,0,1,0,0,0,6,0,0,0,132,0,0,0,0,0,0,0,0,2,0,696,0,0,18,5,83,0,4,0,13,0,305,29,0,0,1,0,0,0,0,19,0,0,0,0,0,0,0,0,0,0,0,2,0,4,0,0,10,0,0,0,0,16,0,0,0,0,0,0,1454,0,0,0,0,19,0,0,1,0,0,0,0,0,4,139,8,119,23,0,0,0,4,0,0,0,0,0,2,36,0,0,0,116,1,0,1,0,0,737,0,0,4,1,19,0,0,34,9,0,691,0,0,0,0,0,0,0,0,0,3,0,62,0,0,0,21,0,76,1,0,0,0,0,0,0,0,0,0,0,0,0,0,0,1,0,0,0,0,0,0,0,0,0,0,119,0,1,0,0,0,0,0,0,0,0,0,0,0,0,0,4,0,0,26,7,0,130,35,0,2,0,0,0,0,0,0,1,0,0,1,0,0,0,12,7,0,0,0,0,0,0,0,0,0,0,0,0,0,0,0,0,0,0,23,0,0,0,0,0,0,0,0,0,3,16,0,0,0,0,1,0,0,0,1,0,0,0,0,0,0,80,0,0,0,0,1,0,0,0,0,0,0,0,0,27,0,0,196,0,12,0,0,0,4,3383,0,0,17,0,0,0,0,0,0,0,0,0,0,0,0,0,15,0,0,49,0
"19",0,0,0,0,0,0,1,24,0,0,0,0,0,0,3,0,0,1,0,0,49,30,0,6,0,3238,0,0,17,0,26,0,0,15,0,0,12,9,0,0,1,0,0,53,1,89,0,3,0,0,1,0,0,0,0,0,0,0,0,16,0,59,0,5,0,0,6,0,0,0,3,1,0,0,0,0,0,0,0,15,0,14,1,0,0,4,6,0,0,32,0,4,4,0,0,12,0,0,4,0,0,63,0,0,1,0,0,100,0,0,0,0,0,107,0,0,0,0,95,1,0,0,1,1,68,0,0,0,0,0,8,17,105,14,0,14,10,0,0,0,3,0,8,0,221,0,3,0,0,0,12,0,0,11,1,0,0,0,0,1,0,0,0,0,0,0,0,46,0,0,2,0,4,0,0,0,3,0,175,0,0,0,0,0,2,0,0,0,0,0,0,42,2,6,0,1,0,0,0,0,0,0,0,4,0,3,4,0,7,9,199,0,0,0,13,0,51,0,6,10,0,6,0,0,0,0,0,0,32,0,66,0,0,612,0,0,0,13,0,0,0,0,0,0,0,0,193,0,195,0,0,1,15,0,13,0,5,0,4,0,0,0,2,0,0,0,0,0,76,781,0,46,674,0,0,0,0,0,1,1699,0,0,97,0,0,0,0,0,4,36,0,0,0,0,1,0,5,0,0,143,0
"20",1,0,0,0,0,0,3,191,0,0,2,0,2,125,100,0,0,0,0,0,0,0,0,397,0,3695,0,0,80,11,911,0,0,0,5,0,2,0,0,0,2,0,0,0,0,0,0,0,0,0,10,0,0,0,0,0,0,0,0,8,0,0,2,0,0,0,316,2,0,0,9,0,1,0,0,163,1,0,0,1,0,1,0,0,0,1,0,0,0,15,0,263,73,0,0,0,0,0,0,0,0,114,0,0,0,0,0,358,1,1,0,0,3,679,3,0,0,1,50,5,0,0,0,0,0,0,0,0,0,0,0,0,0,0,1,0,157,0,0,0,50,0,0,1,16,0,3,32,0,0,41,0,3,0,0,0,1,1,0,0,0,11,0,0,0,0,0,4,3,0,0,0,1,0,0,0,9,0,20,0,0,6,0,0,0,8,2,0,0,1,0,0,0,1,3,0,0,0,0,0,0,1,0,1,0,0,0,0,18,20,0,0,0,0,0,3,0,27,11,0,0,71,0,0,3,0,1,0,38,0,0,0,0,578,0,0,0,1,0,19,1,0,0,0,0,1,0,0,1,0,0,0,0,0,53,0,0,0,0,0,0,0,0,0,12,1,42,0,0,1,0,0,124,0,147,0,0,4,0,185,0,0,60,0,0,339,0,0,0,3,0,0,0,0,39,0,11,0,0,45,0
"21",0,0,0,0,0,0,0,0,0,0,0,1,0,74,31,0,0,0,0,0,32,47,0,0,0,3898,0,0,62,15,84,0,0,27,0,0,7,44,0,0,0,0,0,20,0,48,0,0,0,1,11,0,0,1,17,0,0,1,0,81,0,0,0,0,2,0,86,0,0,0,0,0,0,0,0,0,0,0,0,2,0,0,19,0,0,0,2,0,0,37,0,0,145,0,12,0,0,0,3,0,0,59,0,0,0,0,8,166,1,2,0,0,4,0,2,2,0,1,60,0,0,0,0,0,527,0,0,0,0,0,6,1,0,0,0,0,44,0,0,0,8,0,0,0,0,0,9,0,0,0,4,0,0,0,0,0,0,0,0,32,0,0,0,1,0,3,0,0,0,0,0,0,0,0,0,0,0,15,34,0,0,0,0,0,1,0,0,0,0,19,0,191,0,0,0,0,0,0,11,0,0,0,2,0,0,0,4,0,0,1,0,0,0,5,0,0,123,0,43,0,0,26,0,0,0,84,0,0,106,0,81,0,0,562,0,0,0,0,0,35,2,2,0,0,0,0,0,0,1,0,46,6,0,0,7,373,0,0,3,0,2,0,0,2,0,0,0,0,0,87,0,0,260,0,0,0,0,0,0,1190,0,0,300,0,0,0,0,0,2,50,0,0,0,0,14,0,29,98,0,74,0
"22",0,0,0,0,0,0,0,0,0,0,0,0,0,0,0,0,0,0,0,0,0,0,0,0,1,3068,0,0,0,16,127,0,0,0,0,0,10,376,0,1,0,0,0,0,0,0,0,0,0,0,0,0,0,0,0,0,0,0,0,312,0,0,0,84,0,0,117,0,0,87,556,0,0,0,3,0,0,0,0,0,0,0,0,0,0,1,0,0,0,0,1,0,0,0,0,0,0,1,0,0,0,0,16,0,0,0,0,0,0,0,0,0,0,0,0,0,0,0,317,0,0,0,0,1,0,0,0,0,0,0,0,0,0,0,0,0,0,1,0,0,0,0,0,0,0,0,93,0,3,0,0,0,2,0,9,0,0,0,0,30,0,0,0,1,0,0,0,0,0,0,0,0,0,0,0,0,0,469,126,0,0,0,0,0,0,0,0,0,0,0,0,0,0,0,0,0,0,5,0,0,0,0,0,0,0,0,0,0,0,1,0,0,0,0,0,0,39,0,0,0,284,0,0,1,0,0,0,0,0,0,0,0,0,4,0,15,0,0,0,0,0,0,241,0,3,0,1,0,0,0,0,0,0,0,0,31,6,0,0,0,0,0,33,0,0,0,0,0,146,7,0,0,21,0,0,0,0,0,0,2583,0,0,0,0,594,16,0,0,9,0,0,0,0,2,0,0,0,0,1,0,0
"23",0,0,0,0,0,0,0,0,0,0,0,0,0,0,15,11,0,0,0,6,0,0,0,3,0,3683,0,0,13,1,148,0,0,100,0,0,52,0,0,0,0,0,0,0,0,0,0,0,0,0,0,0,0,0,0,0,0,0,18,493,0,0,0,0,0,0,0,0,0,0,0,0,0,0,0,1,0,0,0,696,0,0,456,0,0,0,0,0,0,0,0,10,0,0,0,0,16,0,0,0,0,5,0,0,0,0,0,1236,0,0,0,0,0,0,0,0,0,0,0,0,0,0,0,0,0,0,0,0,0,0,0,0,0,33,0,0,17,7,0,0,0,0,0,0,0,0,0,0,0,1,7,0,0,1,0,0,0,0,0,0,0,0,0,0,0,0,0,0,0,0,0,89,0,0,0,0,0,0,0,0,0,0,0,12,0,0,0,0,0,0,0,15,4,2,0,0,0,0,0,0,0,0,0,252,0,7,1,1,30,9,0,0,0,0,0,0,102,0,35,0,0,0,0,0,0,0,0,0,0,0,0,0,0,0,16,0,0,0,0,17,0,0,0,0,7,21,0,0,0,0,0,0,0,0,0,160,7,0,0,0,0,0,0,0,4,0,8,0,0,0,0,0,21,6,0,0,0,0,0,1403,0,1,146,0,2,3,0,0,0,0,0,0,0,0,82,0,7,0,0,138,0
"24",22,0,0,0,22,0,0,0,0,0,0,0,20,0,16,0,0,0,0,0,0,1,0,4,0,2592,23,0,21,0,0,0,0,31,0,0,0,0,0,0,0,0,0,0,0,0,0,0,0,0,0,0,0,0,0,49,0,46,0,0,0,0,0,0,88,0,0,0,3,0,45,0,0,0,0,0,0,0,0,0,0,0,0,0,0,148,0,0,0,0,0,29,0,0,0,0,0,0,0,691,0,0,0,0,0,0,0,41,0,0,0,0,0,0,90,0,0,0,162,0,0,0,0,0,0,7,1,0,0,0,0,0,0,0,0,0,1,0,0,0,2017,2,82,9,0,676,0,8,0,0,11,0,0,39,0,0,1,1,0,0,0,21,0,0,0,2,0,0,0,0,0,0,1,0,1,0,0,0,25,0,0,0,0,0,0,0,1,0,0,1,0,0,0,8,0,0,0,0,1,0,0,53,0,5,0,0,0,0,18,21,9,0,0,0,0,0,0,0,401,0,0,0,0,0,0,0,0,0,0,0,0,0,0,568,0,0,0,0,0,6,3,0,0,0,159,26,0,0,1,0,0,0,0,0,0,71,0,0,0,5,0,0,0,0,0,0,0,0,0,0,0,0,1305,0,0,0,0,0,0,1,0,0,345,0,0,0,0,0,0,0,0,0,0,0,0,0,71,0,0,24,0
"25",140,2,0,11,24,10,0,0,934,0,0,0,11,0,0,0,0,0,38,0,0,3,0,6,0,35,167,0,0,229,774,0,0,0,0,0,0,0,0,0,4,32,0,0,0,0,0,39,0,0,0,3,0,8,0,0,0,0,5,15,0,0,0,0,316,0,22,36,0,0,0,0,0,67,0,84,0,0,0,40,0,0,19,0,0,0,0,0,0,0,0,0,0,0,0,0,0,0,0,257,0,0,0,0,0,3,0,0,2,11,7,0,4,0,10,0,0,150,36,13,31,92,0,0,0,0,0,0,0,0,0,173,0,0,0,0,8,0,0,16,6,0,0,0,103,0,0,4,0,0,17,0,0,27,0,0,0,0,0,0,0,3,3,11,0,0,1,0,0,0,9,0,0,0,0,0,5,0,0,0,3,0,0,0,17,0,0,0,0,1,4,0,0,0,298,0,0,0,0,0,0,1,0,0,0,15,4,0,0,0,5,0,0,0,0,0,0,0,108,0,0,0,0,0,0,0,0,0,0,65,0,0,0,0,0,0,6,0,0,1,12,0,0,0,0,0,0,0,7,0,0,0,0,0,0,15,1,0,0,61,0,0,0,2,0,0,0,0,0,6,0,247,16,0,0,0,0,0,0,3112,0,0,0,0,0,7,0,0,15,121,0,0,7,0,12,4,1,0,0,0,0
"26",8,26,0,0,55,11,2,0,0,0,0,0,0,0,1,0,0,0,0,1,71,16,0,2,0,1366,24,0,12,5,85,0,0,0,0,0,3,8,0,0,2,72,0,13,0,0,0,8,3,0,0,0,0,0,3,15,0,35,0,0,2,0,0,0,0,0,73,0,0,0,39,0,11,53,1,0,0,0,0,86,0,0,11,0,125,1,0,0,0,0,0,29,1,64,0,0,0,0,21,174,0,27,1,0,38,2,0,61,0,0,0,0,0,0,16,0,4,21,105,0,0,0,0,0,0,0,0,0,0,0,0,629,0,0,1,0,1,1,0,0,2,0,53,1,0,42,141,9,0,0,9,0,0,0,1,0,2,0,0,16,1,6,0,0,0,2,0,0,0,0,5,0,0,0,0,0,0,0,0,5,0,0,0,1,13,1,0,0,0,17,0,237,3,1,0,0,0,0,0,8,0,0,0,83,0,56,9,0,0,2,0,0,0,0,0,0,90,33,113,0,0,56,0,0,0,0,0,0,0,0,0,0,0,371,0,0,0,0,0,2,2,0,0,0,2,4,0,0,1,0,0,2,16,1,15,4,2,3,2,4,1,0,0,2,40,0,0,0,15,1,0,1,372,0,0,0,0,12,3,3372,1,0,143,0,0,0,0,1,0,16,0,0,6,0,23,0,3,0,0,145,0
"27",0,128,0,0,0,0,0,0,842,0,0,0,15,0,16,0,0,0,0,0,0,0,35,21,0,3093,0,0,21,0,0,0,0,0,0,0,0,0,0,2,4,0,0,0,0,0,0,0,12,0,0,0,0,0,0,0,0,29,0,0,0,8,0,0,0,0,43,0,3,0,0,0,0,0,0,0,0,0,0,0,0,0,0,0,0,6,0,0,0,0,0,0,85,0,0,3,0,0,0,1373,0,443,0,0,0,0,0,1081,0,0,0,0,0,0,0,0,198,0,80,0,0,0,0,1,0,0,0,0,0,0,0,0,0,1,0,3,13,0,0,0,409,0,0,0,0,0,0,0,0,0,0,0,40,0,0,0,0,1,0,0,0,0,0,0,0,0,0,0,0,0,0,0,1,0,0,0,0,0,0,0,0,0,0,0,0,0,0,0,0,18,0,0,1,0,0,2,0,0,0,0,0,0,0,0,1,131,0,0,7,0,0,0,0,0,0,0,0,0,0,0,0,31,0,0,0,0,0,0,0,0,0,0,0,310,36,0,0,0,0,44,0,0,0,0,0,0,12,0,0,0,0,0,0,0,0,3,5,0,0,0,3,0,0,0,1,0,0,0,0,201,0,0,628,0,17,0,1,0,0,21,0,0,0,0,0,16,1,1,0,0,0,0,0,0,0,0,83,0,0,91,0
"28",0,0,0,0,12,0,0,13,0,0,0,0,0,1,20,0,0,3,0,2,14,25,0,0,0,158,3,0,0,1,162,23,0,69,0,0,2,155,1,0,0,5,0,5,0,2,0,5,0,0,1,0,1,0,8,0,0,0,0,232,2,0,0,0,0,4,92,0,0,0,8,0,0,2,0,0,0,0,0,150,1,10,0,1,19,2,1,0,0,19,1,0,0,0,39,0,0,0,11,0,0,2,0,0,5,16,0,3905,1,0,0,33,0,26,10,0,0,0,165,0,0,14,0,0,35,43,0,0,22,0,3,11,0,0,0,0,1,0,1,10,886,0,0,1,0,0,0,2,0,0,20,6,0,48,0,0,0,2,6,7,0,0,1,1,0,1,5,0,0,0,22,0,0,0,0,0,0,4,90,0,6,0,0,0,28,0,0,0,0,0,68,34,0,0,8,0,0,2,0,0,0,0,581,858,0,266,0,0,5,26,0,18,27,5,7,0,75,57,286,0,41,15,0,0,0,6,11,0,6,0,26,0,0,28,0,0,1,0,0,110,1,36,0,10,0,130,0,0,1,0,1,6,8,0,8,8,9,0,3,2,14,8,0,3,0,0,0,69,0,0,0,2,60,0,0,1,0,0,2,30,1,0,163,0,0,0,0,0,91,16,0,0,0,0,3,0,182,7,0,47,1
"29",0,2,0,0,74,0,0,0,0,0,0,0,83,0,0,0,0,0,0,8,0,1,7,0,0,1684,135,0,0,164,0,0,7,0,0,0,0,0,0,0,0,0,0,0,0,38,0,4,0,0,0,0,3,0,1,13,0,0,0,0,0,0,0,0,0,0,0,0,0,0,22,0,0,36,337,0,0,0,0,1,0,0,0,0,0,0,0,646,0,0,0,0,7,0,0,0,0,0,0,165,0,0,0,0,0,0,0,4318,1,0,0,9,0,4,0,0,0,0,14,5,0,0,0,0,0,0,0,0,14,0,2,0,0,0,0,0,1,0,0,14,233,0,0,14,0,0,0,7,3,0,0,0,0,0,0,0,5,0,0,35,0,0,0,0,0,3,0,0,0,0,0,0,7,0,0,0,0,3,0,0,0,0,0,1,0,0,0,0,0,16,0,13,0,0,0,0,0,3,0,0,0,0,0,0,0,0,0,0,0,0,1,0,0,0,0,0,0,0,328,0,0,0,0,0,0,0,0,8,0,0,48,0,0,574,56,0,4,0,6,0,1,0,0,0,0,0,0,0,2,0,0,9,0,0,25,7,17,0,1,2,0,0,0,0,0,0,0,0,0,8,4,0,0,2,0,0,0,0,0,239,0,3,39,0,0,0,29,0,0,5,0,0,0,0,0,50,5,0,0,98,0
"30",214,0,0,0,0,0,47,0,1288,0,0,0,0,0,21,0,0,0,0,0,0,0,0,489,0,1,0,0,143,114,0,9,0,0,0,0,16,0,0,6,0,28,0,0,0,100,0,0,11,0,0,0,0,0,0,56,0,159,0,0,0,0,0,0,0,0,83,67,0,55,0,0,0,0,0,0,0,0,0,34,0,0,0,0,0,1,0,0,0,0,636,6,0,0,0,0,0,65,133,233,0,59,72,0,6,0,0,222,0,0,0,0,3,8,78,0,28,0,41,0,58,119,0,244,69,0,0,0,0,0,0,0,0,0,0,0,1,0,0,0,9,0,231,0,163,0,0,21,0,392,0,0,0,3,3,0,0,0,4,0,0,0,0,0,0,0,0,0,0,0,0,0,0,0,0,0,0,64,1,0,0,0,0,0,6,0,0,0,0,0,0,57,0,3,0,0,0,0,0,0,0,0,0,0,0,15,0,0,7,133,0,0,0,0,0,0,24,0,0,0,0,12,0,0,0,32,0,0,149,0,0,0,0,480,0,0,0,1,0,1,0,0,0,0,0,1,0,0,0,0,0,0,0,1,0,41,30,0,0,0,0,0,0,4,0,3,0,0,0,23,0,0,629,0,0,0,0,0,0,2584,0,0,0,0,0,0,0,34,0,39,0,0,0,0,194,0,10,0,0,1,0
"31",0,53,0,0,0,0,0,0,0,0,0,0,1,0,63,0,0,0,0,2,0,28,0,0,0,1357,0,2,91,25,1228,0,1,0,0,0,250,0,0,0,0,0,0,0,0,0,0,0,0,0,2,0,0,0,0,0,0,0,0,0,0,0,0,0,0,0,0,14,0,0,43,0,0,0,0,0,0,0,0,55,0,1,0,0,0,19,0,6,0,0,0,0,17,1,0,0,1,1,11,0,0,40,14,0,12,0,0,356,0,0,0,0,0,0,0,0,27,1,45,2,0,0,2,0,0,0,0,0,0,0,9,0,1,0,0,0,41,3,0,0,3,0,26,1,0,0,15,16,0,0,0,0,0,96,1,0,1,0,0,0,0,4,0,0,0,1,0,0,0,0,0,36,1,0,0,0,0,15,0,0,0,0,0,1,0,0,0,0,0,1,0,80,0,0,1,0,0,0,0,0,0,1,0,0,0,80,0,0,48,0,0,0,0,0,0,0,0,19,179,0,39,0,0,0,0,0,0,0,6,0,0,0,2,1621,0,0,0,19,0,11,0,0,5,0,1,0,0,0,1,0,0,0,0,0,17,5,3,0,0,0,0,0,3,0,0,1,0,0,32,3,0,57,25,0,0,0,645,1,0,2063,0,0,395,0,10,0,0,1,0,42,0,0,0,0,23,0,182,0,0,0,0
"32",0,0,0,0,0,0,2,0,0,0,4,0,0,0,0,0,0,0,0,0,0,1,1,0,0,1,2,0,0,18,0,0,0,3,0,0,0,1,2,0,0,0,0,0,0,0,0,0,0,0,4,0,0,0,3,1,0,0,0,6,0,29,0,0,0,0,50,0,0,355,14,0,2,0,0,0,1,0,7,5,0,5,0,0,305,0,0,0,0,40,0,5,0,0,0,0,0,0,0,0,0,0,0,0,0,0,0,2629,1,11,0,0,0,0,2,1,2,1,135,4,0,0,0,0,25,0,0,0,0,0,0,0,0,4,1,72,14,0,0,0,87,2,0,2,0,0,9,5,0,0,0,0,0,6,1,0,32,1,0,12,0,0,0,0,0,0,0,0,0,0,0,19,0,0,0,0,0,3,6,0,0,2,0,0,3,0,0,0,0,1,0,6,0,0,67,0,0,0,0,0,0,1,0,498,90,15,0,0,0,12,0,0,1,0,16,6,86,0,1,0,26,0,0,2,0,0,0,0,0,0,0,2,0,664,0,0,3,0,0,3,1,0,0,0,0,0,0,0,7,41,0,1,3,0,7,4,40,0,0,0,0,0,0,1,0,0,1,0,0,93,0,0,0,0,0,0,0,5,1,3895,0,0,1,0,0,0,0,0,0,7,0,0,0,11,331,0,0,0,0,7,0
"33",29,0,0,0,0,0,15,0,27,0,0,0,0,0,0,0,0,0,0,0,0,4,18,5,0,387,0,0,45,0,0,0,0,0,0,0,0,19,0,0,0,0,0,0,0,0,0,0,29,0,0,0,0,0,0,0,0,115,0,0,0,0,0,0,8,0,0,0,1,20,0,0,0,0,0,0,0,0,1,0,0,0,0,0,0,0,1,0,0,0,465,0,0,0,0,0,0,0,5,465,0,0,0,0,0,0,0,24,0,8,0,0,0,0,0,0,40,1,3,0,0,0,33,1,32,220,0,0,0,0,0,7,0,0,0,113,0,0,0,0,3,0,102,0,0,17,0,0,0,0,0,0,0,1,0,0,0,1,0,0,0,0,0,0,0,0,0,0,0,0,1,1,14,0,13,0,0,0,47,0,0,0,0,0,1,0,0,0,0,0,0,75,3,11,0,0,0,0,0,0,0,0,0,0,951,1,0,0,12,0,0,0,0,0,0,0,0,0,0,0,0,0,0,0,0,0,0,0,0,0,0,0,0,192,0,0,0,0,0,0,0,0,0,0,1,1,1,0,0,0,0,0,0,0,0,0,6,0,0,0,0,0,0,4,0,0,0,0,13,4163,0,0,49,0,0,0,0,0,0,1657,0,0,54,21,0,0,0,0,0,0,0,0,0,0,38,0,0,0,0,0,27
"34",0,0,0,0,0,0,280,27,0,0,0,0,0,0,0,0,0,0,0,0,0,99,0,3,0,0,0,0,0,7,869,0,0,441,0,0,0,0,0,0,0,0,0,0,0,0,0,35,0,0,0,0,0,0,18,0,2,0,0,30,0,0,0,0,0,0,0,0,0,0,0,0,0,24,0,0,0,0,4,37,0,0,0,0,0,0,0,0,0,205,0,0,5,0,0,0,0,0,0,0,0,0,0,0,0,0,0,779,0,0,0,0,0,0,0,6,0,30,94,0,0,0,0,0,2497,0,0,0,0,0,0,0,0,0,169,0,9,0,0,0,0,0,0,0,0,0,20,0,1,0,44,0,80,25,0,0,0,0,0,0,0,0,0,0,0,0,0,0,0,0,4,0,0,0,0,0,0,259,431,0,0,0,0,0,4,0,0,0,0,0,0,705,0,5,0,0,0,0,0,0,0,0,0,0,0,115,0,0,0,0,0,0,0,0,28,0,91,0,157,0,0,0,0,0,0,0,0,0,0,0,0,0,0,0,0,0,6,0,0,0,0,0,0,0,0,6,157,0,0,0,0,15,18,0,5,0,9,0,24,0,7,0,0,8,0,0,0,0,0,0,0,0,0,0,0,0,196,0,22,0,3,0,1032,0,0,0,0,0,4,0,0,0,0,0,0,13,0,0,0,587,0
"35",0,0,0,0,0,3,0,0,0,0,0,0,5,0,4,0,0,0,0,0,46,0,0,0,0,3791,0,0,6,0,0,0,0,0,0,0,0,0,0,0,1,0,0,0,0,0,214,0,0,1,0,0,0,0,0,0,0,0,0,0,0,0,0,73,0,0,83,0,0,0,0,0,0,520,0,6,0,0,0,322,0,0,0,0,0,0,0,0,0,54,0,12,16,0,0,0,0,1,0,0,0,0,0,0,0,0,0,0,0,0,0,0,0,266,0,0,0,0,0,0,0,0,0,1,8,0,0,0,0,0,0,395,0,4,0,0,3,0,0,0,10,0,0,0,129,0,0,0,0,0,0,0,0,26,0,0,0,0,0,0,0,0,0,0,0,0,0,0,0,0,0,0,13,0,0,0,0,2,151,0,0,0,0,0,0,0,0,0,0,0,0,0,1,0,182,0,0,0,0,0,0,0,0,0,0,3,0,0,0,1,0,0,0,0,0,0,0,0,75,0,115,0,0,0,0,0,0,1,0,0,487,0,0,52,0,0,7,0,0,0,0,0,0,0,0,0,1,9,0,0,0,0,0,36,0,0,1,0,0,0,0,0,3,0,0,0,0,0,0,16,0,0,0,1457,0,0,0,0,0,0,0,923,0,0,1,0,0,23,87,0,0,0,0,0,0,0,0,0,0,0,0
"36",0,0,3,2,0,0,8,0,5,0,0,0,12,0,4,0,0,0,0,0,48,76,0,0,0,8,11,0,23,13,1,0,0,1,6,0,9,0,1,1,1,0,0,162,0,0,0,0,0,0,1,0,4,0,0,0,0,0,0,0,0,1,1,0,0,7,180,0,0,0,41,0,0,15,0,0,0,3,0,0,8,0,0,0,119,38,464,0,1,59,0,30,8,0,0,0,0,0,32,0,0,39,0,33,26,0,0,0,258,0,0,0,16,1,5,1,64,1,17,10,0,0,0,0,77,0,0,0,0,0,0,0,0,3,10,0,12,0,0,0,13,0,0,0,0,0,108,94,0,0,3,0,0,16,0,0,0,0,3,55,0,32,6,0,0,4,0,0,4,0,0,0,0,0,0,0,0,66,4,0,169,0,0,0,0,0,0,0,0,52,0,48,0,0,0,0,0,2,22,0,0,0,0,0,0,47,0,3,13,9,0,0,0,0,0,0,0,209,286,0,0,2,0,7,3,1,0,13,6,0,45,0,0,76,0,0,1,0,0,100,5,36,1,0,1,0,0,0,53,22,1,0,0,2,7,21,6,6,10,0,0,0,0,24,4,0,3,0,0,4642,0,0,41,0,2,3,9,2,0,1,0,0,274,0,0,0,0,0,0,112,0,0,0,0,10,15,13,0,0,33,0
"37",33,0,0,0,0,0,4,0,2632,0,0,0,18,0,60,0,0,0,0,0,0,8,10,55,0,2534,53,0,79,0,0,0,0,75,0,0,16,0,0,0,0,0,0,0,0,75,0,0,0,0,0,0,0,0,0,22,0,0,0,0,0,0,16,0,68,0,286,0,19,33,0,0,4,0,0,0,0,0,0,1,0,0,0,0,1,31,1029,0,0,12,0,1,3,0,0,161,0,0,20,201,0,0,0,0,16,0,0,90,0,0,0,0,8,0,22,6,40,1,5,11,4,0,0,1,7,0,0,0,0,0,0,0,0,0,0,0,6,0,0,0,8,0,34,0,0,18,0,0,0,0,3,0,0,0,33,0,0,0,0,0,0,0,0,0,0,1,0,0,0,0,1,0,1,0,0,0,0,0,7,0,0,0,0,0,0,0,0,0,0,0,0,1,0,0,0,0,0,0,0,0,0,0,0,0,122,2,0,0,1,0,0,0,0,0,1,0,0,0,7,0,0,0,0,0,0,11,0,0,0,0,24,0,0,795,0,0,0,0,0,0,0,1,0,0,3,0,0,0,0,0,0,1,0,0,4,10,0,0,6,0,0,0,0,0,0,0,12,0,0,0,0,0,46,0,78,0,0,0,0,687,0,0,291,1,0,0,0,0,0,0,0,0,0,0,50,0,16,0,0,19,0
"38",0,0,0,0,0,0,1,0,0,0,0,0,5,31,0,0,0,0,0,0,0,5,0,0,2,0,0,0,46,0,139,0,0,63,0,0,0,99,0,1,0,0,0,0,0,1,0,0,0,0,0,0,0,0,0,0,0,0,0,0,0,0,0,0,0,0,27,0,0,25,0,0,0,0,0,0,0,0,0,1,0,0,28,0,0,0,0,0,0,11,0,0,0,0,0,1,19,0,1,0,0,0,0,0,0,0,0,123,146,1,0,260,0,19,0,0,0,0,41,0,0,0,26,1,46,0,0,0,0,0,0,1,0,0,0,0,0,0,0,0,14,0,0,0,0,0,0,0,0,1,0,0,0,0,0,0,0,0,0,1,0,0,0,1,0,0,0,0,0,0,0,0,4,0,0,0,0,0,8,0,0,0,30,0,28,0,0,0,0,30,0,38,0,0,0,0,0,0,0,0,0,0,0,19,809,121,0,0,0,0,0,0,13,4,0,0,11,0,1,0,0,14,0,0,0,0,0,0,0,0,0,0,0,61,0,0,0,0,0,0,0,0,0,0,0,0,0,0,0,0,0,0,0,0,0,0,14,0,0,0,1,0,0,10,0,0,0,0,0,6423,0,0,0,0,0,0,0,0,3,12,0,0,43,0,0,9,1,0,0,0,0,0,0,0,1,23,0,0,0,36,0
"39",0,0,0,0,37,0,0,0,15,0,75,0,5,19,3,1,1,0,9,1,0,5,0,0,0,1322,19,0,6,2,1,0,0,25,0,0,13,104,0,0,3,57,0,0,0,68,0,20,0,0,0,0,0,0,3,29,0,37,0,0,0,0,0,0,0,0,251,0,0,0,84,0,0,150,0,1,0,0,0,30,0,8,27,0,6,1,1,1,0,41,0,31,0,48,32,0,0,0,19,0,0,0,0,0,0,3,1,514,1,0,0,19,0,25,4,2,0,1,17,4,0,144,0,0,74,5,0,0,29,44,8,3,29,0,1,0,1,0,0,0,1,0,0,0,0,0,0,5,0,0,7,4,0,0,1,0,0,1,0,31,0,0,0,1032,0,0,0,1,0,0,0,0,1,0,0,0,2,44,25,18,16,0,0,0,1,0,1,141,0,23,0,63,0,0,1,0,0,0,0,0,0,1,0,578,0,12,1,0,8,0,137,0,0,0,36,0,0,28,1,0,34,0,0,0,0,0,31,0,31,8,62,2,0,345,14,0,0,0,9,1,6,0,1,87,0,0,0,0,1,0,42,1,0,1,2,4,1,0,53,0,7,0,0,2,1,0,0,0,0,32,73,63,6,2,34,0,1,0,0,1981,0,0,161,0,0,1,2,0,7,17,0,1,0,0,0,3,3,0,0,40,0
"40",0,0,0,0,0,0,1,144,0,0,0,0,0,117,0,0,0,0,0,0,19,0,0,10,0,849,0,0,0,0,0,0,0,99,0,0,196,323,0,0,1,0,0,0,0,0,0,0,0,0,0,0,0,0,124,1,0,0,0,600,0,14,1,0,0,0,291,0,0,0,0,0,0,0,0,0,0,0,0,738,0,0,0,0,0,0,0,0,0,63,0,42,6,0,0,0,0,0,0,0,0,34,0,0,0,0,0,556,0,0,0,0,0,66,0,0,0,0,99,0,0,0,0,1,407,0,0,0,0,0,0,0,0,0,0,0,35,0,1,0,42,0,0,0,0,0,0,0,0,0,3,0,2,0,0,0,0,0,0,0,0,0,0,0,0,0,0,0,0,0,0,0,1,0,0,0,0,0,526,0,0,0,0,0,0,0,0,0,0,0,0,276,2,1,0,0,0,0,0,0,0,0,0,0,0,54,16,0,0,18,0,0,0,0,144,0,247,0,36,4,0,0,0,0,0,51,0,6,0,0,0,0,0,457,0,0,0,0,0,0,0,0,0,0,0,105,0,0,0,0,0,5,0,0,0,0,39,0,0,0,0,0,0,13,0,5,0,0,29,18,18,0,123,1,4,0,81,0,14,2128,0,0,0,0,0,0,0,0,0,51,0,0,0,0,0,0,99,0,18,192,0
"41",0,0,0,0,0,1,3,3,0,0,1,0,0,583,135,0,0,1,0,0,14,20,0,3,0,4195,12,0,5,0,0,0,0,38,0,0,11,30,5,0,0,0,101,0,0,119,148,1,0,0,0,0,0,0,0,0,0,0,0,1,0,103,0,1,0,0,32,7,0,0,6,1,1,0,0,287,3,0,1,1,5,0,0,0,43,0,0,0,0,10,1,7,4,0,0,0,0,0,23,0,0,31,0,0,1,0,0,8,0,1,11,149,0,37,0,0,0,1,32,0,0,0,0,5,746,0,0,0,9,0,0,57,0,1,0,0,205,0,0,0,17,1,0,0,0,0,1,0,0,0,1,0,0,1,0,0,0,0,0,13,0,40,0,0,0,0,0,0,0,0,1,1,0,0,0,0,0,20,120,1,0,0,0,0,0,8,4,0,0,30,0,37,7,0,0,0,4,0,0,0,0,0,0,1,19,5,0,0,18,1,0,0,0,2,8,1,23,0,9,0,0,3,0,0,0,0,0,0,51,0,118,0,0,525,0,0,0,0,0,9,0,0,111,0,0,0,0,1,91,0,29,4,5,0,1,89,10,0,3,0,1,0,0,4,0,0,0,58,1,52,0,55,244,7,0,0,0,6,0,713,0,0,29,1,0,0,0,1,11,0,0,0,0,0,57,0,1,0,0,137,0
"42",0,219,0,0,15,11,1,19,510,0,0,0,6,0,0,0,1,0,0,0,29,3,24,0,0,713,15,0,2,0,33,0,0,18,0,0,0,2,0,0,0,0,0,0,0,0,0,28,0,0,0,1,0,0,0,0,0,13,0,64,0,0,0,0,4,0,101,0,28,0,0,0,0,0,0,0,0,0,0,30,0,1,247,0,0,0,0,0,0,0,0,0,0,0,0,29,0,0,0,483,0,0,0,3,0,0,75,1017,1,0,1,1,0,74,0,0,0,107,56,0,0,0,0,0,0,4,0,0,0,0,1,58,0,0,0,0,0,0,0,0,27,0,39,4,0,1,0,3,0,0,10,0,0,0,0,3,1,0,0,0,0,0,0,0,1,0,0,0,0,0,50,1,1,0,0,0,0,0,0,0,0,0,0,0,8,2,0,0,0,1,0,1,0,1,0,0,0,0,1,0,0,1,0,13,189,0,0,1,0,1,203,24,0,0,0,0,0,156,0,0,34,30,0,0,0,0,10,8,0,0,2,0,0,1,0,0,0,0,0,181,0,0,0,0,2,45,0,0,1,0,0,0,0,0,0,0,0,0,0,10,7,0,0,2,0,0,0,0,100,1,0,7,201,0,0,0,0,0,3,3880,0,0,24,0,0,0,0,0,0,2,0,0,0,0,9,0,15,0,0,34,0
"43",15,0,0,0,46,0,0,0,3026,0,0,0,9,0,0,0,0,0,0,0,0,0,0,0,0,1563,28,0,198,0,166,0,0,140,0,0,2,0,0,0,0,0,0,0,0,0,0,0,0,0,0,0,0,0,0,0,0,0,0,0,0,0,0,0,7,0,0,0,0,0,0,0,0,131,0,1,0,0,0,0,0,0,0,0,0,1,1,0,0,0,0,0,0,0,0,0,0,0,0,414,0,0,0,0,0,0,0,17,29,0,0,9,1,0,3,0,34,5,285,0,0,0,0,0,15,0,0,0,0,0,0,12,0,0,0,90,1,0,0,0,11,0,0,0,0,0,0,0,0,0,8,0,0,0,0,0,0,0,0,0,0,0,0,0,0,0,0,0,0,24,0,0,0,0,0,0,0,215,0,0,0,0,0,17,0,0,0,0,0,1,0,0,0,0,0,0,0,0,1,0,0,1,0,6,0,0,0,0,15,17,0,0,0,0,0,0,0,0,85,0,0,0,0,0,0,0,0,0,0,0,0,0,0,0,0,0,0,0,0,1,0,0,0,0,139,0,0,0,1,0,0,0,0,1,0,123,0,0,0,0,0,0,0,3,0,0,0,0,0,3,0,0,76,0,0,0,0,0,0,1667,0,4,64,0,0,18,0,0,0,0,0,0,0,0,5,0,0,0,0,95,0
"44",35,3,0,190,81,16,34,0,0,0,0,0,10,1265,3,0,0,0,0,0,0,0,0,8,0,2259,0,0,43,0,0,0,0,124,0,0,1,1,0,0,27,27,0,0,0,0,0,0,6,0,0,0,0,0,0,0,11,0,0,3,0,0,0,0,0,0,133,0,53,0,0,0,0,0,0,1,0,0,0,0,0,0,0,0,0,0,13,1,0,0,0,0,197,0,0,293,0,52,0,260,0,0,0,0,0,0,0,1,0,0,0,0,0,0,197,0,99,1,0,10,16,100,0,0,0,0,0,0,0,0,0,29,0,0,0,0,3,0,0,0,3,0,0,0,0,0,0,0,0,0,0,0,0,0,0,0,0,0,0,0,0,0,0,0,0,0,0,3,0,0,0,0,1,0,0,0,0,0,0,0,0,0,0,0,0,0,0,0,0,2,0,0,3,0,0,0,0,0,0,0,0,1,0,20,0,0,0,23,0,55,0,0,0,0,0,0,79,0,77,0,0,0,0,0,0,0,0,0,24,0,0,0,0,0,0,0,0,2,0,0,1,0,0,0,0,0,0,0,38,0,0,0,0,0,0,0,0,0,0,0,0,0,0,7,1,0,0,0,0,774,0,0,2374,2,2,0,0,0,0,4,0,0,333,0,0,2,0,8,0,0,0,0,0,0,0,0,1,0,0,0,0
"45",0,0,0,1,0,0,8,0,0,0,3,0,0,0,9,0,59,0,1,0,0,12,0,0,1,1,0,0,0,15,0,0,3,0,0,0,6,535,0,0,1,0,0,0,0,0,0,0,0,0,0,0,0,3,0,0,1,0,0,0,0,0,0,0,0,0,0,0,25,0,0,0,49,0,30,0,0,0,0,0,1,0,0,0,0,1,0,0,0,0,0,78,0,0,0,6,0,0,0,0,0,1,16,1,0,0,0,404,1,0,1,0,0,0,2,0,231,1,124,4,0,0,0,0,0,0,0,0,0,28,0,0,0,0,1,79,0,2,0,0,7,0,76,1,0,0,6,0,0,0,0,0,0,0,1,0,0,5,0,66,0,11,0,0,0,0,0,0,0,0,0,0,0,4,0,0,0,0,0,0,0,1,0,0,7,7,0,0,0,1,0,0,0,0,5,0,0,0,12,0,0,4,0,34,37,1,0,0,9,2,53,0,0,0,0,0,0,0,1,0,166,0,0,4,0,0,0,0,0,0,0,0,2,1,0,0,0,0,0,3,0,0,93,0,1,0,0,0,1,0,0,0,0,0,12,1,0,0,4,10,0,0,0,1,0,0,0,0,0,3652,0,0,76,0,2,0,0,0,2,3223,0,0,0,0,0,0,0,0,0,0,83,0,0,0,0,0,0,0,0,44,0
"46",15,0,0,0,0,0,0,0,41,0,0,0,13,0,22,0,0,0,0,0,0,3,0,3,0,34,0,0,6,27,1,0,0,56,0,0,3,8,1,0,0,0,0,0,0,9,0,11,0,0,0,0,0,0,0,10,0,0,0,0,0,0,0,0,0,0,25,0,0,0,37,0,0,16,0,0,0,0,0,0,0,0,8,0,0,1,0,0,0,0,0,16,127,0,0,0,0,0,0,164,0,375,0,0,0,0,0,63,0,0,1,0,0,0,23,0,6,1,33,0,0,0,0,0,138,0,0,0,0,0,0,0,0,0,0,0,37,0,0,0,2,0,0,3,0,0,0,5,0,0,3,0,0,33,1,0,14,0,0,0,0,0,0,0,0,2,0,0,0,0,0,0,0,0,0,0,0,0,1,0,0,0,0,0,4,0,0,0,0,1,0,92,0,0,0,19,0,0,0,0,0,1,0,4,0,0,0,0,7,0,1,0,0,0,0,0,42,0,74,0,125,0,0,0,0,0,0,0,50,0,0,0,1,835,0,0,1,0,0,4,0,83,0,0,1,0,0,0,1,0,0,1,3,0,28,1,0,0,1,16,0,0,0,0,1,0,0,0,0,6571,0,36,59,1,0,0,0,0,0,787,0,0,67,0,0,0,0,0,3,0,0,0,0,0,31,0,7,0,0,2,0
"47",5,1,21,0,10,0,10,10,1663,0,0,0,8,0,59,0,0,0,0,12,1,2,4,3,1,1167,9,0,23,5,1,0,0,5,0,0,2,0,0,0,0,7,0,0,0,2,0,2,0,0,0,0,3,0,1,9,0,50,0,1,0,0,0,0,0,37,280,0,0,0,8,0,2,3,0,0,0,0,0,1,0,0,67,0,1,69,0,1,0,11,0,894,2355,0,0,19,0,0,0,97,0,0,0,0,9,0,31,6,1,2,1,6,0,0,0,0,12,1,11,1,15,0,0,0,0,198,0,0,16,3,0,2,0,3,0,0,122,0,0,0,0,2,0,0,0,0,0,1,1,0,1,0,0,5,1,0,1,1,1,6,0,0,0,0,1,0,1,0,0,0,4,1,0,14,0,0,0,0,0,0,0,0,0,1,1,0,0,0,0,1,0,5,0,0,12,0,0,0,0,0,0,0,0,1,0,39,3,0,6,9,0,0,0,9,0,1,0,21,1,0,8,6,0,0,1,0,0,0,14,0,16,0,2,1399,0,0,1,0,0,152,1,0,41,0,2,0,0,0,1,0,59,2,0,1,2,134,0,0,1,10,1,0,0,1,1,0,0,0,22,209,0,2,392,1,1,0,0,1,0,1,0,1,4,0,0,0,0,10,0,0,0,0,0,0,2,1,9,0,0,24,44
"48",0,0,0,0,0,1,4,0,0,0,7,1,0,35,16,0,5,0,0,3,0,29,0,0,0,1,0,0,189,0,0,0,0,19,0,32,0,427,0,0,0,0,0,0,0,199,0,12,0,0,0,0,0,0,91,0,0,0,0,389,0,49,0,0,6,0,916,0,0,0,822,0,0,0,0,0,0,0,0,65,0,0,0,0,0,0,0,0,0,197,0,0,0,0,0,0,0,0,92,0,17,0,0,0,6,0,8,189,0,0,0,0,0,58,0,0,75,0,34,0,0,0,0,1,4,14,0,0,1,0,96,112,0,0,0,0,0,0,0,0,0,0,0,0,136,0,0,0,0,0,6,45,0,0,0,0,0,0,0,177,0,0,0,0,0,0,0,0,0,0,33,0,15,0,0,0,0,500,146,1,0,0,0,0,0,0,0,0,0,0,0,200,1,0,0,0,0,1,0,0,0,0,0,663,0,2,0,0,0,56,0,0,9,0,1,0,0,460,0,3,0,55,0,0,0,1,0,0,44,9,79,0,0,120,0,0,20,0,0,0,0,0,0,0,0,46,14,0,0,0,0,0,37,0,0,0,0,5,6,0,0,27,0,5,0,0,0,0,18,201,0,57,488,0,0,0,0,0,9,413,0,46,1048,0,0,0,0,0,0,66,0,0,0,0,0,0,4,3,1,112,2
"49",0,0,0,22,0,0,0,0,0,0,0,0,0,517,104,0,0,0,0,0,0,0,0,4,0,2978,0,0,13,18,0,0,0,0,0,0,35,0,0,8,0,0,1,0,0,0,0,0,0,0,0,0,0,0,0,0,0,1,0,313,0,0,0,0,0,0,113,0,0,0,0,0,0,1,618,0,0,0,0,62,0,0,12,0,0,5,0,3,0,42,0,4,117,0,0,35,0,0,0,0,0,0,0,0,0,0,1,1156,0,0,0,0,0,20,0,0,0,0,60,0,0,0,0,0,0,0,0,0,0,1,0,13,0,0,0,0,6,0,0,0,59,0,0,0,0,0,0,0,0,1,19,0,0,0,0,0,0,0,0,14,0,0,0,115,0,0,0,0,0,0,9,0,1007,0,0,0,0,3,0,0,0,0,0,1,0,0,0,0,0,0,0,40,0,0,0,3,0,0,0,0,0,0,0,0,0,69,0,0,0,0,0,0,0,0,0,0,42,0,367,0,0,81,0,0,0,0,0,0,0,0,19,0,0,238,13,0,0,0,0,15,0,0,0,0,0,0,0,0,0,0,0,3,0,0,11,0,0,0,9,0,0,0,0,0,58,0,0,0,0,160,0,0,137,0,0,0,0,0,14,35,0,1,0,0,0,0,0,6,4,0,0,0,0,0,36,0,5,0,0,61,0
"50",0,0,0,0,0,0,1,0,0,0,0,3,0,0,50,0,0,0,0,0,0,10,0,0,0,1263,0,0,20,26,5,64,0,61,0,0,0,14,0,0,0,0,0,0,0,11,0,0,0,0,0,0,0,0,0,0,0,0,0,3,0,0,0,0,0,0,0,0,0,98,41,0,0,0,0,0,0,0,0,10,0,0,0,0,0,0,0,0,0,0,64,0,14,0,0,0,0,0,83,0,0,128,0,0,0,0,0,850,0,54,21,0,0,0,0,0,0,0,141,0,0,0,0,0,65,0,0,0,0,0,0,0,0,0,0,0,93,0,0,0,0,0,0,0,0,0,0,0,0,0,84,9,0,0,0,0,0,0,0,0,1,0,0,352,0,0,0,0,0,8,0,0,0,0,0,0,0,0,0,1,0,0,0,0,0,0,0,0,0,0,0,3,0,0,0,0,0,0,0,0,0,0,0,0,1,26,0,0,0,9,6,0,0,0,0,0,0,0,0,0,0,0,0,0,0,0,0,0,0,0,0,0,0,387,0,0,3,0,0,1636,0,0,0,0,70,0,0,0,0,0,171,0,0,0,10,15,0,0,3,19,3,0,0,0,18,0,3,0,0,0,26,0,255,0,0,0,0,0,0,3354,0,0,0,4,0,0,0,0,0,0,0,0,0,0,0,0,0,0,0,80,0
"51",250,41,0,0,146,0,1,0,90,0,0,0,0,645,3,0,0,0,0,0,0,42,0,0,0,1,69,0,5,0,0,0,0,44,0,0,0,0,0,0,5,55,0,27,0,39,0,0,29,0,0,1,0,0,0,27,0,22,0,215,0,0,0,0,11,0,0,0,9,0,0,0,0,0,0,154,0,3,0,168,0,20,0,0,0,0,1,0,0,0,0,7,18,0,0,0,0,0,0,300,0,0,0,0,0,0,0,166,155,0,0,0,0,0,27,0,0,0,1,11,14,83,0,0,55,44,0,0,0,0,21,0,0,0,0,0,0,0,0,0,0,0,65,0,77,603,0,0,0,0,0,0,0,0,0,0,0,0,0,40,0,0,0,173,0,0,0,1,2,0,5,0,17,0,0,0,0,0,66,1,0,0,0,0,5,0,0,0,0,0,0,22,0,20,0,0,0,0,0,0,0,0,0,16,0,2,0,0,0,0,0,0,0,0,0,0,0,37,1,34,6,5,0,0,0,0,0,0,0,0,133,0,0,174,0,0,0,0,0,0,0,0,0,0,0,28,0,53,0,0,0,0,10,0,0,0,0,0,0,0,0,0,0,0,0,0,0,0,0,889,0,0,112,0,0,0,0,0,5,4141,0,0,96,0,0,0,1,0,0,43,0,0,0,0,0,0,34,65,0,0,0
"52",0,16,0,0,51,9,1,0,0,0,0,0,12,0,81,0,0,0,0,0,0,0,0,5,0,2358,0,0,11,48,175,0,0,0,0,0,13,0,0,1,5,0,0,0,0,1,0,0,0,0,0,0,0,0,0,0,0,0,0,0,0,0,0,0,0,0,0,0,0,0,0,0,0,0,0,1,0,0,0,0,0,0,0,0,0,0,0,1,0,0,0,8,27,0,0,8,0,0,0,102,0,59,0,0,0,0,0,1535,0,0,0,0,0,0,39,1,23,0,19,0,0,0,0,1,8,0,0,0,0,0,0,0,0,0,0,0,502,0,80,0,4,0,0,0,0,0,0,0,0,0,1,9,0,0,0,0,0,0,0,0,0,0,0,0,0,0,0,0,0,4,0,0,1,0,0,0,0,0,0,0,0,0,0,0,1,0,0,0,0,0,0,46,1,21,0,14,0,0,1,0,0,0,0,0,0,9,1,0,1,1,0,0,0,0,0,0,0,0,213,0,0,0,0,0,0,0,0,0,19,0,0,0,0,233,0,0,0,0,0,0,0,0,0,0,0,0,0,0,0,0,0,0,0,0,0,0,0,0,0,0,0,0,0,0,0,0,0,0,0,989,5,0,192,17,0,0,0,0,0,2425,0,0,0,0,0,0,0,0,0,0,0,0,0,0,0,0,0,0,0,76,0
"53",42,38,0,0,49,12,1,0,642,0,0,0,43,27,4,0,0,0,0,0,0,4,0,1,0,1,38,0,3,0,148,0,0,140,0,0,0,116,3,0,3,30,0,0,0,16,0,12,3,0,1,0,0,0,12,0,0,0,0,3,4,0,9,0,123,0,221,0,22,23,76,0,0,0,0,0,0,0,0,24,0,5,122,0,0,10,0,0,0,135,1,1,0,0,0,0,0,0,45,561,0,0,0,0,0,0,0,1713,0,0,0,48,0,3,99,0,0,43,23,0,0,79,0,1,32,119,0,118,0,0,94,0,0,0,0,0,1,0,0,0,12,0,0,0,75,0,0,0,0,0,6,0,0,27,0,0,0,0,13,40,0,0,0,0,0,1,0,0,0,15,0,0,0,0,0,0,0,41,119,1,0,0,0,0,0,0,0,0,0,0,0,35,1,0,0,0,0,0,0,0,0,0,0,20,0,11,0,0,0,1,0,0,7,0,1,0,40,27,178,0,202,11,0,0,0,0,100,0,103,1,0,0,0,108,0,0,0,0,0,37,0,0,0,0,0,0,56,0,0,0,0,0,0,0,0,0,0,0,0,0,1,0,0,3,0,0,0,0,0,850,33,0,170,0,1,0,0,0,0,1974,0,0,222,0,0,0,0,1,3,0,0,0,1,0,0,0,11,0,0,23,0
"54",1,0,0,0,0,0,5,0,0,0,0,0,0,521,8,0,0,0,0,0,0,0,10,0,0,0,0,0,0,0,0,0,0,67,0,0,0,9,0,0,0,0,0,0,0,0,0,0,0,0,0,0,0,0,0,0,0,0,0,4,0,0,0,0,0,0,0,0,2,0,0,0,1,0,0,0,0,0,0,1,0,0,276,0,0,0,0,0,0,0,0,72,0,0,0,0,0,0,30,0,0,0,0,0,1,0,0,2615,0,47,0,0,0,0,0,0,0,164,0,1,0,0,0,1,98,0,0,0,0,0,0,0,0,0,0,0,0,0,0,0,0,0,0,0,0,927,0,0,0,0,0,0,0,0,0,0,0,0,0,23,0,0,0,141,0,0,0,0,0,0,1,0,0,0,0,0,0,0,80,0,0,0,0,0,18,0,0,0,0,0,0,3,0,2,0,0,0,1,0,0,0,0,0,0,1,22,0,0,0,0,0,0,0,0,0,1,101,0,0,2,0,20,0,0,0,0,0,0,0,1,0,0,0,528,0,0,0,5,0,0,0,0,0,0,0,18,0,0,0,0,0,0,14,0,0,0,0,8,0,0,0,0,0,3,0,0,0,0,21,4,0,0,158,0,0,0,0,0,24,3054,0,0,1,0,0,0,0,0,0,3,0,0,0,0,0,0,6,34,0,0,0
"55",0,0,0,0,0,0,10,0,0,0,0,0,0,0,0,0,0,0,0,0,0,0,0,0,0,0,13,0,0,0,1920,0,0,0,0,0,0,0,0,0,0,0,0,0,0,0,0,0,0,0,0,0,0,0,0,0,0,4,0,0,0,0,0,0,0,0,0,0,0,0,0,0,0,0,0,0,0,0,0,1577,0,0,451,0,0,26,0,0,0,0,0,0,7,0,0,0,32,0,0,0,0,6,0,0,0,0,0,0,0,197,0,0,6,0,0,4,0,99,238,0,0,0,0,0,62,0,30,0,0,0,0,0,0,0,9,0,0,0,0,138,223,0,0,0,0,0,370,0,0,0,0,0,0,0,0,0,0,0,0,0,0,0,0,0,0,12,0,0,0,0,0,0,0,4,0,0,0,0,428,0,0,0,0,0,0,0,8,0,0,0,0,0,0,0,0,0,0,0,0,0,0,547,0,0,0,0,0,0,18,0,0,0,0,0,0,0,0,0,649,0,99,0,0,30,0,0,0,0,0,0,0,0,0,526,0,0,0,52,0,33,0,0,0,0,9,208,46,5,0,0,0,0,0,0,22,9,132,0,0,0,0,0,0,0,6,0,0,0,457,0,0,0,104,0,0,0,0,0,0,0,0,0,0,0,0,0,0,0,278,0,0,0,0,0,236,0,0,0,0,0,0
"56",22,5,0,1,126,0,1,5,0,0,0,0,5,233,18,0,0,0,0,0,0,1,0,2,0,3629,25,0,1,5,86,0,0,47,0,0,14,1,0,1,4,0,0,8,23,2,0,3,0,0,0,80,0,0,0,0,1,56,0,0,0,8,8,0,0,0,91,3,0,0,18,0,0,5,0,0,0,0,0,6,0,0,0,0,1,2,93,1,0,30,3,16,22,0,0,0,0,0,3,172,12,397,0,0,0,0,0,25,1,1,2,0,0,36,12,33,8,2,4,3,19,0,4,0,358,0,0,0,0,0,1,51,0,5,0,0,1,1,0,15,6,3,0,1,0,0,11,3,0,0,0,0,0,0,1,2,1,0,6,6,1,0,0,0,0,2,0,0,0,0,0,0,0,0,0,0,0,3,8,0,0,0,0,0,0,0,0,0,0,8,14,23,3,0,0,0,0,0,0,0,0,1,0,0,0,8,0,0,12,1,0,0,0,0,0,0,40,0,137,0,0,0,0,0,0,0,0,0,0,0,13,0,0,148,0,0,0,0,0,10,0,0,0,0,3,0,1,12,1,0,0,2,0,0,6,1,6,0,1,1,2,0,0,1,0,0,0,0,0,314,0,0,278,0,0,0,0,0,1,2018,0,0,47,1,0,0,0,3,112,0,0,0,0,0,3,0,7,0,0,12,0
"57",26,0,0,0,12,10,54,0,35,0,0,1,13,0,0,0,0,0,0,0,4,46,20,37,0,0,24,0,41,0,0,0,0,19,0,0,0,62,0,0,6,0,0,0,0,15,0,0,0,0,0,1,0,0,0,0,0,27,0,19,0,0,13,0,0,0,544,1,13,0,0,0,0,128,0,0,0,0,0,160,0,0,246,0,0,1,0,0,8,0,0,131,5,0,0,23,0,0,18,141,0,0,0,0,14,0,22,2322,1,19,2,13,0,0,50,1,207,1,31,2,0,41,23,0,0,0,0,0,0,0,0,57,0,0,0,20,3,0,0,6,7,0,0,1,0,398,0,0,0,25,28,0,0,0,0,0,0,0,0,57,0,0,0,102,0,0,0,1,0,0,0,0,1,0,0,0,0,0,63,0,0,0,13,0,7,5,0,0,0,1,2,63,4,0,0,0,86,0,1,0,0,1,0,5,0,243,0,0,7,12,0,0,0,0,0,0,156,0,130,0,30,0,0,0,6,0,0,0,0,0,144,0,0,2229,0,0,0,0,0,0,11,0,0,0,0,0,0,11,1,0,0,0,8,0,38,20,0,0,0,0,14,0,0,2,0,0,0,0,0,5,0,0,164,0,3,0,0,0,0,956,0,0,95,0,0,0,0,2,0,0,0,0,0,0,39,0,2,0,0,49,0
"58",0,0,0,0,0,0,48,5,0,0,3,1,0,279,3,0,0,0,0,0,1,7,0,6,1,1326,0,0,3,16,561,0,0,65,0,0,7,1,15,0,0,0,0,45,0,115,0,0,0,0,0,0,0,0,4,0,0,0,0,15,2,0,0,0,0,0,11,0,7,0,22,0,0,2,2,0,0,0,0,1,0,0,2,0,4,7,0,0,0,48,200,1,0,0,0,0,0,0,46,0,3,15,0,3,13,0,1,33,391,0,0,0,0,1,0,0,0,1,3,7,0,67,0,0,173,0,0,0,0,1,2,1,0,0,0,186,1,0,0,0,0,0,0,0,0,0,0,74,0,0,0,0,0,0,0,0,0,0,22,58,0,0,4,200,0,0,0,0,0,5,0,0,0,0,0,0,0,26,3,0,0,0,0,0,0,0,1,0,0,1,0,5,0,0,124,0,0,0,0,0,0,0,0,0,0,0,0,0,14,0,0,0,0,0,17,0,99,28,0,0,0,0,2,0,0,0,0,0,5,12,13,0,10,70,0,0,0,0,0,9,1,0,43,0,0,0,1,0,40,0,1,1,0,0,1,1,5,3,10,0,0,0,0,2,0,0,0,3,2,137,0,0,1266,0,0,0,0,0,3,1537,3,0,44,0,0,0,0,1,19,56,0,0,0,0,0,0,1,0,0,168,0
"59",0,0,0,0,0,0,0,0,0,0,0,0,0,0,0,1,12,0,0,0,0,23,0,7,0,584,0,0,6,11,197,0,0,216,0,0,126,0,0,1,0,0,0,0,0,16,0,0,0,0,0,0,0,5,0,0,0,0,0,14,0,0,0,0,0,0,6,0,0,0,0,0,0,0,0,0,0,0,0,3,0,0,216,0,0,12,0,0,0,0,7,0,7,0,0,11,11,0,58,0,0,10,0,0,0,0,0,21,1,32,0,0,16,16,3,0,2,0,17,0,0,0,0,0,420,0,0,0,0,0,0,36,0,1,0,0,0,0,0,0,1,0,0,0,0,0,4,39,0,0,0,0,0,2,1,0,0,0,1,245,0,0,0,0,0,2,0,0,0,0,0,0,1,0,0,0,0,0,0,0,0,0,0,0,0,0,0,0,0,1,4,102,0,0,0,0,0,0,0,0,0,0,0,491,0,0,0,0,12,0,0,0,0,0,0,0,32,0,94,0,0,0,0,0,0,0,0,0,24,0,0,0,0,1007,0,0,0,0,0,2,0,0,1,0,2,0,0,0,1,0,0,0,0,0,0,6,2,0,0,0,1,0,0,4,0,0,0,0,0,10,0,0,112,0,0,0,0,0,0,4565,0,0,80,0,0,0,0,0,0,0,0,86,0,0,607,0,32,0,0,77,0
"60",139,3,0,0,25,7,3,47,0,0,0,0,0,128,16,0,0,0,0,0,0,34,0,1,0,833,39,0,10,0,6,0,0,54,0,0,1,30,0,0,5,22,0,405,0,248,0,0,0,0,0,0,0,0,9,0,3,0,0,110,0,0,20,0,325,0,87,0,3,0,111,0,12,95,0,1,0,0,0,217,0,0,246,0,0,0,1,0,0,0,0,1,1,0,0,0,0,0,39,130,0,0,0,24,0,16,0,235,0,0,0,0,0,92,59,0,0,0,52,0,32,0,0,0,12,60,0,0,0,0,40,1969,0,0,0,0,0,0,0,21,0,0,0,0,89,6,95,0,0,0,0,0,0,0,0,0,0,0,0,164,0,0,0,0,0,0,0,0,0,0,1,0,0,1,11,0,0,0,127,0,0,0,0,0,8,0,0,0,0,0,0,35,1,0,0,0,0,0,0,0,0,0,0,0,0,0,0,0,0,1,0,0,0,0,1,1,75,0,5,0,0,0,0,0,0,40,0,0,0,1,272,1,0,11,0,0,0,0,0,24,0,0,0,0,0,0,0,0,0,0,0,0,0,0,0,0,0,0,1,0,0,0,6,5,75,0,0,0,0,248,0,27,171,0,0,0,0,0,1,2529,0,0,116,0,0,0,0,1,30,0,0,0,1,0,0,0,10,0,0,12,0
"61",0,1,0,0,0,0,0,0,0,0,0,0,0,0,75,0,0,4,0,0,0,28,0,0,0,2449,0,0,0,0,0,0,0,0,2,0,172,0,0,0,0,0,0,0,0,0,0,0,0,0,0,0,0,0,0,0,0,0,0,3,0,11,0,4,0,0,4,0,0,0,7,0,0,0,0,0,0,0,0,6,0,0,0,0,0,0,4,0,0,0,0,10,33,0,0,0,0,0,0,0,4,44,0,0,0,0,0,2109,0,63,0,0,0,2,0,0,0,0,0,0,0,0,0,0,0,0,0,0,0,0,0,0,270,1,0,17,49,0,0,0,6,0,0,0,165,0,25,0,0,0,0,0,0,10,1,0,0,0,0,0,0,0,0,0,0,0,0,0,0,0,1,15,0,0,0,0,0,2,0,0,0,0,0,0,0,0,0,0,0,0,1,0,0,0,0,0,0,0,0,0,0,0,0,0,0,19,0,0,12,0,0,0,0,0,0,0,0,4,42,0,0,18,0,0,0,0,0,0,29,3,14,0,0,181,0,0,0,22,0,0,0,0,0,0,0,282,0,0,0,0,0,0,0,0,0,4,0,0,0,0,0,0,0,1,0,0,0,0,0,305,0,0,296,0,0,0,0,0,0,2609,0,0,0,0,0,0,0,0,1,10,0,0,0,0,34,0,0,0,0,0,0
"62",0,1,0,0,0,0,1,16,0,0,0,0,0,0,57,0,0,0,0,0,0,41,0,1,0,1209,1,0,11,0,0,0,0,239,0,0,11,5,0,0,0,0,0,0,0,0,0,0,0,0,1,0,0,0,0,0,0,0,0,54,4,29,0,2,0,0,201,0,20,0,56,0,0,0,0,0,0,0,0,214,0,3,6,0,231,0,0,0,0,59,0,1,5,0,0,0,0,0,0,0,0,0,0,0,3,0,0,652,0,40,0,0,0,161,33,0,0,1,47,1,0,0,6,1,179,0,0,0,0,0,0,616,0,1,0,0,4,5,0,21,30,1,0,0,0,0,40,0,0,0,0,2,19,33,0,0,0,0,0,43,0,0,0,0,0,0,0,0,0,0,0,0,0,0,0,0,0,0,82,0,0,0,0,0,0,0,0,0,0,0,0,0,2,0,1,0,0,0,0,29,0,0,0,0,0,28,0,0,7,0,0,0,0,0,2,1,103,0,22,0,0,1,0,0,0,0,0,0,176,0,25,0,5,229,0,0,0,0,0,0,0,0,0,0,0,0,1,0,0,0,0,1,1,0,5,0,14,0,0,0,0,0,0,11,0,0,0,0,0,4,0,0,0,0,0,0,1,0,8,3981,0,0,131,0,0,0,0,0,6,0,0,0,0,0,211,0,51,0,0,69,0
"63",0,0,0,0,0,0,3,0,0,0,0,0,0,0,6,28,29,1,0,0,0,0,0,0,0,2358,0,0,210,0,1,0,0,12,0,0,8,41,0,0,0,0,0,0,0,8,0,0,0,0,1,0,0,0,0,0,4,0,0,0,0,0,0,1,0,0,6,0,0,0,0,0,0,0,33,0,0,0,0,8,0,0,31,5,0,0,50,1,0,38,0,7,0,0,0,0,0,0,23,0,0,0,0,0,0,0,208,335,0,30,0,0,0,2,0,0,0,0,22,1,0,0,21,1,23,0,0,0,0,24,5,78,0,0,0,0,216,0,0,0,0,0,0,0,0,0,0,0,0,0,4,0,0,0,1,0,0,0,0,20,1,0,0,10,0,1,0,0,0,10,0,0,1293,0,0,0,0,0,1,0,0,0,0,0,6,0,0,0,0,1,0,26,0,0,0,0,2,0,0,5,0,0,0,1422,70,2,0,0,1,0,0,0,0,0,44,0,2,23,0,0,1,0,0,0,0,0,0,0,0,0,112,0,0,328,0,0,4,0,1,0,0,0,0,0,0,0,0,0,0,0,0,5,5,0,7,0,0,0,1,11,0,0,0,0,0,0,0,3,0,318,0,0,170,0,6,0,0,0,0,1157,0,0,73,0,0,0,0,0,0,23,0,0,0,0,0,0,1,0,0,99,0
"64",74,6,31,0,24,8,1,1,9,0,38,1,5,107,69,0,1,10,4,1,10,27,0,1,0,846,13,0,1,39,110,0,1,101,0,0,2,21,1,0,2,60,349,0,0,49,152,7,0,0,0,0,1,0,117,12,0,0,0,162,2,1,5,0,62,0,165,0,0,0,51,0,5,4,0,57,18,0,0,86,88,4,3,0,1,1,166,0,0,19,0,7,99,39,43,7,0,71,14,293,3,0,0,1,8,0,225,24,1,0,1,8,0,13,20,1,0,1,4,0,0,25,0,0,261,38,0,0,17,6,5,1,18,0,0,0,1,0,1,0,341,2,66,1,58,0,142,2,0,0,8,118,0,13,0,0,1,0,4,22,0,3,0,0,0,0,2,0,0,0,12,0,0,0,0,0,1,133,26,4,2,0,0,3,4,0,0,0,0,1,0,28,0,0,1,0,0,1,0,0,0,1,0,390,124,17,18,0,8,1,0,0,1,20,44,1,48,62,404,20,68,83,0,0,0,1,338,304,38,0,41,0,1,74,0,0,1,0,0,1,1,0,0,8,1,0,0,0,1,0,7,1,29,0,12,4,22,1,4,3,1,0,1,3,0,6,1,0,0,293,1,35,33,0,1,0,0,1,6,552,1,0,138,0,0,0,0,0,18,61,0,62,0,0,123,0,21,0,0,55,10
"65",0,0,0,0,0,0,0,0,0,0,0,0,1,235,1,0,0,0,0,0,0,67,0,3,0,1634,0,0,9,2,70,0,2,55,0,0,15,955,1,0,0,0,0,69,0,569,0,0,0,0,9,0,0,0,0,0,1,0,0,0,0,0,0,0,0,0,26,0,0,129,0,0,0,0,0,1262,0,0,0,826,0,0,22,0,0,1,142,0,0,7,0,0,0,0,0,0,0,0,0,0,0,0,0,0,0,0,0,1,1,0,8,0,0,33,1,0,0,1,380,0,0,0,0,0,84,0,0,0,0,0,0,33,0,0,0,16,1,0,0,0,0,0,0,2,0,0,35,0,0,0,31,0,0,1,0,0,0,0,7,68,0,0,0,0,0,2,0,0,0,0,0,0,0,0,0,0,0,0,36,0,0,0,4,0,65,0,0,0,0,1,0,602,3,0,108,0,0,0,0,0,0,1,0,1,0,0,35,0,0,1,0,0,3,0,0,0,39,0,0,0,1,0,0,0,0,0,0,0,3,0,221,0,0,57,0,0,1,0,0,1,2,0,0,0,3,0,0,0,1,12,0,0,0,0,4,125,3,6,0,0,8,0,8,48,1,0,0,0,35,3,0,0,85,0,1,0,0,0,0,781,1,0,271,0,0,0,0,0,142,0,0,0,0,0,1,0,109,0,0,103,0
"66",343,0,127,0,96,13,0,0,21,0,0,0,14,0,5,0,0,0,0,0,0,0,50,0,0,1658,77,0,11,0,846,0,2,34,0,0,122,0,0,0,6,52,0,0,0,37,0,61,6,0,0,4,2,0,0,95,0,0,0,72,0,0,0,0,0,0,0,0,0,0,0,0,194,0,0,0,0,0,0,45,0,2,276,0,0,1,225,0,0,113,0,62,1,0,0,0,0,0,16,215,0,44,0,0,0,0,0,203,1,0,0,0,0,203,156,9,0,1,187,0,0,0,0,0,186,1,0,0,0,0,25,0,0,1,1,0,1,0,0,0,1,0,0,4,0,0,0,5,0,0,16,36,11,9,1,0,3,11,0,0,24,0,0,0,0,0,0,0,0,0,0,0,1,0,0,0,0,0,551,0,0,0,0,0,34,0,0,0,0,0,0,414,0,3,0,0,0,0,0,0,0,19,0,1,0,40,0,0,11,6,0,0,0,0,0,3,0,0,105,0,97,37,0,0,0,0,0,0,97,0,11,2,0,74,0,0,0,0,0,27,56,0,30,0,3,0,0,0,16,0,0,0,29,0,32,16,0,0,0,0,1,0,0,0,0,0,0,0,0,23,80,0,328,0,2,0,0,0,0,2,0,0,430,0,0,40,0,0,0,5,0,0,0,0,1,0,2,0,0,158,0
"67",0,31,30,0,45,0,1,0,0,0,0,0,0,0,12,0,0,0,0,0,0,50,0,0,0,63,31,0,20,0,449,0,0,123,0,0,0,0,0,0,0,0,0,0,0,0,0,14,0,1,0,0,0,0,0,108,0,34,3,0,0,0,0,0,3,0,0,0,0,0,0,0,0,0,0,0,0,0,30,355,0,0,0,0,0,48,0,0,0,0,0,0,0,0,0,0,14,24,0,829,0,64,1,0,6,0,0,149,0,0,0,0,0,0,0,0,16,0,87,0,0,156,0,1,41,9,1,0,0,0,5,0,0,0,0,0,4,0,0,0,5,0,91,0,0,0,0,51,0,0,0,0,23,0,0,0,0,1,0,0,0,0,0,0,0,0,0,0,0,0,11,0,0,0,0,0,0,0,0,4,0,0,0,0,0,0,1,0,0,0,0,209,0,0,0,0,0,0,18,0,0,0,0,0,0,27,25,0,0,0,72,0,0,5,0,0,0,0,28,0,0,0,0,0,0,0,0,0,0,0,0,0,0,2674,0,0,0,0,0,0,0,0,0,0,0,0,1,0,0,0,0,0,0,0,0,225,6,0,14,0,4,0,0,9,0,0,0,0,0,91,0,50,200,0,0,0,0,0,0,2046,0,0,447,0,0,0,0,0,0,59,0,0,0,2,0,0,211,0,0,65,0
"68",0,0,0,0,0,0,3,4,0,0,0,0,0,0,0,0,0,0,0,0,0,38,0,7,0,1586,0,0,43,0,0,0,0,0,0,0,7,9,0,0,0,0,0,0,0,10,0,0,0,1,0,0,0,0,0,0,0,1,0,0,0,0,4,0,0,0,30,0,0,0,0,0,0,0,0,0,0,0,260,15,0,0,1,0,0,0,0,0,0,17,0,90,0,0,0,48,0,5,0,0,0,0,0,0,0,0,0,448,0,44,0,0,0,3,0,0,25,0,0,0,0,0,15,1,0,0,4,0,0,0,0,1,0,1,0,0,0,0,7,0,29,0,0,0,0,0,0,0,0,1,0,0,0,0,0,0,0,0,0,92,0,0,0,20,0,0,0,0,0,0,71,0,1,0,0,0,0,9,0,0,0,0,0,0,0,0,0,0,0,0,8,31,1,0,0,0,3,0,0,7,0,0,0,0,565,11,0,0,24,5,0,0,0,0,1,0,117,0,132,0,0,0,0,0,0,0,0,0,0,0,14,0,0,542,0,0,0,0,0,0,0,0,0,0,0,505,0,0,0,0,0,3,11,0,0,0,0,0,0,0,0,0,0,5,0,0,0,0,0,1294,0,0,0,0,0,0,0,0,20,3306,0,0,0,0,0,0,0,0,0,0,0,0,0,0,0,0,0,0,0,0,0
"69",0,1,0,0,2,1,1,0,0,0,0,0,1,0,161,25,3,1,0,0,20,26,0,0,0,2001,0,0,13,8,46,0,0,90,0,0,6,48,1,3,0,10,0,79,0,159,0,1,0,0,2,0,2,0,59,1,0,0,0,150,3,0,0,20,0,0,9,0,0,4,66,2,0,0,0,2,0,0,0,34,0,2,1,0,0,3,1,0,0,48,0,3,21,0,0,0,0,0,0,0,0,0,0,0,0,0,0,143,0,0,0,41,0,173,8,1,2,7,2,2,0,18,0,96,495,0,0,0,22,0,4,0,0,0,0,0,85,0,2,0,1,0,0,1,0,0,0,0,3,0,1,36,3,0,0,0,0,0,0,2,0,7,0,0,0,2,1,0,0,4,0,0,3,0,0,0,6,71,216,4,0,1,0,16,3,0,0,0,0,11,0,60,4,0,3,0,0,3,0,1,0,1,0,387,0,7,1,0,11,13,2,0,0,7,24,0,36,92,1,0,1,13,1,0,0,31,0,0,68,4,17,0,1,79,0,0,1,0,0,1,1,0,0,0,1,0,1,0,1,0,0,1,10,0,45,4,1,1,4,78,9,0,0,2,1,0,0,0,0,1145,3,3,6,0,6,0,1,0,25,2020,0,0,78,0,0,0,0,0,0,59,0,0,1,0,69,0,3,0,1,54,0
"70",0,0,0,0,0,1,0,32,0,0,0,0,0,286,7,0,0,0,4,0,62,16,0,0,0,1,0,0,2,4,23,0,0,41,0,0,0,270,0,0,0,0,0,66,0,300,0,0,0,0,8,40,0,0,0,0,0,0,0,109,2,0,0,0,0,0,153,0,0,0,11,0,0,0,0,0,0,0,0,239,0,0,0,0,80,0,0,0,0,59,0,5,3,0,0,0,0,0,80,0,0,5,0,0,18,0,0,2240,0,0,0,0,0,154,0,0,0,0,123,5,0,0,0,33,0,0,0,0,0,0,0,317,0,0,0,0,10,0,0,0,22,0,24,1,0,0,34,19,0,0,20,0,0,1,0,0,11,0,0,0,1,0,0,0,0,0,0,0,0,0,0,0,1,0,0,0,0,0,131,13,0,0,0,0,0,0,1,0,0,1,0,151,0,29,1,0,0,0,0,0,0,4,0,1,0,0,0,0,8,1,0,24,0,0,0,0,111,47,0,0,1,32,0,0,0,0,377,0,55,0,42,0,0,76,0,0,2,0,0,4,1,0,2,0,1,0,0,0,1,22,2,0,0,0,6,3,0,0,0,118,0,0,0,0,1,0,0,0,158,116,7,0,61,0,1,0,0,0,0,3156,0,0,48,0,0,0,1,0,0,45,0,0,0,1,0,0,284,0,0,6,0
"71",0,53,0,0,97,3,1,0,9,0,0,0,41,0,1,0,0,0,0,0,0,0,16,3,0,336,87,0,4,0,270,0,0,25,0,0,0,30,1,0,4,0,0,0,0,0,0,0,7,8,0,22,0,0,7,0,0,0,0,0,0,89,10,0,0,0,869,0,13,0,823,0,0,0,0,30,0,1,0,390,120,0,0,0,0,1,28,0,0,0,0,1,14,0,0,0,0,0,0,630,0,27,0,0,8,0,0,706,8,0,0,1,0,0,0,0,4,1,0,2,0,26,0,0,0,0,0,0,0,16,20,0,0,0,0,0,1,0,0,0,2,0,0,0,0,0,0,0,0,0,0,0,0,0,1,0,0,1,0,0,3,0,1,0,1,0,0,0,1,0,0,0,3,0,0,0,0,0,0,0,0,0,0,13,0,0,0,0,0,1,0,0,0,0,69,0,0,0,0,0,0,1,0,0,0,0,0,0,0,1,0,0,0,0,0,0,0,0,169,0,0,24,0,0,2,0,0,1,257,0,0,1,0,136,0,0,0,0,0,0,1,0,1,0,2,0,0,0,1,0,0,0,0,0,0,4,13,0,8,0,0,0,0,0,100,0,1,0,0,8,7,0,118,1,1,0,0,0,0,2925,0,2,200,0,0,32,0,0,0,0,0,0,0,3,0,0,7,0,0,55,0
"72",0,0,0,0,0,0,0,0,0,0,0,0,0,61,0,0,49,0,0,0,0,23,0,0,0,46,0,0,2,10,18,0,0,45,0,4,15,41,0,0,0,0,0,0,0,21,0,0,0,0,0,0,0,0,0,0,0,0,0,0,0,0,0,0,0,0,9,0,0,78,0,0,0,0,1478,0,0,0,0,0,0,27,19,0,0,0,0,0,0,51,34,1,0,0,0,1,0,0,46,0,10,0,0,0,7,21,104,6,1,0,0,0,0,0,1,0,4,0,5,2,0,103,0,0,0,0,24,0,0,0,75,69,0,0,0,68,0,0,0,0,0,0,0,0,0,0,34,11,0,0,0,0,0,0,1,0,0,0,6,65,0,7,0,4680,0,0,0,0,0,0,0,0,0,0,0,0,0,0,3,0,0,0,0,0,0,0,0,0,0,1,0,207,0,0,1,0,0,1,0,0,0,2,0,0,0,0,0,0,0,3,0,0,200,0,0,0,1,0,0,0,0,0,0,8,0,0,0,0,63,11,268,0,0,114,0,0,0,0,0,0,0,0,41,0,0,67,0,0,1,0,0,7,1,0,0,87,0,0,0,0,0,0,0,43,0,0,0,3,0,5,0,53,26,0,0,0,0,0,0,648,0,0,139,0,0,0,0,0,10,111,49,0,0,0,13,0,0,199,0,6,0
"73",48,0,0,0,0,0,2,87,4448,0,0,0,11,1,5,0,0,0,0,0,0,33,0,3,0,1,0,0,22,24,259,0,0,48,0,0,5,0,2,0,8,0,114,30,0,0,0,6,0,0,0,0,0,0,0,27,0,0,0,33,0,0,0,0,11,0,51,0,0,0,19,0,0,0,0,0,0,0,0,3,0,0,0,0,0,1,10,0,0,22,19,22,0,0,0,235,0,0,22,320,0,0,0,0,0,0,87,79,1,0,1,0,0,26,34,0,72,2,58,0,35,73,0,0,0,40,0,0,0,0,1,0,0,0,0,0,1,0,0,0,11,0,116,0,0,0,0,8,0,0,0,0,6,1,0,0,46,0,0,87,0,0,0,105,0,0,0,0,0,0,14,0,0,0,0,0,0,1,49,0,0,0,0,0,0,0,0,0,0,0,0,97,0,3,0,0,0,2,2,0,0,0,0,0,0,39,0,0,18,5,0,0,0,0,0,0,82,0,1,0,0,1,0,0,1,0,0,0,2,0,1,0,0,42,0,0,0,0,0,0,1,0,105,0,0,0,0,0,1,0,0,2,0,0,0,4,55,0,3,642,1,0,0,1,0,0,0,0,0,53,0,0,196,0,0,1,12,0,3,464,0,0,175,0,0,0,0,0,22,0,0,0,0,0,12,0,4,0,0,128,0
"74",22,0,0,0,11,3,1,1,494,2,0,0,6,32,48,0,0,0,22,0,29,12,0,1,0,512,15,51,60,21,0,0,0,16,46,0,12,58,0,0,4,17,0,26,0,8,0,5,0,0,3,0,1,0,1,12,1,0,1,2,0,104,0,6,0,18,27,0,1,0,36,0,4,23,0,117,0,3,0,4,0,8,2,0,453,1,1,0,0,76,0,32,17,41,0,0,0,0,0,82,0,0,0,2,0,1,3,672,1,0,1,59,16,0,2,0,167,1,33,3,18,5,0,0,152,8,0,0,0,1,11,154,0,0,0,0,1,0,0,9,3,0,0,10,0,0,43,14,0,0,5,17,1,18,1,0,5,1,0,10,0,2,2,0,1,0,0,0,3,14,1,0,0,0,0,0,4,138,6,0,2,1,0,10,1,0,1,0,0,1,1,0,8,0,1,0,0,1,0,0,0,1,0,1,0,0,0,0,0,7,0,0,7,0,0,0,0,22,115,0,30,13,30,54,7,0,3,0,48,41,43,1,0,91,0,3,2,0,1,3,1,0,21,0,0,0,0,0,1,29,1060,4,8,0,12,0,3,0,3,1,0,0,0,1,74,0,8,0,1,291,0,1,336,0,0,1,580,2,2,1303,0,0,22,0,0,14,4,0,14,5,0,0,0,0,6,9,0,0,0,82,0
"75",4,3,0,0,0,3,0,0,0,0,0,0,0,0,11,4,26,1,0,0,0,62,0,0,0,376,0,0,76,1,5,0,0,77,0,0,13,0,0,0,0,0,0,0,0,0,0,0,0,0,0,0,0,0,0,0,0,0,0,71,0,0,0,7,0,0,0,0,0,0,70,0,0,0,0,0,0,0,0,94,0,0,0,0,0,4,1,0,0,119,0,7,6,0,0,0,0,0,0,0,0,1,0,0,0,0,0,1182,0,0,0,0,0,1096,0,0,0,0,43,0,0,0,0,0,29,0,0,0,0,0,0,0,0,9,0,1,35,0,0,0,57,0,0,18,0,0,3,0,0,0,17,0,3,4,0,0,0,0,0,0,0,0,0,0,0,0,0,0,0,0,0,0,0,0,0,0,0,0,0,48,0,0,0,0,0,0,0,0,0,0,0,56,24,21,0,0,0,0,0,0,0,0,0,773,0,7,0,0,1,4,0,0,0,0,0,0,194,0,0,0,14,0,0,0,0,0,0,0,225,0,0,0,0,126,0,0,5,1,0,0,0,0,0,0,6,6,0,0,0,0,0,0,0,0,14,3,6,0,0,0,0,0,0,1,0,0,0,0,0,13,0,0,1220,0,0,0,0,0,0,3074,0,0,80,3,0,0,0,0,0,0,0,0,0,0,25,0,16,0,0,14,0
"76",0,0,1,0,0,0,0,0,0,0,0,0,5,3,1,0,0,0,0,0,0,30,0,0,0,447,0,0,34,0,0,0,31,214,0,0,4,881,3,0,1,0,0,0,0,123,106,0,0,0,7,0,1,0,77,7,0,0,0,0,0,0,0,0,0,1,194,0,0,0,20,0,0,0,0,0,0,0,0,64,1,0,613,0,30,22,196,1,0,43,0,4,6,0,0,0,0,1,143,0,0,1,0,3,10,0,0,207,0,0,0,1,0,152,0,0,79,0,104,0,1,32,0,1,17,0,0,0,0,0,8,185,0,1,0,0,0,0,4,0,9,0,0,0,0,0,0,0,0,0,19,1,4,0,1,1,0,0,0,124,0,0,0,0,0,0,0,0,1,6,0,0,0,0,0,0,0,44,0,1,0,0,0,0,0,0,0,0,0,0,0,88,37,0,467,0,0,8,0,0,0,0,0,0,0,13,5,0,0,0,0,0,0,0,7,0,74,31,146,0,48,0,28,0,0,0,0,0,14,2,66,0,1,96,0,0,3,0,0,22,0,0,0,0,0,0,0,0,0,0,1,0,0,0,0,1,3,0,12,0,16,0,0,4,0,6,0,0,0,4,166,41,481,0,117,0,1,1,0,3554,1,0,97,0,0,0,0,0,0,3,0,0,0,2,0,0,1,0,0,144,0
"77",13,20,0,0,38,3,0,0,2594,0,0,0,17,0,3,0,0,0,0,0,0,0,4,1,0,924,0,0,2,18,386,0,0,0,1,0,0,0,0,0,5,0,0,0,0,0,0,0,0,0,4,0,0,0,0,10,1,0,0,1,0,0,38,1,0,0,190,0,4,0,9,0,0,3,0,0,0,0,0,0,0,0,83,0,0,0,0,6,0,0,0,2,6,0,0,0,0,20,0,353,0,29,0,1,0,0,0,212,1,2,1,0,0,0,0,1,2,490,0,1,0,0,0,0,274,0,0,0,0,0,0,11,0,1,0,121,0,0,0,0,0,0,0,1,0,1,0,0,0,0,0,0,0,0,1,2,1,0,0,0,1,0,0,0,1,2,0,0,0,3,0,0,1,1,0,0,0,0,61,0,0,0,0,0,0,1,0,0,0,1,0,0,1,0,0,1,0,0,0,0,0,1,0,0,0,0,0,0,18,1,0,0,0,0,0,0,0,0,0,0,0,0,0,0,2,0,0,0,0,0,0,0,0,762,0,0,2,1,0,0,0,0,0,0,0,0,0,0,1,0,0,0,0,0,0,13,0,0,0,0,0,0,0,0,1,0,0,0,0,39,0,0,0,457,22,0,0,1,0,2036,0,3,0,0,0,0,0,1,0,0,0,0,0,0,78,0,1,0,0,0,0
"78",0,0,0,0,19,8,0,0,59,0,0,0,0,43,106,0,38,0,0,0,0,40,0,0,0,456,21,0,11,0,452,0,0,44,0,0,719,5,2,0,0,13,0,0,0,29,0,23,3,0,0,1,5,0,0,16,0,0,0,50,0,0,7,0,6,0,182,0,0,0,41,0,0,5,0,0,0,0,0,29,0,0,268,1,0,1,47,0,0,59,1,3,1,0,0,5,0,0,77,480,3,0,0,0,11,0,117,304,1,0,0,0,0,0,24,3,0,1,88,0,0,12,0,0,95,3,0,0,0,0,1,3,0,3,0,0,3,0,0,0,0,0,0,0,0,0,0,3,0,0,15,0,0,0,1,0,0,0,15,38,0,0,0,0,0,2,0,0,0,0,11,0,0,0,0,0,0,0,127,0,1,0,0,0,8,0,0,0,0,1,0,159,0,0,0,0,0,0,0,0,0,0,1153,0,0,12,1,0,22,5,0,0,1,5,0,0,67,0,66,0,0,38,0,0,0,3,0,0,59,17,109,0,0,277,0,0,9,0,0,0,2,0,0,0,5,0,0,0,1,0,172,7,18,0,157,4,3,0,3,0,17,22,0,1,0,0,0,54,0,212,0,5,281,0,1,0,0,0,9,1123,0,0,149,0,0,0,0,0,67,7,0,0,0,0,0,0,151,0,0,126,0
"79",0,0,0,0,4,0,19,4,0,0,0,0,0,103,14,0,0,1,0,0,10,4,0,30,0,1575,0,0,155,0,0,0,0,72,0,0,0,52,0,0,0,1,0,42,0,4,0,5,0,0,0,0,0,0,0,0,0,0,0,1,0,1,0,0,285,0,13,0,0,20,21,0,0,6,0,0,0,0,0,1,0,0,22,0,0,0,212,0,0,53,0,26,11,0,0,0,0,0,10,0,0,0,0,0,3,0,293,550,0,0,14,0,0,4,0,0,0,38,24,0,0,8,0,0,30,0,0,0,0,0,14,54,0,0,0,0,642,0,0,0,7,0,0,0,0,0,1,1,0,14,5,1,0,0,1,0,0,0,0,51,0,0,0,0,0,1,0,0,0,12,2,0,0,0,0,0,0,0,7,1,0,0,0,0,6,0,0,0,0,0,0,77,5,0,0,0,0,0,0,0,0,0,0,30,0,2,0,0,0,21,0,0,0,2,1,1,18,26,42,0,0,1,0,0,0,0,0,0,22,0,77,1,0,109,0,0,0,0,0,0,73,0,0,32,0,9,0,0,0,0,0,5,5,0,0,0,0,0,1,34,3,11,0,1,0,0,0,0,0,23,0,9,741,0,0,0,1,0,8,3477,0,0,70,0,0,0,0,0,4,36,0,0,0,0,174,0,0,46,0,15,0
"80",0,0,0,1,0,0,2,0,837,3,0,1,0,0,1,0,27,1,0,0,1,58,0,13,0,23,1,0,213,32,0,0,0,133,11,150,21,399,0,0,0,7,0,43,0,27,0,3,1,0,0,0,0,0,0,0,0,0,6,209,2,7,0,1,0,3,115,1,0,0,0,0,6,0,1,0,0,0,0,46,1,0,250,1,0,2,0,0,0,44,379,105,11,0,0,1,0,0,41,0,20,0,0,0,15,16,135,561,2,176,0,0,0,53,5,0,3,82,113,3,0,20,37,0,125,13,0,0,0,0,37,0,0,149,0,0,3,0,0,0,2,0,0,0,0,0,63,19,0,5,3,0,0,0,1,0,1,0,0,46,0,5,1,177,0,0,2,0,0,0,27,0,0,0,47,6,0,39,617,14,1,0,0,0,25,4,0,0,2,8,0,154,0,1,1,0,0,0,0,0,0,1,0,1062,0,63,0,0,0,10,1,0,16,9,0,0,0,292,127,0,0,15,0,0,0,0,0,0,4,8,68,0,0,271,0,0,0,6,3,0,1,0,1,0,0,0,0,51,1,0,1,7,37,0,40,37,1,0,20,2,4,13,0,3,0,0,0,25,185,11,0,36,23,0,1,0,0,2,45,65,0,0,355,0,0,0,0,0,0,71,0,0,0,3,80,0,5,46,0,80,0
"81",0,0,0,0,28,17,1,1,0,0,0,0,13,0,11,0,0,0,0,23,7,15,9,3,0,710,0,0,6,10,0,21,0,24,0,0,12,32,0,4,0,30,139,57,0,78,0,0,0,8,0,0,0,0,0,0,6,0,0,23,0,0,0,0,0,0,0,0,0,10,34,0,0,7,0,0,0,0,0,38,0,0,81,0,1,3,1,231,0,22,0,96,4,0,69,1,0,37,27,633,0,0,0,0,0,0,16,2728,0,0,0,183,0,8,104,0,0,0,36,0,0,0,0,1,14,0,0,0,1,0,1,3,0,0,0,0,1,1,1,0,6,4,102,0,0,105,0,0,0,2,23,4,0,0,0,0,0,0,0,23,0,0,0,0,0,1,0,0,0,0,11,0,6,0,0,0,0,22,26,0,0,0,30,0,2,0,0,1,0,0,0,25,1,0,0,1,0,0,0,0,0,0,1,0,306,8,2,0,18,5,0,0,0,3,1,0,75,0,116,0,115,0,0,0,0,13,197,0,11,0,23,0,0,88,18,0,0,41,0,0,0,0,0,14,3,0,0,0,0,0,49,0,0,5,35,1,0,0,6,71,0,0,0,3,8,0,0,0,0,205,19,1,129,0,0,0,0,0,3,1712,0,0,375,0,0,0,0,0,0,18,0,0,0,0,0,0,6,0,0,94,0
"82",0,2,0,0,0,0,2,21,0,0,0,1,0,870,39,0,0,0,0,0,12,28,0,0,0,156,1,0,0,0,597,0,0,24,0,0,3,117,1,0,2,0,0,54,0,107,0,0,0,0,0,0,0,0,24,0,0,0,0,67,0,58,0,0,62,0,4,0,0,0,25,0,0,122,0,0,0,0,0,62,0,0,3,0,119,0,1,0,0,40,0,0,6,4,66,0,0,0,38,0,4,33,0,1,36,0,183,167,11,0,0,0,0,36,1,0,0,1,14,0,0,0,0,0,169,238,0,0,0,0,32,124,0,0,0,0,4,0,0,0,0,0,0,0,1,0,0,0,0,0,16,81,0,0,0,0,0,0,48,184,0,0,1,0,0,0,0,0,0,0,0,0,0,0,0,0,0,0,47,0,0,0,0,0,3,0,1,0,0,1,0,11,0,0,3,0,0,0,0,0,0,15,0,0,0,0,0,0,0,0,0,0,0,0,0,0,0,0,0,16,0,0,89,78,0,3,88,0,54,0,11,0,0,152,0,0,0,0,0,1,2,0,465,0,0,0,0,0,1,0,6,0,0,0,0,0,0,0,3,4,0,0,0,0,0,0,0,181,15,33,0,5,278,0,0,0,0,0,0,2929,0,0,146,0,0,0,0,0,0,77,0,0,0,0,0,0,4,198,0,17,0
"83",0,19,0,0,0,0,3,0,0,0,0,0,0,0,11,0,0,0,0,0,0,35,0,0,0,2356,0,0,7,0,0,0,0,0,0,0,0,0,0,0,0,0,0,0,0,0,0,0,0,0,0,0,0,0,0,0,0,0,0,171,0,0,0,2,0,0,196,0,0,326,0,0,0,0,0,0,0,0,0,99,0,0,0,0,0,0,0,0,0,0,0,0,0,0,0,0,0,0,0,0,0,0,12,0,0,0,0,1055,0,0,0,0,0,62,0,0,118,0,0,11,10,0,0,1,0,0,0,0,2,0,0,0,0,0,0,0,0,0,0,0,0,0,0,0,0,0,3,1,1,0,0,0,0,27,0,0,0,0,0,0,0,0,0,0,0,0,4,0,0,4,0,0,0,0,0,0,0,0,0,2,0,0,0,0,0,0,0,0,0,0,0,54,3,0,0,0,4,0,0,0,0,0,0,38,1525,4,0,0,30,0,0,0,0,0,0,0,0,0,0,0,0,24,0,0,0,0,0,0,76,0,0,0,0,0,0,0,0,0,0,0,0,0,0,0,0,0,0,0,0,0,0,0,0,0,0,0,0,0,0,0,0,0,5,0,0,0,0,0,0,151,0,0,158,0,0,0,0,0,0,2935,0,0,0,0,0,0,0,0,0,0,0,0,0,0,0,0,0,0,0,0,0
"84",55,46,0,0,42,0,1,0,0,0,0,0,0,104,26,0,0,0,0,0,0,7,0,0,0,1,0,0,0,0,0,0,0,168,0,0,46,0,0,0,0,0,0,0,0,0,0,0,3,0,0,0,0,0,0,45,0,161,0,8,0,0,0,0,0,0,8,0,0,0,0,0,0,0,0,0,0,0,0,0,0,0,7,0,0,11,0,0,0,0,0,0,171,0,0,0,12,43,0,393,0,729,0,0,1,0,0,533,0,0,0,0,9,0,85,0,0,0,19,0,0,0,0,1,0,0,0,0,0,0,0,0,0,0,1,0,18,0,0,0,15,0,0,0,0,0,0,0,0,0,0,0,0,0,0,0,0,0,0,0,0,0,0,0,0,0,0,0,0,0,0,0,0,0,0,0,0,0,0,0,0,0,0,0,0,0,8,0,0,0,0,0,0,1,0,0,0,0,0,0,0,0,0,0,0,62,1,0,0,0,0,0,0,0,0,0,61,0,11,0,0,0,0,0,0,0,0,0,0,0,0,0,0,622,33,0,0,6,0,308,0,0,0,0,0,68,14,0,0,0,0,0,0,3,0,0,0,0,0,0,0,0,0,0,0,0,0,0,0,2992,0,0,492,0,0,0,4,0,0,1813,0,0,119,0,0,0,0,0,0,0,0,0,0,0,0,0,216,0,0,23,0
"85",0,0,0,0,0,0,37,3,0,0,0,0,42,0,21,0,0,0,0,0,0,0,0,0,0,59,0,0,106,0,0,0,0,150,0,0,16,0,6,0,67,0,0,0,4,0,0,0,0,0,0,11,0,0,9,19,0,244,0,0,0,0,0,0,0,0,0,0,0,0,0,0,0,0,0,0,0,0,0,0,0,0,0,0,0,0,0,0,0,0,0,0,7,0,0,0,6,0,34,149,0,704,19,0,0,0,0,152,1,0,0,0,0,0,9,0,0,0,0,44,0,0,0,0,23,0,0,0,0,0,0,0,0,0,0,0,3,0,0,0,0,0,95,0,0,796,0,0,0,0,0,0,0,0,0,0,0,1,0,0,0,0,0,0,0,0,0,0,0,0,0,1,0,0,0,0,0,0,0,0,0,0,0,0,0,0,0,0,0,1,0,1,0,0,0,0,0,0,0,0,0,1,0,0,0,0,0,0,0,3,4,0,0,0,0,0,0,0,8,0,0,0,0,0,0,0,0,0,1,0,0,0,0,811,0,0,0,49,0,156,1,0,0,0,0,0,0,0,1,0,0,0,0,0,0,0,0,0,0,5,0,0,0,4,0,1,0,0,0,1178,0,0,3717,0,22,0,0,0,6,233,0,0,76,0,0,0,0,0,0,0,0,0,0,0,0,0,501,0,0,37,0
"86",0,0,0,1,0,1,1,0,0,0,0,0,0,0,60,0,0,0,0,0,0,0,0,16,0,3052,0,0,30,34,0,0,0,0,0,0,0,0,0,0,43,0,0,40,0,0,0,0,0,0,0,0,0,0,0,0,0,0,0,0,0,0,7,0,0,0,0,0,0,0,0,0,25,19,0,0,0,0,0,0,0,0,0,0,0,0,0,1,0,0,0,37,147,0,0,0,259,0,0,0,0,102,0,0,0,0,0,1720,0,0,0,0,0,0,0,0,0,0,0,0,0,0,62,1,53,0,0,0,0,0,5,87,0,0,0,0,20,0,0,0,111,0,0,0,0,0,0,0,0,0,0,0,0,57,3,0,234,0,0,0,0,0,0,0,0,0,0,0,0,0,0,0,0,0,0,0,0,0,0,0,0,0,0,0,0,0,0,0,0,0,0,0,4,0,0,57,0,0,0,0,0,0,0,0,0,513,0,0,0,5,0,0,0,0,0,0,0,0,308,0,0,0,0,0,0,0,0,0,0,0,0,0,0,277,0,0,0,0,0,0,0,0,0,0,0,0,1,16,0,0,0,0,0,0,55,0,23,0,0,0,0,0,0,0,0,0,0,0,0,131,0,0,0,0,0,0,13,0,4,1990,0,3,0,0,0,0,0,3,0,0,0,0,0,0,5,0,9,0,0,6,0
"87",17,28,167,14,0,0,0,18,797,0,0,0,6,0,23,0,0,0,0,2,0,4,0,80,0,275,0,0,330,134,0,0,0,0,0,0,0,0,0,18,53,14,0,0,0,1,0,0,0,0,0,0,0,0,0,15,0,0,0,1,0,17,218,0,0,0,69,0,0,20,13,0,0,0,0,0,0,0,0,5,0,0,0,0,0,1,0,0,0,0,0,78,21,0,0,4,0,28,0,187,0,212,0,0,0,0,0,882,1,14,1,0,0,0,18,0,6,1,120,2,28,13,0,0,0,1,0,0,0,0,0,0,0,0,0,0,1177,3,0,0,7,0,0,0,0,0,0,0,0,61,0,0,0,0,0,41,0,0,0,0,0,0,0,0,0,2,0,0,0,0,6,0,0,0,0,0,0,0,6,0,0,0,0,0,0,0,0,0,0,0,0,22,40,0,0,0,0,5,0,0,0,0,0,0,1,61,0,0,16,99,3,0,0,0,0,0,0,0,465,0,0,0,0,0,0,0,0,0,1,0,0,0,3,574,0,0,0,0,0,0,0,0,0,0,126,3,0,0,1,0,0,0,0,0,0,12,4,0,1,0,0,0,12,0,0,0,0,0,0,11,0,0,370,215,0,0,0,0,0,1173,0,2,1,0,733,0,0,194,12,0,0,0,0,0,0,0,38,0,0,129,0
"88",0,0,0,1,0,0,2,13,0,4,0,0,1,0,4,0,0,1,0,0,108,1,1,34,0,770,3,0,4,8,0,252,0,1,0,0,0,67,0,0,1,0,0,6,0,1126,0,6,0,0,0,0,0,0,6,0,0,1,0,4,1,48,0,1,0,5,54,1,0,0,29,1,0,69,2,1,0,0,0,36,0,0,343,5,0,1,0,0,0,8,0,17,1,0,0,11,0,0,0,0,0,0,0,0,37,1,0,1858,1,139,0,0,0,23,1,0,7,57,14,0,0,25,5,0,15,6,0,0,0,88,0,118,0,0,0,0,8,0,0,0,3,0,0,1,0,0,6,15,0,65,9,0,0,4,1,0,0,1,0,54,0,3,1,302,0,2,1,2,4,0,29,0,1,0,0,9,0,72,71,0,18,0,10,0,7,0,0,0,0,1,84,23,1,0,1,0,0,0,0,0,0,0,0,826,0,7,0,0,0,2,39,0,11,0,0,3,106,7,0,1,0,28,4,1,0,0,0,202,0,0,78,0,0,60,0,0,6,0,3,1,1,0,0,0,1,0,0,0,1,6,134,7,15,0,36,2,8,0,0,13,5,0,0,2,1,0,0,0,43,1,0,0,1,0,0,0,1,2,3,1643,0,0,23,0,21,0,0,0,123,26,0,0,0,0,6,0,1,0,1,13,0
"89",0,19,0,1,103,3,1,0,10,0,0,0,0,191,3,0,0,0,5,0,107,17,0,2,0,220,9,0,6,31,397,0,0,1,3,0,12,63,0,0,0,65,0,133,0,1,0,16,0,0,0,1,0,0,89,25,0,59,0,229,1,35,5,0,16,25,12,0,0,0,140,0,0,316,0,0,0,0,0,21,0,20,2,0,28,1,0,0,0,96,0,63,3,0,0,0,0,0,11,119,0,0,0,2,7,0,162,80,11,0,2,0,95,64,43,0,15,0,1,16,0,28,0,0,140,0,50,0,18,0,38,26,0,0,0,0,6,0,0,0,0,0,0,0,0,0,33,35,0,27,5,31,0,9,1,0,0,0,0,46,0,5,0,141,0,0,0,0,3,0,5,0,0,0,0,0,0,615,35,0,0,0,0,1,3,0,1,0,2,1,0,34,0,0,100,0,0,25,1,0,0,1,0,19,0,1,0,0,8,1,0,31,0,0,0,0,0,181,167,0,99,13,59,8,0,0,0,0,68,0,98,0,2,13,0,0,2,0,0,0,1,0,33,0,1,45,0,0,1,11,0,7,31,0,9,1,1,0,8,12,2,0,0,1,105,0,0,0,154,75,0,26,27,0,0,0,34,2,3,2115,0,0,29,0,0,0,0,0,18,43,0,0,0,0,234,2,2,0,0,36,19
"90",0,0,0,0,0,0,3,38,0,0,0,3,0,1,3,0,0,1,0,98,32,38,0,1,1,1704,0,0,6,74,10,104,0,46,0,0,5,1,0,0,0,0,102,16,0,254,0,1,0,0,0,0,0,0,99,0,0,0,0,113,0,1,0,0,0,0,124,1,0,0,33,0,0,13,0,0,0,0,0,87,0,0,331,0,220,0,0,0,0,1,0,0,12,0,62,15,0,0,10,0,0,71,0,0,3,1,26,295,0,0,0,0,0,158,0,0,0,0,495,0,0,0,0,1,372,27,0,0,0,0,14,74,0,0,0,0,1,0,0,0,43,0,0,0,0,0,0,0,0,0,12,20,0,0,0,0,0,0,0,24,0,0,0,1309,0,0,0,0,0,0,9,0,0,0,0,0,7,12,0,0,0,0,0,0,0,0,0,3,0,18,0,37,1,0,95,0,0,0,0,0,0,0,0,0,0,35,2,0,1,1,27,0,0,18,6,0,73,0,183,0,0,21,0,0,0,60,0,0,60,4,58,0,0,93,33,0,0,0,0,0,0,0,0,0,0,0,0,1,127,0,21,3,0,0,3,14,4,1,12,13,0,0,0,0,41,0,0,0,0,0,0,228,1100,0,0,0,0,0,8,444,0,0,265,0,0,0,0,1,32,39,0,0,0,0,1,0,4,0,0,99,0
"91",46,117,0,0,0,6,1,0,0,0,0,0,10,0,11,0,5,0,0,0,0,8,0,0,0,3780,0,0,3,2,33,0,0,19,0,0,1,0,1,0,0,0,0,0,0,12,0,0,0,0,0,0,0,0,0,0,0,23,0,0,0,0,0,0,0,0,110,0,45,1,0,0,10,0,0,0,0,0,0,0,0,0,0,0,0,1,0,0,0,223,0,0,6,0,0,0,2,0,0,755,0,207,0,0,0,0,0,1,1,0,0,0,16,118,32,3,0,0,74,0,6,0,0,0,104,0,0,0,0,0,0,0,0,0,1,0,44,0,0,0,1,0,0,3,0,0,0,0,0,0,0,0,0,0,0,0,1,0,0,0,0,0,0,0,0,3,0,0,0,0,0,41,0,0,0,0,0,9,0,0,0,0,0,0,0,0,0,0,0,2,0,11,6,0,0,0,0,0,0,0,0,1,0,0,0,0,0,0,24,1,5,0,0,0,0,0,0,0,1,0,0,0,0,0,0,0,0,0,75,0,0,0,0,1347,0,0,0,0,0,1,0,0,0,0,1,0,0,0,6,0,0,0,0,0,3,4,0,0,0,0,0,0,0,1,1,0,0,0,0,1062,0,0,70,0,0,0,0,0,0,450,0,0,254,0,0,0,0,0,0,0,0,0,0,0,94,0,3,0,0,107,0
"92",0,0,0,0,15,0,34,0,0,0,5,4,0,0,0,0,0,0,0,3,62,53,0,13,0,4000,0,0,163,0,0,0,0,181,0,0,11,0,0,0,0,0,0,83,0,0,0,1,0,0,0,0,0,0,6,1,0,0,0,6,0,0,0,0,0,0,27,0,0,0,23,0,0,9,0,0,0,0,0,35,15,7,36,0,0,0,0,0,0,70,1119,4,7,0,0,9,0,0,10,0,0,0,0,0,1,32,41,416,0,358,0,0,0,1,0,0,0,0,0,0,0,0,0,0,32,47,0,20,1,0,120,220,0,5,0,0,0,0,0,0,0,0,0,0,18,0,0,1,0,0,0,6,0,7,15,0,0,0,0,65,0,0,0,0,0,0,0,0,0,0,6,0,0,0,0,0,0,3,70,0,0,0,0,0,17,0,0,0,0,0,0,38,0,0,0,0,0,0,0,0,0,0,0,20,0,8,0,3,0,28,0,6,0,0,2,0,138,23,1,4,1,0,0,6,0,0,0,0,9,1,0,1,0,1056,0,0,0,0,0,0,0,0,0,1,0,14,0,1,0,0,0,7,8,0,9,0,0,0,1,0,0,0,0,5,56,0,0,0,8,0,0,8,0,0,0,0,0,1,8,0,0,0,78,0,0,0,0,0,0,116,0,0,0,0,11,9,172,6,0,0,24
"93",0,0,0,0,0,0,36,34,0,0,0,0,0,1,3,0,0,0,0,0,0,0,0,0,0,876,0,0,32,0,0,0,0,0,14,0,13,157,0,1,0,0,0,76,0,11,0,0,4,0,6,0,0,0,0,0,0,1,0,0,0,0,0,0,0,3,178,0,62,0,158,0,27,0,0,1,0,0,0,64,0,35,0,0,0,0,0,0,0,90,1,104,13,0,0,0,0,0,30,0,0,0,0,1,3,0,0,0,0,0,0,0,0,84,0,0,11,0,0,1,0,0,0,1,53,0,0,0,0,45,64,0,0,0,0,0,4,0,0,0,0,0,0,0,0,0,0,0,0,0,9,0,0,0,1,0,0,0,0,0,0,0,0,473,0,0,0,0,0,0,0,0,2,1,0,0,0,74,52,0,0,0,0,0,0,0,0,0,0,18,0,195,2,0,29,0,0,1,0,0,0,0,0,0,0,198,0,0,0,130,0,0,0,0,66,0,35,77,0,0,0,45,0,0,0,0,0,0,63,8,231,0,0,3668,0,0,0,0,0,0,0,0,0,0,0,0,7,0,0,19,0,0,0,0,55,215,0,1,0,0,0,0,1,0,1,0,0,0,4,98,0,0,148,0,1,0,6,0,19,392,0,0,124,0,0,0,0,0,12,0,0,0,0,0,127,0,0,0,0,172,0
"94",126,0,0,0,0,0,0,0,48,0,0,0,71,0,0,0,0,0,0,0,0,0,0,0,0,1,0,0,0,317,45,0,0,120,0,0,0,1,0,0,0,0,0,0,0,62,0,0,0,0,0,1,0,0,13,21,0,60,0,0,0,0,0,0,9,0,16,0,73,14,221,0,0,0,0,0,0,0,0,0,0,0,0,0,0,1178,65,0,2,0,1,1,43,0,0,0,0,30,37,141,0,0,0,0,0,2,0,202,20,0,0,0,1,1,11,0,49,0,26,2,30,50,0,0,0,0,0,0,0,0,95,0,0,0,0,0,1,0,0,0,79,16,0,0,0,0,0,0,0,0,0,0,0,12,2,0,0,0,0,0,0,0,0,529,1,0,0,0,0,0,0,0,0,0,0,0,0,0,1,0,0,0,0,0,0,0,0,0,0,9,0,0,0,0,0,0,0,1,0,0,0,1,0,0,0,0,0,0,0,20,0,0,0,0,0,0,0,0,0,0,0,0,0,0,3,69,0,0,0,0,1,0,3,21,0,0,0,0,0,0,2,0,0,0,184,0,0,0,1,0,0,0,0,0,0,344,72,0,0,51,0,0,0,0,0,0,0,0,0,15,0,0,2582,0,1,0,0,0,0,4,0,1073,0,0,0,0,0,0,0,0,0,0,0,7,88,0,0,0,0,94,0
"95",0,0,0,0,0,0,1,0,0,7,5,0,0,356,3,0,0,0,0,0,58,1,0,0,0,1913,0,0,14,0,0,0,0,4,0,0,132,79,0,0,0,0,0,20,0,10,183,0,0,0,0,0,0,0,88,0,0,0,0,345,0,13,0,0,0,1,0,0,0,0,9,0,1,5,0,0,0,0,0,77,0,0,0,0,45,0,0,0,0,45,758,0,0,0,0,0,0,0,26,0,0,0,0,0,1,0,159,2055,0,0,0,53,0,11,0,0,0,0,13,0,1,0,0,0,9,0,0,0,0,0,7,50,0,0,0,0,0,0,0,0,0,0,0,0,0,0,0,7,0,0,7,0,0,0,0,0,0,0,0,3,0,0,0,425,0,0,8,0,0,0,0,0,1,0,0,0,0,8,0,4,0,0,0,0,0,0,0,0,65,0,0,4,0,0,0,0,0,1,0,0,0,0,0,34,0,15,0,0,0,13,0,0,0,0,1,0,27,11,0,0,0,0,0,0,0,0,0,0,23,0,33,0,0,161,0,23,0,0,0,0,31,0,0,0,0,0,1,0,0,0,0,0,3,0,5,0,0,5,4,8,0,0,0,0,0,0,0,0,9,0,0,0,117,0,0,0,0,0,1,2036,0,0,1,0,0,0,0,0,0,10,0,0,0,0,62,0,6,0,0,12,52
"96",0,0,0,0,0,0,13,0,0,0,0,0,0,0,0,0,0,0,0,0,6,5,1,1,0,2416,0,0,1,0,0,0,0,49,0,136,131,31,0,1,0,0,0,0,2,24,0,0,0,1,0,0,0,0,0,0,0,0,0,0,0,6,9,0,22,7,125,0,0,29,0,0,0,0,0,0,0,0,0,1,0,0,0,0,0,0,0,0,3,42,34,0,210,0,0,4,0,0,60,28,7,0,0,0,0,0,1,1613,0,0,0,0,0,73,0,0,1,11,0,0,0,0,7,1,296,6,0,0,1,0,0,7,0,1,0,0,0,0,0,0,0,0,0,0,0,0,0,0,0,3,0,0,2,0,3,0,0,0,1,74,0,0,0,1,0,0,0,3,0,0,0,0,1,0,0,0,0,54,9,0,0,0,0,1,0,0,0,0,0,0,0,13,0,0,0,0,0,0,0,0,0,0,0,0,0,0,0,0,0,6,0,0,1,0,1,0,0,0,0,0,0,0,0,0,0,31,0,0,0,0,77,0,0,967,0,0,0,0,0,0,0,0,0,0,0,0,0,0,0,0,35,0,0,0,0,0,0,0,0,0,0,0,0,1,0,0,0,0,0,449,0,0,388,0,1,0,0,0,4,1828,0,0,0,0,0,0,0,0,0,0,0,0,0,0,116,0,0,0,0,37,1
"97",60,25,0,0,84,0,0,0,0,0,0,0,15,0,70,0,0,0,0,0,0,0,0,0,0,1710,0,0,25,0,0,0,0,39,0,0,4,0,0,0,0,0,0,0,0,311,0,0,0,0,0,3,0,0,0,0,0,0,0,0,0,0,0,0,0,0,0,0,0,0,0,0,10,0,0,0,0,0,0,55,0,5,5,0,0,0,0,0,0,68,5,0,218,0,0,51,0,44,32,1401,0,0,0,0,0,0,0,102,0,30,0,0,0,1084,56,0,11,0,92,0,0,0,0,1,131,0,186,0,0,0,22,92,0,0,0,0,4,0,0,0,27,0,0,0,0,0,0,0,0,1,9,0,1,0,3,0,0,0,0,20,0,0,0,322,0,0,0,0,0,0,0,0,0,0,0,0,0,0,77,0,0,0,0,0,0,0,0,0,0,0,0,196,0,0,0,0,0,1,0,0,0,0,0,0,0,5,0,0,0,6,0,0,0,0,0,0,0,0,0,0,0,0,0,0,0,0,0,0,13,0,59,0,0,377,0,0,0,0,0,0,0,0,0,0,0,10,0,0,0,0,0,0,0,0,3,1,0,0,0,0,3,0,0,0,0,0,0,0,0,13,0,0,324,0,0,0,0,0,0,2093,0,0,175,0,0,24,0,0,0,0,0,0,0,0,46,0,97,0,0,103,0
"98",0,0,0,5,13,0,1,0,669,0,11,4,0,0,53,4,0,0,0,0,0,36,0,0,0,1648,0,0,19,0,318,0,0,34,4,0,6,132,0,0,0,26,0,0,0,16,0,0,0,0,0,0,0,0,0,9,0,37,4,1,0,0,178,1,221,0,23,0,0,1,12,0,0,1,0,0,0,0,0,1,0,3,1,0,0,0,0,0,0,0,377,5,21,0,0,0,0,0,7,107,6,0,24,1,0,1,1,720,1,4,2,2,0,0,10,54,0,1,24,0,18,7,0,0,538,1,0,0,0,0,0,0,0,9,1,0,0,0,0,11,3,0,0,1,0,0,40,9,0,0,31,3,0,7,0,0,0,0,99,5,0,0,0,1,0,2,0,0,0,111,0,0,1,0,0,0,0,16,330,0,0,0,0,0,4,0,0,0,0,1,2,25,0,0,1,0,0,0,0,0,0,10,0,1,0,13,0,0,0,0,0,0,0,4,0,0,42,0,0,0,36,1,0,0,0,0,0,0,0,0,7,1,0,45,0,0,3,27,0,0,1,0,0,0,0,0,0,0,1,0,8,0,18,0,0,4,1,0,21,0,2,0,0,1,1,0,0,23,61,320,0,0,24,0,0,0,0,1,0,2007,1,0,18,0,0,0,0,0,13,39,0,0,0,0,28,29,0,13,0,153,0
"99",0,9,0,0,0,0,0,0,0,0,0,0,0,0,0,0,20,0,0,0,0,21,0,11,0,3818,0,0,0,0,8,0,0,45,0,0,0,0,0,0,0,0,0,0,0,0,0,0,0,0,0,0,0,5,0,0,0,0,22,1,0,0,0,0,0,0,0,0,0,21,0,0,0,0,0,0,0,0,0,3,0,0,0,0,0,31,0,0,0,0,0,0,0,0,0,0,0,0,0,0,0,31,0,0,0,0,0,351,0,0,0,0,0,0,0,0,0,18,113,0,0,0,0,0,0,0,0,0,0,0,0,0,0,0,0,0,0,0,0,0,51,0,0,0,0,0,2,0,0,7,0,0,0,11,0,0,0,0,0,0,0,0,0,0,0,0,0,0,0,0,5,0,0,0,0,0,0,0,0,0,0,0,0,0,0,0,0,0,0,0,0,0,13,0,0,0,0,0,0,484,0,0,146,0,0,10,0,0,0,0,6,0,0,0,0,0,0,0,545,0,0,0,0,0,0,0,0,0,0,0,0,0,0,178,0,0,0,12,0,0,0,0,0,0,4,3,82,1,0,0,0,0,0,0,0,32,9,0,0,0,0,0,0,4,0,0,0,0,0,10,0,0,447,0,0,0,0,0,0,2084,0,1097,0,0,0,0,0,0,0,0,0,0,0,0,0,0,5,0,0,244,0
"100",10,1,0,0,33,0,0,0,8,0,0,0,9,0,1,0,0,16,0,0,21,40,0,1,0,2141,0,0,19,19,14,0,0,0,0,0,1,0,0,0,0,7,0,0,0,43,0,0,0,0,0,59,2,0,0,6,0,0,0,54,0,0,0,0,0,0,211,0,0,0,41,0,0,0,0,0,0,0,0,5,0,13,7,0,0,34,0,0,0,0,0,5,1,0,0,5,0,69,0,594,0,67,7,0,6,0,0,7,1,2,0,0,0,62,13,2,4,1,4,2,0,0,0,0,88,4,57,0,0,0,0,0,0,0,0,0,3,0,0,0,12,0,31,0,0,1,0,3,0,0,0,0,1,15,11,0,1,0,3,61,0,0,0,0,19,0,0,0,0,0,0,0,1,0,0,0,0,0,30,0,0,0,0,0,0,0,0,0,0,0,3,0,0,0,0,0,0,1,0,0,0,1,0,379,0,17,0,0,0,1,0,0,0,0,0,0,60,0,1,0,0,0,0,2,1,0,0,0,25,0,26,0,0,2220,0,0,1,0,0,50,0,0,28,0,75,181,0,0,1,0,0,0,0,0,6,26,12,0,0,4,0,0,0,0,0,0,0,0,0,3,0,0,447,0,0,0,31,0,0,1939,0,0,39,0,0,0,0,0,21,5,0,0,0,0,0,0,22,0,0,105,0
"101",14,0,0,0,0,0,0,0,57,0,0,0,0,0,0,0,71,0,0,0,0,0,0,1,0,2891,0,0,0,5,0,0,0,51,0,0,0,0,0,0,0,31,0,0,0,0,0,0,0,0,0,0,0,0,1,29,0,0,0,74,0,0,0,0,514,0,207,0,1,94,0,0,0,0,0,0,0,0,0,0,0,16,287,0,0,38,0,0,0,11,1,4,0,0,0,0,1,106,0,360,0,571,0,0,0,0,15,521,0,0,0,0,0,73,60,0,0,0,57,0,0,0,0,1,161,125,0,0,0,0,0,0,0,0,0,0,0,0,0,0,0,0,63,0,0,0,0,13,0,0,41,0,0,7,0,0,0,0,24,0,0,0,0,0,0,0,0,0,0,0,0,0,0,0,0,0,0,0,9,0,0,0,0,0,0,0,0,0,0,0,0,0,0,0,0,0,0,0,0,0,0,0,0,5,0,0,0,0,0,0,0,0,0,0,0,1,0,20,0,0,0,25,0,7,0,2,0,0,10,0,0,0,0,1414,0,0,0,0,0,159,0,0,0,0,165,0,0,0,0,0,0,0,0,0,0,0,0,0,0,0,0,0,0,0,0,0,0,0,0,60,0,0,534,0,0,0,0,0,0,18,0,0,94,0,0,0,0,0,13,0,0,0,0,0,52,0,392,0,0,5,0
"102",0,1,0,0,0,0,1,0,0,0,0,0,1,0,0,0,0,0,0,0,0,0,0,0,0,4313,0,0,5,15,0,0,1,0,0,0,0,159,0,0,0,0,0,0,0,0,0,0,0,0,0,0,0,0,11,0,0,0,0,0,0,0,0,0,0,0,0,0,0,0,0,0,0,0,0,1,0,0,0,0,0,0,65,0,0,4,0,0,0,0,0,44,0,0,0,0,0,0,0,0,0,0,19,0,0,0,0,0,0,0,0,0,0,0,0,0,0,15,129,0,0,0,0,1,0,0,0,0,0,0,3,0,0,0,0,0,179,0,0,0,13,0,0,0,0,0,49,0,0,0,0,0,0,0,137,0,0,0,0,0,0,0,0,0,0,0,0,0,0,0,0,0,0,0,0,0,0,32,0,0,0,0,0,0,2,0,0,0,0,0,0,0,1,0,0,0,0,1,0,0,0,0,0,0,0,3,3,0,0,1,0,0,0,0,0,4,0,0,4,0,54,0,0,0,0,0,0,0,0,0,0,1,0,0,0,0,0,0,0,20,0,0,0,0,0,0,0,0,0,0,0,0,14,0,39,16,9,1,0,0,0,0,0,3,0,0,0,0,0,1,0,0,21,0,0,0,0,0,0,3973,1,1,0,0,0,0,0,0,0,0,0,0,0,0,31,0,7,0,0,0,0
"103",0,0,0,0,0,1,7,0,0,0,0,0,1,0,28,0,0,0,0,0,0,0,0,1,0,2380,0,0,6,15,0,0,0,56,0,0,2,32,0,0,0,0,0,0,0,467,0,0,0,0,0,0,0,0,0,0,0,1,0,0,0,0,1,0,0,0,0,0,0,0,0,0,0,0,0,310,0,0,0,92,0,0,0,0,0,0,0,0,0,0,0,13,7,0,0,0,0,0,0,0,0,58,0,0,0,0,0,141,0,0,0,0,0,0,0,0,0,1,234,43,0,0,4,0,0,0,0,0,0,0,0,2,0,0,0,0,1,0,0,0,7,0,0,0,0,0,6,0,0,0,0,0,0,0,0,0,1,0,0,0,0,0,0,0,0,0,0,0,0,0,0,0,1,0,0,0,0,0,0,0,0,0,0,0,0,0,0,0,0,18,0,423,3,0,0,7,0,0,0,2,0,1,0,0,0,16,0,0,0,5,66,0,0,0,0,0,0,0,136,0,0,0,0,0,0,0,0,0,0,0,0,0,0,242,0,0,0,1,0,0,0,0,0,0,6,0,0,0,19,0,0,0,6,1,4,26,8,0,0,0,0,0,0,13,1,0,0,0,49,511,0,0,7,1,0,0,0,0,3,3920,0,0,203,21,0,0,0,0,0,0,0,0,0,0,0,0,27,0,0,0,0
"104",36,0,0,0,0,0,0,0,48,0,0,0,0,0,43,0,0,0,0,0,0,14,41,0,0,3614,0,0,68,0,0,7,0,21,0,0,0,0,0,0,0,0,0,36,0,5,0,0,3,0,0,0,0,0,0,0,0,0,23,0,0,0,0,0,4,0,49,0,0,81,0,0,0,0,0,0,0,0,0,0,0,0,0,0,0,1,0,0,0,0,0,0,0,0,0,1,0,42,0,0,0,0,0,0,1,0,107,40,0,0,0,103,0,263,0,0,0,0,379,15,46,0,0,1,8,416,4,0,0,0,66,0,0,0,0,249,0,0,0,0,0,0,0,0,0,0,0,0,0,0,2,0,0,0,0,0,0,0,0,53,0,0,0,0,0,0,0,5,0,0,0,0,3,0,0,0,0,15,124,0,0,0,0,0,0,0,0,0,0,0,0,361,0,0,0,0,0,0,0,0,0,0,0,4,580,0,0,0,7,0,0,0,0,0,0,0,1,0,0,0,0,0,0,0,0,0,0,0,46,0,74,0,0,106,0,0,0,0,0,0,0,0,0,0,3,0,0,0,0,0,4,0,0,0,0,0,0,0,0,0,0,31,0,10,0,0,0,70,0,172,0,0,123,0,0,0,0,0,0,1730,0,0,117,0,0,0,0,0,0,14,0,0,0,0,29,0,0,74,0,130,0
"105",0,6,1,0,0,0,0,0,0,0,12,0,0,0,26,0,0,0,0,0,0,39,0,0,0,2488,0,0,0,0,31,0,0,131,3,0,11,11,1,0,0,0,0,0,0,343,0,0,0,0,1,0,0,0,33,1,0,0,0,68,1,0,0,1,0,0,4,0,0,0,0,0,0,0,37,0,0,0,0,105,0,9,0,0,0,4,0,0,0,82,135,3,0,0,0,0,0,0,103,0,0,34,0,0,1,0,0,942,0,4,0,0,0,0,0,0,0,0,86,0,0,0,0,1,838,0,165,0,0,0,0,429,0,0,0,0,0,0,0,0,0,0,0,0,0,0,0,0,1,0,19,80,2,0,1,0,0,0,0,19,0,0,0,0,0,0,0,0,0,3,0,0,0,0,0,0,0,34,10,0,0,0,0,0,0,0,4,0,0,0,0,14,0,0,115,0,0,1,0,725,0,0,0,8,1068,13,0,0,1,0,0,0,0,0,1,0,76,0,0,0,0,0,0,0,0,0,0,0,34,0,157,0,0,97,0,0,1,0,0,20,0,0,0,0,3,6,0,0,0,0,0,0,41,0,1,0,6,0,5,0,0,0,0,5,14,0,0,0,0,194,0,0,0,15,0,0,0,0,5,443,0,0,273,0,0,0,0,0,0,35,0,0,0,2,55,0,3,0,0,74,0
"106",0,0,0,0,4,0,0,0,0,0,0,0,0,0,0,0,0,0,0,0,87,78,0,0,0,1017,0,0,11,2,112,45,2,167,0,0,2,479,0,0,0,0,0,241,0,350,0,3,0,0,0,0,0,0,32,0,0,0,0,206,2,0,0,0,0,0,24,0,0,0,26,1,0,108,0,50,0,0,0,278,0,0,522,3,41,2,0,0,0,46,0,0,0,0,0,0,0,0,876,0,0,0,2,1,0,0,0,88,1,0,0,71,0,33,6,0,5,0,94,0,0,98,0,0,359,0,0,9,24,0,94,125,0,0,0,0,1,0,0,0,18,0,0,1,0,0,12,5,0,0,46,0,0,0,1,0,0,1,1,351,0,0,1,0,0,0,2,0,0,1,0,0,0,0,0,0,0,0,30,16,83,0,0,1,10,0,0,0,0,0,2,3,0,0,1,0,0,1,0,0,0,1,0,51,0,19,11,0,0,0,1,83,9,0,73,0,147,188,0,0,0,3,0,0,0,14,29,0,34,0,0,0,0,553,0,0,5,0,0,1,2,0,0,0,2,0,1,0,1,0,0,0,22,0,5,1,0,12,7,64,0,0,0,16,1,0,0,0,0,1,0,52,47,0,0,0,0,0,19,926,3,0,320,0,0,0,0,0,0,41,0,0,0,0,0,2,0,0,0,104,0
"107",0,0,0,0,0,0,0,0,0,0,0,0,1,0,1,0,0,1,0,0,6,26,0,0,3,1445,0,0,2,34,43,0,0,26,0,0,1,0,1,0,0,0,0,45,0,4,0,0,0,0,0,0,0,0,2,0,0,0,0,37,0,0,0,0,0,1,11,0,0,0,31,0,0,7,0,1,0,0,0,6,0,0,0,0,20,2,3,0,0,120,0,0,0,0,0,0,0,0,33,0,0,30,11,3,0,0,156,0,7,0,0,0,0,174,30,0,4,2,32,2,6,26,0,0,0,0,0,0,0,0,0,18,0,0,0,0,8,0,0,0,58,0,0,0,47,0,0,7,0,0,0,1,0,0,1,0,0,0,5,28,0,0,0,8,0,0,0,0,0,0,0,0,0,0,0,0,0,31,0,0,1,7,0,1,0,0,1,1,0,1,0,31,0,0,1,0,0,0,0,0,0,0,0,0,0,8,7,0,0,0,0,0,0,0,0,0,138,22,0,0,0,0,1,0,0,56,0,0,106,6,19,0,2,73,0,8,0,0,0,4,2,0,87,0,1,0,0,0,1,0,0,0,0,0,0,1,4,0,3,6,0,0,0,4,19,0,0,45,0,627,0,0,2056,1854,0,0,0,1,0,1523,0,0,59,0,0,1,0,0,10,0,0,0,0,0,39,0,0,0,0,0,0
"108",0,0,0,0,35,0,0,19,482,0,0,6,4,188,3,0,0,0,0,1,88,0,0,1,23,1709,13,0,0,0,229,0,0,71,0,0,19,72,0,3,3,20,0,43,3,64,0,0,0,1,0,0,0,0,0,12,0,11,0,264,0,33,6,0,1,24,112,0,0,0,91,0,0,17,506,0,0,0,0,56,0,0,0,0,19,0,0,0,0,125,0,1,2,0,0,0,1,0,35,132,3,0,0,0,0,0,117,69,1,0,1,2,0,0,0,0,0,1,226,0,0,86,54,0,0,0,1,0,0,0,0,40,0,0,0,0,1,0,0,13,1,0,0,0,0,0,0,0,0,0,0,0,0,0,0,6,0,0,102,4,0,0,0,715,1,1,0,0,0,0,0,0,1,0,0,0,0,0,296,0,0,0,0,0,0,1,0,0,0,1,0,29,0,0,88,4,0,0,0,32,0,1,0,0,0,0,0,0,0,0,0,0,0,0,0,0,36,0,0,37,0,0,0,0,0,0,0,0,64,0,129,0,0,89,0,0,0,0,0,1,0,0,38,0,0,0,0,0,1,0,202,0,0,0,0,0,2,0,0,0,3,0,0,0,0,0,0,0,0,4,7,0,34,0,3,0,3,0,0,970,0,1,268,0,0,0,0,1,58,0,0,0,0,0,58,0,0,0,0,445,0
"109",0,14,0,0,25,5,0,15,0,0,0,0,32,330,127,0,0,0,0,2,0,0,0,0,0,225,0,0,97,0,182,0,4,31,0,0,1,2,0,0,0,81,0,206,4,9,0,0,0,0,38,7,0,0,0,75,0,0,22,1,0,0,0,0,0,0,10,0,0,0,104,0,12,0,971,0,0,0,0,1,0,2,13,4,0,0,0,0,0,92,0,0,0,0,0,0,0,33,20,280,0,0,0,0,0,0,0,369,4,1,1,9,0,1,37,0,4,0,14,44,0,75,0,0,0,0,1,4,0,76,23,79,0,0,0,204,1,0,0,11,7,0,0,2,0,0,66,7,0,0,25,0,0,0,0,0,0,0,71,68,0,0,0,0,0,2,0,0,0,0,0,0,1,0,0,0,0,0,30,0,0,0,0,0,4,0,0,0,0,4,0,1,0,0,1,0,21,4,0,0,0,51,0,344,0,0,0,0,0,0,0,0,6,0,0,0,53,0,0,0,0,33,0,0,0,0,1,0,38,8,8,0,0,57,0,0,0,0,0,66,1,0,0,0,0,0,0,0,2,0,0,0,28,0,3,0,0,4,0,0,0,0,0,3,6,0,0,0,99,328,0,0,849,0,0,0,0,0,11,1647,1,0,42,0,0,18,0,0,35,2,0,0,8,0,0,0,5,0,0,49,0
"110",158,0,0,0,29,0,0,0,0,0,0,0,3,185,236,0,1,0,0,0,0,0,0,0,0,720,30,13,75,0,0,0,0,45,3,0,3,0,0,0,32,20,13,0,0,0,0,0,0,0,0,0,0,0,8,9,0,0,0,1,0,0,0,0,0,0,0,0,0,0,41,0,62,0,0,1,0,0,0,0,0,0,194,0,27,1,0,0,0,0,0,0,1585,0,26,0,3,21,0,346,0,0,0,0,0,1,104,169,1,0,0,0,0,45,49,0,3,0,10,6,7,9,0,0,0,1,0,0,0,0,1,107,0,0,1,0,44,0,0,0,26,0,0,2,0,1,0,39,0,0,0,0,0,0,0,0,1,0,0,0,0,1,0,0,0,0,0,0,0,0,0,0,0,0,0,0,0,0,0,0,0,0,0,0,0,0,0,0,0,1,0,6,0,0,0,0,0,0,1,0,0,1,0,1316,0,8,0,0,18,132,1,0,0,0,0,0,0,93,161,0,0,17,0,0,0,0,7,0,0,0,133,2,0,527,1,0,0,2,0,8,1,0,0,0,1,16,0,0,1,0,0,0,0,0,0,4,0,2,0,6,0,0,0,1,0,1,0,0,0,72,0,0,573,0,0,0,0,0,0,1649,0,0,130,0,0,0,0,0,0,6,0,0,0,0,0,0,14,0,0,15,0
"111",125,0,0,0,0,0,0,2,15,0,0,2,23,614,8,0,0,0,0,3,11,41,9,0,0,890,43,0,11,0,0,8,0,56,0,0,9,17,0,0,4,24,0,4,0,7,0,52,0,0,0,0,0,0,25,17,0,0,0,313,0,1,0,0,0,14,242,0,0,0,54,2,4,6,0,0,0,0,0,15,188,55,11,0,11,2,33,0,0,20,0,0,0,2,0,0,0,24,1,167,0,0,0,10,23,1,3,32,1,26,0,2,0,8,23,0,22,0,101,29,20,41,0,0,89,5,0,0,0,0,2,3,0,0,0,0,1,1,0,0,3,0,0,0,0,0,268,2,0,0,37,17,0,57,1,0,0,0,18,15,0,0,3,1,0,0,1,0,0,0,0,0,0,0,0,0,0,1,816,0,17,0,0,0,3,0,0,0,0,0,0,21,0,0,1,0,0,1,0,0,0,0,0,386,0,143,0,0,0,0,0,0,24,4,24,0,169,46,0,8,0,32,0,0,0,60,1,0,13,33,58,0,2,119,0,4,0,0,0,2,2,0,208,0,3,0,0,0,1,0,3,0,19,1,6,5,29,0,13,2,2,0,0,1,0,0,0,0,71,14,0,15,118,0,0,0,0,0,27,676,0,0,1032,0,0,0,0,1,42,77,0,0,0,0,20,0,3,39,0,357,5
"112",0,0,1,16,0,0,0,0,0,0,0,0,0,0,22,0,0,0,0,1,0,0,0,0,0,1964,13,0,36,0,119,0,0,0,2,0,20,0,9,0,0,0,0,67,0,0,0,0,0,0,0,0,0,0,0,0,0,0,0,31,0,0,0,0,0,0,73,0,0,0,0,0,0,0,1,1,0,0,0,0,0,3,361,0,0,0,0,0,0,0,29,14,0,0,0,1,1,0,0,0,23,0,0,0,0,0,0,420,0,0,0,0,0,0,0,0,0,0,57,0,0,0,0,0,0,0,1117,0,0,7,42,0,0,0,0,0,13,0,0,0,0,0,0,0,0,0,0,0,0,1,13,0,0,0,0,0,0,0,0,0,0,0,0,0,0,0,0,0,0,129,0,0,0,0,0,0,0,0,32,1,0,0,0,0,0,0,0,0,0,18,0,0,0,0,0,0,0,3,0,102,0,0,0,65,1,7,0,1,0,14,1,0,0,0,0,0,40,35,102,0,0,68,0,0,0,0,0,0,6,5,0,1,0,1282,0,0,0,0,0,0,0,0,0,0,3,0,0,0,0,0,0,0,0,0,0,5,1,0,0,13,0,14,0,0,0,0,0,41,0,0,0,0,238,1,0,0,0,0,26,2672,0,0,244,0,0,1,0,0,7,0,0,0,0,0,0,0,0,0,0,182,0
"113",207,0,0,0,22,6,1,0,36,0,0,3,19,0,0,0,0,0,0,1,0,40,0,3,2,1963,0,0,0,142,14,147,0,37,0,0,0,1,0,0,0,67,0,0,0,15,0,11,0,0,0,1,0,9,0,20,0,0,0,23,1,0,0,0,0,0,4,0,0,19,0,0,7,13,0,0,0,0,0,1,0,0,1,0,46,0,0,0,0,47,0,7,0,86,0,4,0,29,9,112,0,0,0,0,0,5,82,53,0,14,0,0,0,113,134,0,42,0,201,0,9,61,0,1,1144,4,0,0,56,0,0,106,0,0,0,0,16,0,0,0,6,0,107,0,0,0,48,49,0,0,22,0,0,19,1,0,0,0,52,32,0,0,0,0,0,0,7,0,0,0,5,0,0,0,0,0,0,0,81,1,0,0,0,0,7,0,0,83,0,0,1,51,0,1,1,0,4,0,0,0,0,0,0,0,0,2,0,0,0,21,0,0,0,3,0,0,14,0,233,0,0,19,0,0,0,0,0,0,0,0,0,0,0,35,0,0,3,0,0,0,0,0,0,0,0,9,0,0,0,0,0,3,0,0,12,9,0,0,0,0,1,0,0,8,0,0,0,0,11,12,0,78,2959,0,0,1,0,0,0,429,0,0,470,0,0,0,0,0,13,0,0,26,0,0,14,0,4,0,0,52,0
"114",0,0,0,0,0,0,4,7,0,0,9,0,0,0,8,0,0,0,0,0,0,196,0,0,25,0,0,0,0,97,420,0,0,543,0,0,0,0,0,1,0,0,0,0,0,0,0,8,0,0,0,0,0,0,42,0,0,4,0,411,0,0,0,43,0,4,0,0,0,0,0,1,1,6,0,0,0,0,0,0,0,0,0,0,0,0,0,0,0,0,0,0,8,0,0,0,0,0,0,0,0,0,0,0,0,0,0,1301,0,0,0,0,0,0,0,0,0,15,584,0,0,0,0,0,83,0,0,0,0,0,0,0,0,0,0,0,3,0,0,0,45,0,0,0,0,0,49,1,0,0,0,0,0,77,0,0,0,0,0,0,0,0,0,0,0,0,0,0,0,0,12,0,142,0,118,0,0,0,1025,1,0,0,0,0,32,0,0,0,0,0,0,0,0,0,0,0,0,3,0,0,0,0,0,0,0,49,0,0,0,0,0,0,0,0,0,1,547,83,4,0,0,48,0,0,0,0,0,0,0,3,0,0,0,0,0,0,0,0,1,0,0,0,0,0,0,0,0,0,0,0,0,0,23,0,69,0,0,0,0,0,35,0,0,10,0,0,0,0,3,971,0,0,218,0,0,7,0,4,15,0,0,0,427,0,0,0,0,0,578,94,195,0,0,0,73,63,0,0,0,0,0
"115",0,0,0,0,27,0,0,0,20,0,0,0,0,0,17,0,1,0,0,0,0,1,0,3,0,519,14,0,12,80,0,0,0,7,0,0,1,0,0,0,0,41,0,0,0,20,0,5,0,0,0,0,0,0,0,17,0,0,8,33,0,0,0,0,0,0,139,0,0,0,0,0,3,0,0,0,0,0,0,15,0,4,128,0,0,22,1,0,0,0,10,95,0,0,0,10,0,12,1,137,0,608,0,3,0,7,0,152,0,21,0,0,0,0,38,0,8,11,58,0,0,46,0,0,5,39,1,0,0,29,0,0,0,1,0,0,6,0,0,0,19,0,60,0,0,1,0,10,0,0,0,0,3,4,3,0,0,0,1,9,0,0,0,0,0,0,0,0,0,0,2,0,1,1,0,0,0,1,0,1,0,0,0,0,0,0,0,0,0,0,0,12,1,4,0,0,0,0,0,0,0,0,0,0,89,3,11,0,0,13,0,0,0,0,1,0,0,14,102,0,0,0,0,0,0,0,0,0,0,2,0,0,0,643,0,0,0,0,0,559,0,0,0,0,55,50,0,1,0,0,0,1,0,0,0,104,1,0,0,8,0,0,0,1,0,0,0,0,96,4716,0,0,234,0,0,0,0,0,3,1,0,0,119,0,0,0,0,0,14,5,0,0,0,0,1,0,6,0,0,25,0
"116",80,0,194,0,111,0,7,0,70,0,0,0,29,0,15,0,88,0,0,0,6,1,10,3,0,0,55,0,10,0,0,0,0,43,20,0,0,3,0,0,61,150,0,0,0,8,0,31,0,1,0,3,0,0,0,48,0,65,2,21,0,1,0,0,5,13,3,0,3,83,0,0,0,3,1565,0,0,4,0,1,0,7,1,1,0,1,5,0,0,0,467,8,91,0,0,0,16,61,3,343,18,0,0,0,1,5,0,132,720,37,18,0,0,0,54,0,13,0,75,0,7,174,0,0,394,20,3,0,0,206,3,3,0,5,0,0,18,0,0,12,3,0,94,180,0,0,24,34,0,0,19,2,0,0,0,0,0,0,0,3,0,0,0,723,10,0,0,0,2,2,1,0,1,1,0,0,0,0,3,0,19,0,0,0,6,0,0,0,117,0,1,163,0,0,0,0,0,0,0,0,0,0,0,316,0,4,0,0,0,0,0,0,43,0,0,1,3,30,0,35,3,0,0,10,1,14,0,0,0,4,18,3,0,320,0,0,1,0,0,0,0,0,0,0,6,33,0,19,0,0,79,3,5,0,0,78,1,0,22,0,4,14,0,9,0,0,30,0,0,41,0,0,459,0,0,0,0,0,10,2220,0,0,43,0,0,0,0,0,11,9,0,0,0,0,1,10,0,30,0,36,0
"117",0,0,0,3,0,0,4,1,0,0,0,0,0,0,0,0,0,0,0,0,0,0,0,1,0,2870,0,0,1,22,0,11,0,77,0,0,4,0,4,0,0,0,0,0,0,0,0,0,0,0,1,0,0,0,0,0,0,0,0,133,0,0,0,0,0,0,1883,0,0,107,18,1,0,0,0,0,1,0,0,0,0,0,539,0,0,0,0,0,0,0,18,1,0,0,0,0,0,1,27,0,0,6,0,0,0,9,0,601,0,9,0,0,125,0,0,0,0,0,0,1,0,0,0,5,0,0,0,0,0,0,0,144,0,0,0,0,0,0,0,0,5,0,0,0,0,0,24,0,0,0,0,0,0,8,3,0,0,0,0,46,0,27,0,161,0,0,0,0,0,0,2,0,0,0,0,0,0,5,0,0,0,1,0,0,22,0,0,0,0,0,200,43,0,1,0,0,0,0,0,0,0,0,0,1,0,2,1,0,1,1,0,0,0,0,4,0,0,156,1,0,0,3,0,0,0,0,0,0,0,0,0,4,0,429,0,0,0,0,0,98,0,0,0,0,0,0,0,0,0,0,0,0,0,0,3,0,4,0,0,0,0,0,0,3,4,0,0,0,0,119,0,0,84,0,0,1,0,1,0,1167,0,0,216,0,0,14,0,0,27,40,0,0,0,0,0,0,1,0,0,143,48
"118",0,0,0,0,45,5,0,0,2322,0,0,0,13,0,28,0,0,0,0,0,0,0,0,1,0,348,96,0,8,0,1,0,0,47,0,0,0,75,0,0,1,0,0,0,7,112,0,5,11,0,0,6,0,0,0,0,0,0,0,198,0,0,0,4,83,0,16,0,0,0,56,0,0,0,0,0,0,0,0,0,0,0,0,0,0,0,1,0,0,173,0,9,23,0,0,1,0,21,0,106,0,0,0,0,0,0,0,12,0,0,0,0,0,84,21,1,0,0,22,0,0,13,0,4,59,0,0,0,0,0,0,22,0,6,0,0,1,0,0,0,1,0,42,0,0,0,0,0,0,0,1,0,0,4,0,0,0,0,0,0,0,0,0,0,0,0,0,0,0,0,1,1,71,0,0,0,0,0,28,0,0,0,5,0,8,0,0,0,0,0,0,316,1,0,0,0,6,0,0,0,0,0,0,1,0,104,1,0,1,5,0,0,0,0,12,0,39,0,54,0,0,13,0,0,0,4,0,0,60,0,0,0,0,1676,0,0,3,0,0,0,0,0,0,0,0,0,0,0,0,0,0,1,0,0,0,44,1,0,0,0,1,0,0,0,0,0,0,0,0,7,0,0,531,0,4,0,0,0,6,2270,0,0,189,0,0,0,0,0,0,0,0,0,0,0,0,0,24,0,0,116,0
"119",0,0,0,0,0,0,18,0,0,0,0,0,1,174,13,0,0,0,0,0,56,31,0,0,1,1064,0,0,18,0,0,0,0,43,0,0,35,0,0,1,0,0,1,163,0,86,0,0,0,0,0,0,0,0,22,0,0,1,0,96,0,72,0,0,0,0,122,0,0,0,19,0,0,0,0,0,0,0,0,134,0,0,0,0,32,1,0,1,0,26,635,0,0,0,0,0,0,0,48,0,0,0,0,0,66,0,16,244,1,23,0,0,0,839,0,0,44,0,19,0,0,0,0,1,8,0,0,0,0,0,4,529,1,0,0,0,1,1,0,0,0,0,0,0,0,0,0,0,0,1,0,10,0,0,1,0,0,0,0,101,0,0,0,1198,0,0,0,0,0,0,0,1,0,0,0,0,0,254,54,0,0,0,0,1,0,0,0,0,0,0,0,14,2,1,0,0,0,0,0,0,0,0,0,0,0,3,0,0,12,8,0,0,0,0,0,0,79,0,0,6,0,0,0,0,0,0,0,0,47,0,153,0,0,398,0,0,0,0,0,24,0,0,289,0,0,0,0,0,0,0,188,0,0,0,22,1,1,0,0,0,0,0,25,0,0,0,0,0,121,9,0,0,216,0,0,0,7,4,4,1504,0,0,205,0,1,150,0,4,97,5,20,0,0,0,62,0,1,0,0,65,10
"120",8,0,0,0,49,0,0,0,0,0,0,0,83,0,4,0,0,0,0,0,0,4,0,4,0,1,52,0,35,0,1,0,0,0,0,0,160,46,0,0,0,0,0,0,0,94,0,0,12,0,15,0,0,0,0,0,0,0,0,169,0,83,49,0,3,0,0,0,0,0,1406,0,0,0,0,282,0,0,0,398,0,0,553,0,15,0,0,0,5,0,0,0,0,0,0,0,0,0,0,217,0,0,0,0,0,0,0,126,155,0,0,0,0,0,22,0,0,0,13,0,0,0,55,0,0,0,0,0,0,0,0,0,0,0,0,0,1,0,1,0,4,0,0,42,0,0,0,0,0,11,1,0,0,0,4,0,0,1,0,40,32,0,0,281,0,0,0,0,0,0,0,0,0,0,0,0,0,325,1,0,0,0,0,2,0,0,0,0,0,1,0,95,0,3,0,0,0,0,0,371,0,0,0,0,1,0,0,0,12,52,0,0,0,0,0,0,0,0,0,0,0,10,0,0,0,0,689,0,80,0,342,0,0,8,0,0,0,0,0,0,2,92,0,0,0,0,0,0,5,0,0,0,0,0,9,0,1,0,0,0,2,0,58,0,131,0,0,0,0,6,0,0,99,0,1,0,0,0,0,1368,0,0,0,0,10,0,0,0,0,0,0,0,0,0,592,0,0,0,0,0,0
"121",0,0,0,0,20,8,1,1,2148,0,48,0,0,219,22,0,0,0,0,0,1,3,5,0,0,322,21,0,7,0,85,0,0,9,2,0,24,17,1,0,4,49,0,10,0,8,0,6,0,0,0,0,0,0,0,17,0,0,0,1,0,1,0,1,22,11,77,0,2,27,14,0,5,7,0,0,0,0,0,7,0,1,5,1,1,1,0,0,0,198,1,22,0,0,0,0,0,0,19,153,0,0,0,1,1,3,1,1854,0,16,0,13,0,38,38,0,123,0,15,0,0,0,0,0,335,33,138,0,1,1,0,747,186,0,0,12,0,0,0,0,0,0,0,72,0,0,0,7,0,0,2,0,0,1,0,0,0,0,0,7,0,17,0,1,0,0,0,0,0,0,1,0,1,0,0,0,0,1,48,0,0,0,0,0,1,0,0,0,0,0,0,82,0,0,0,0,30,1,0,0,0,0,0,1,121,9,0,0,1,4,17,0,4,0,1,1,16,1,0,0,42,1,0,0,0,0,135,0,5,0,8,0,0,162,0,0,1,0,0,0,0,0,0,0,4,1,0,0,0,0,1,0,1,0,1,1,11,0,1,0,1,0,1,5,0,0,0,55,10,90,0,0,258,0,21,0,0,1,1,1498,3,0,47,0,0,0,0,0,4,4,0,0,0,0,73,0,4,4,0,8,0
"122",0,0,0,0,0,0,5,0,0,0,6,0,0,0,48,0,0,0,0,0,0,0,0,2,0,1043,0,0,16,0,4,0,0,47,0,0,2,1,0,0,0,5,0,0,0,1,0,2,0,0,1,0,0,0,0,0,0,0,0,3,0,44,0,0,0,0,232,0,0,0,19,0,0,0,0,1,0,0,0,2,9,0,236,0,2,0,237,0,0,0,0,19,197,0,0,48,2,0,0,0,0,0,0,0,5,0,3,882,1,0,0,0,0,0,37,0,0,4,113,0,0,0,0,0,86,0,0,0,0,0,3,33,0,1,0,0,11,0,55,0,1133,0,0,0,0,0,0,0,0,0,17,0,0,5,0,0,0,4,1,28,0,0,0,0,0,0,0,3,0,0,0,0,0,0,0,0,7,8,1,0,0,0,0,0,4,0,0,0,0,0,0,1,0,0,1,0,0,1,0,0,0,19,0,50,0,51,0,0,0,0,0,0,0,0,17,0,97,24,99,5,0,48,0,4,0,0,0,0,2,0,97,0,7,894,0,0,0,0,5,1,1,0,0,0,0,16,0,0,1,0,6,1,4,1,0,0,0,0,7,0,0,0,0,0,1,1,0,0,0,3182,9,3,745,0,0,0,0,0,5,101,0,0,30,0,0,0,0,0,57,6,0,0,0,0,0,0,0,0,0,18,0
"123",0,0,0,0,0,0,0,0,0,0,0,0,0,0,41,25,0,0,0,0,16,1,0,0,0,2115,0,1,31,23,0,0,0,0,0,0,13,0,0,0,0,0,0,0,0,0,0,0,0,0,0,0,0,0,0,0,0,0,0,0,0,0,0,0,0,0,19,0,0,0,52,0,0,0,0,0,0,0,0,0,0,0,0,0,57,3,6,0,0,92,0,3,190,0,0,0,0,0,0,0,0,0,0,0,6,0,0,1588,0,0,0,0,0,1,0,0,0,0,1,0,0,0,0,0,12,0,0,0,0,0,0,155,0,0,0,0,15,0,1,0,88,0,0,0,0,0,0,0,0,0,1,3,0,0,0,0,0,0,0,0,0,0,0,0,0,0,0,0,0,2,0,84,14,0,0,0,0,0,5,0,0,0,0,0,5,0,0,0,0,0,0,0,1,0,0,0,0,0,0,0,0,0,0,0,0,80,4,0,12,6,0,0,0,0,2,0,0,0,3,20,107,10,0,0,0,0,0,0,0,0,86,0,0,1084,0,0,0,0,0,0,0,0,0,57,0,0,0,0,0,0,0,0,0,0,13,12,58,0,0,0,0,0,0,0,0,0,0,0,8,1647,40,0,44,0,0,0,11,7,11,1308,0,0,0,0,0,1,0,0,0,0,0,0,0,0,72,0,0,0,0,6,0
"124",0,0,1,0,0,1,33,2,0,0,0,0,0,0,19,0,0,11,0,0,11,91,0,0,0,486,0,0,2,0,0,0,0,104,0,0,21,2,3,0,0,0,0,39,0,232,0,0,1,0,0,0,0,0,0,0,0,0,0,0,1,0,0,0,0,0,185,0,0,0,0,0,0,0,0,0,0,0,0,0,1,0,142,0,0,3,7,0,0,124,0,2,4,0,0,4,0,0,61,0,0,0,0,0,7,0,0,2691,0,0,0,0,0,157,2,8,1,0,99,0,0,24,0,43,160,0,0,0,0,0,1,27,0,0,0,0,7,0,0,0,12,1,0,0,0,0,0,2,0,19,5,7,0,2,1,0,0,1,3,5,0,0,0,1,0,0,0,0,0,0,0,0,1,0,0,0,0,0,0,0,0,0,0,0,6,0,0,1,0,18,0,265,3,0,0,1,0,0,0,0,0,0,1,10,0,27,0,0,20,2,0,0,0,0,22,0,0,0,6,0,0,30,0,0,0,1,17,0,58,0,78,0,0,207,0,0,0,0,2,8,1,0,0,0,2,0,0,0,1,0,0,0,0,0,6,4,1,0,4,0,1,0,0,3,0,0,0,0,0,619,0,0,185,0,1,0,0,0,2,2836,0,0,17,0,0,0,0,122,0,0,0,0,0,0,550,0,13,0,0,42,0
"125",0,0,0,0,0,0,33,112,0,0,2,1,0,0,1,0,0,0,0,0,40,41,0,1,0,1471,6,0,9,85,370,0,0,26,0,0,46,505,0,0,0,8,0,52,0,8,1,1,0,0,1,0,0,0,25,0,0,0,0,110,0,23,0,0,0,0,94,0,0,0,68,0,0,43,0,5,0,0,0,8,0,1,70,0,0,1,0,0,0,110,411,16,0,0,0,0,0,0,23,0,1,0,0,0,4,0,0,137,2,0,0,0,0,48,2,0,50,1,17,0,0,0,0,0,86,12,0,0,35,10,124,477,0,0,0,24,3,0,0,0,1,0,0,1,0,0,0,12,0,0,4,40,0,0,0,0,0,0,0,170,0,0,0,149,0,2,1,0,0,0,0,0,0,0,0,0,0,116,249,5,0,0,0,0,19,0,0,0,0,1,0,135,0,0,47,0,0,1,0,0,0,0,0,1,342,25,0,0,6,1,0,0,0,12,0,1,70,0,1,0,1,7,0,0,0,18,24,0,2,0,36,0,0,92,0,0,1,0,0,1,1,0,0,0,0,1,0,0,1,0,1,0,28,0,22,0,0,1,23,0,0,45,0,3,0,0,0,36,8,1,0,28,30,0,0,0,0,0,46,1838,0,0,62,0,0,0,0,0,0,25,0,0,0,0,133,3,3,27,0,89,0
"126",30,0,0,0,0,10,1,0,11,0,0,0,6,0,3,0,3,0,0,0,0,3,0,0,1,827,18,0,45,39,0,4,0,23,0,0,1,0,1,0,0,11,0,0,0,7,0,0,41,0,3,0,0,0,3,79,0,0,0,0,0,0,0,0,0,0,423,0,0,0,4,0,6,1,0,0,0,0,0,0,0,0,268,0,3,2,0,0,0,0,0,0,4,0,0,0,0,27,1,444,0,0,0,1,6,1,1,2619,0,0,0,0,0,10,47,0,20,0,123,3,0,0,0,0,0,242,0,0,0,6,2,0,0,0,0,0,1,0,0,0,3,0,0,0,0,0,0,3,0,0,3,0,0,0,0,0,0,0,2,31,0,6,1,0,0,2,0,0,0,0,0,0,0,0,0,0,0,0,0,0,0,0,0,0,0,0,0,0,0,1,0,35,0,0,1,0,0,0,0,0,0,11,0,1549,0,98,0,0,0,0,128,0,0,0,0,0,0,0,0,0,0,30,0,0,0,0,0,0,2,0,54,0,0,0,0,0,0,0,3,17,1,0,16,0,41,0,0,0,1,0,0,0,0,0,10,88,2,0,0,9,0,0,0,0,0,0,0,0,0,2079,0,0,19,0,1,0,0,0,0,3,0,0,225,0,0,22,0,0,0,6,0,3,0,0,1,0,2,0,0,7,0
"127",23,0,0,0,73,0,0,0,0,0,0,0,16,0,19,0,0,0,0,0,113,59,0,6,0,927,49,5,42,0,561,0,0,0,0,0,0,0,0,6,12,0,0,0,0,0,0,0,0,1,0,0,0,0,0,0,0,43,0,481,0,0,0,0,0,0,45,0,0,0,0,0,0,0,0,0,0,0,0,11,0,0,0,0,0,12,2,0,4,0,0,42,36,0,0,0,0,0,1,97,0,0,0,0,52,0,0,67,1,1,0,0,0,84,39,6,9,1,289,4,32,0,2,39,101,0,0,0,0,0,0,1,0,0,0,0,126,0,0,0,1,0,0,0,0,0,0,20,0,0,8,29,0,0,1,3,0,0,0,0,0,0,0,1,0,2,0,0,0,0,0,0,1,0,0,0,0,0,632,0,0,0,0,0,0,0,0,0,0,22,7,16,1,34,0,0,0,0,5,0,0,0,0,0,0,0,0,0,15,4,0,0,0,0,0,0,0,0,56,0,0,162,0,0,0,0,0,0,126,0,2,0,0,137,0,0,0,0,0,1,33,0,0,0,0,0,0,0,1,0,58,0,0,0,93,68,2,0,41,0,52,0,0,17,281,0,0,0,0,490,0,0,1035,8,0,0,3,0,0,1045,0,0,859,0,0,0,0,1,0,0,0,0,0,0,33,0,5,0,0,127,0
"128",94,12,0,0,35,0,0,0,0,0,0,0,0,431,3,0,0,0,0,0,0,18,4,0,1,786,43,0,0,6,47,0,0,0,0,0,1,16,0,0,1,0,0,0,0,15,0,21,0,0,0,0,0,0,0,22,0,30,0,0,0,0,0,0,0,0,0,0,0,0,36,0,0,0,1,0,0,0,0,186,0,0,0,0,461,0,0,0,0,0,0,1,0,0,0,0,0,0,0,424,15,0,0,0,0,0,157,575,0,15,0,0,0,0,42,11,8,0,71,0,0,74,0,0,4,0,1,0,0,0,0,1317,15,1,6,0,2,0,0,0,0,0,0,0,0,0,0,1,3,0,82,0,0,0,1,0,0,0,78,12,0,0,0,1274,0,0,0,0,0,0,0,0,0,0,0,0,0,0,18,0,0,0,0,0,2,0,0,0,46,0,0,50,0,0,0,0,12,0,0,0,0,0,0,0,0,0,0,0,0,0,0,0,72,0,0,0,13,112,0,0,0,0,0,0,0,0,0,0,0,0,240,0,0,22,0,0,0,0,0,0,23,0,93,0,0,0,0,0,0,0,222,5,14,1,70,0,0,0,5,0,11,0,0,0,0,0,0,0,0,1,1,67,42,0,0,3,0,0,3,2284,0,0,0,0,0,0,5,6,111,0,0,0,0,0,0,0,0,51,0,15,0
"129",0,0,0,0,0,0,0,0,0,0,0,0,0,0,308,0,0,0,0,0,0,0,0,0,0,4974,0,0,64,0,6,0,0,113,0,0,7,0,0,0,0,0,0,0,0,16,0,0,0,0,0,0,0,0,0,0,0,0,0,0,0,0,0,0,0,0,0,0,1,115,0,0,0,0,0,0,0,0,0,0,0,0,1,0,0,15,556,0,0,0,0,0,0,0,0,0,0,0,3,0,0,13,0,0,1,0,0,890,0,0,0,0,0,6,0,0,0,0,257,0,0,0,0,0,0,0,0,0,0,0,1,1,0,0,0,1,366,1,0,0,477,0,0,0,0,0,0,0,0,0,0,0,0,0,0,0,0,0,0,3,0,0,0,0,0,0,0,0,0,0,0,0,5,0,0,0,0,0,0,0,0,0,0,0,0,0,0,0,0,0,0,39,0,0,0,0,0,0,0,0,0,0,0,8,0,44,0,0,1,0,234,0,0,0,0,0,0,0,0,0,0,0,0,0,0,0,0,0,31,0,0,0,0,32,0,0,0,0,0,0,0,0,0,0,0,0,0,0,0,0,0,0,0,0,0,142,0,0,0,0,0,0,0,3,0,0,0,0,0,22,0,0,83,0,0,0,0,0,0,205,0,0,0,0,0,0,0,0,0,0,0,0,0,0,20,0,0,0,0,0,0
"130",0,0,3,3,0,0,1,107,0,0,0,0,4,0,0,0,0,0,0,1,232,0,0,0,0,0,0,0,22,61,0,0,0,0,0,0,15,64,0,1,1,0,0,0,1,130,0,0,0,1,12,0,0,0,44,9,1,1,0,80,0,157,3,0,0,1,190,1,0,0,53,0,0,0,0,0,0,0,0,0,0,0,0,0,1010,3,0,0,1,106,14,538,65,0,0,0,0,0,11,122,5,27,0,0,0,0,0,0,0,0,36,0,0,90,0,1,8,18,164,15,0,0,0,89,53,0,0,0,0,0,66,21,0,1,14,0,54,0,0,0,0,0,0,0,0,0,0,0,0,0,10,0,78,32,1,1,0,0,0,0,0,0,0,0,6,0,0,4,0,1,0,0,6,0,0,0,0,121,0,0,0,0,0,0,0,0,0,0,0,0,0,222,1,0,0,0,0,1,0,0,0,0,0,0,0,0,0,0,0,1,0,0,0,0,2,0,0,0,0,3,0,0,40,0,4,0,0,0,0,0,323,0,0,0,0,0,0,0,0,0,0,0,0,0,0,0,1,0,0,0,0,0,0,0,0,13,25,0,0,0,0,0,5,1,0,3,0,0,0,188,9,0,0,0,9,0,13,0,0,4332,0,1,0,0,0,0,0,0,0,50,0,0,0,2,176,0,5,0,0,0,0
"131",0,18,2,1,0,0,0,0,0,1,0,0,0,0,0,0,0,0,0,0,0,5,0,134,0,0,0,0,110,0,564,0,0,98,0,0,0,3,0,0,0,0,0,0,0,57,0,0,0,0,0,0,0,0,0,0,0,0,0,0,0,0,0,28,0,0,21,0,11,62,0,0,0,0,81,0,0,0,0,10,0,0,275,0,0,18,122,0,0,0,0,0,95,0,0,191,0,0,5,0,0,0,0,0,0,0,0,2129,0,9,0,0,11,0,0,0,0,33,0,0,0,0,0,1,0,0,86,0,0,0,0,7,0,4,0,2,28,0,0,0,14,0,0,0,0,0,2,0,0,0,4,0,0,8,0,0,0,0,0,0,0,0,0,0,0,0,0,0,0,0,1,0,0,0,0,0,0,0,40,2,0,0,0,0,0,0,0,0,0,0,32,0,5,0,0,0,0,0,0,0,0,0,0,67,0,4,0,0,0,0,0,0,0,0,1,0,41,26,0,0,0,76,0,0,0,0,0,0,0,2,0,0,0,184,0,0,0,0,0,69,0,0,0,0,6,69,0,0,0,0,0,4,6,0,11,3,6,0,0,0,0,0,0,4,0,0,0,0,5,161,0,0,1283,0,0,0,0,0,0,2960,2,0,0,0,0,0,0,0,8,0,0,0,0,0,1,4,66,0,0,0,0
"132",0,0,0,0,0,0,0,0,0,0,0,0,1,0,1562,0,0,0,0,0,0,0,0,25,0,16,0,0,21,0,201,0,0,95,0,0,87,0,1,0,0,0,0,0,0,0,0,3,18,12,6,0,0,0,0,0,0,4,0,0,0,0,7,0,0,0,29,0,0,0,0,0,0,0,0,0,0,0,0,406,0,0,0,0,0,0,595,70,0,66,0,4,159,0,21,25,0,0,77,0,0,5,0,0,78,0,0,1928,0,0,0,0,0,30,0,9,0,132,0,0,0,0,0,1,639,0,0,0,0,0,12,0,0,5,0,0,416,0,0,0,20,0,0,0,0,0,0,0,0,0,24,4,0,0,0,0,0,0,352,0,0,0,0,0,0,0,0,0,0,0,0,0,1,1,0,0,0,0,0,0,0,0,0,0,0,0,0,0,0,0,0,32,2,0,0,1,0,0,0,0,0,0,0,0,0,264,0,3,1,11,0,0,0,0,0,0,0,0,61,0,1,0,0,0,0,16,0,0,44,0,0,0,0,59,0,0,0,0,0,0,0,0,0,0,0,0,20,0,0,0,6,0,0,0,4,26,0,0,0,118,0,0,0,0,16,0,0,0,0,202,0,0,127,0,30,0,0,0,0,500,0,0,626,0,0,0,0,7,0,0,0,0,0,0,13,0,193,0,0,25,0
"133",0,0,0,0,0,0,1,0,0,0,0,0,0,0,9,6,8,0,0,0,0,0,0,3,0,1696,0,0,48,0,19,0,0,0,0,0,1,82,0,1,1,0,0,0,0,0,0,0,0,0,0,0,0,0,0,0,0,1,0,0,0,22,1,0,0,0,78,0,0,8,0,0,0,0,0,0,0,0,1,0,0,0,1,0,0,18,0,1,0,0,0,7,21,0,0,0,0,0,1,0,0,1,0,0,0,0,111,364,0,0,0,0,0,0,0,0,1,0,43,0,0,0,0,1,2,0,1,0,0,0,0,0,0,1,0,0,4,0,0,0,287,0,0,0,0,0,14,0,0,0,0,0,0,0,1,0,19,0,0,1,0,0,0,312,1,1,0,0,0,0,0,0,1,0,0,0,0,10,0,0,0,0,0,0,0,13,0,0,0,1,0,0,1,0,0,7,0,0,0,1,0,1,0,1,535,74,0,0,0,1,0,0,0,0,0,0,12,0,0,0,20,0,0,0,0,0,0,0,0,0,0,0,0,1,0,0,0,0,0,0,0,0,133,0,3,0,0,1,0,0,0,0,0,0,3,0,0,0,0,0,0,0,2,0,0,0,0,0,9,4672,5,0,14,1,0,0,0,0,1,1,0,0,0,0,514,0,0,1,0,0,0,0,0,0,1,0,3,0,0,35,0
"134",28,9,0,0,0,0,0,0,484,0,0,2,4,0,30,0,0,0,0,0,59,13,0,4,0,443,110,0,143,4,54,0,1,35,0,0,3,578,0,0,8,60,0,21,0,232,0,0,0,0,0,0,0,0,12,28,0,0,0,314,0,34,0,0,0,0,20,0,10,0,45,3,5,131,0,0,0,0,0,268,0,3,0,0,20,1,0,0,0,119,53,0,0,16,0,0,0,0,7,796,0,0,0,19,5,0,0,3,0,0,1,212,1,105,19,0,6,0,49,38,0,0,0,0,112,0,0,0,0,0,28,68,0,0,0,55,1,0,0,0,1,0,0,0,0,0,63,5,0,0,23,0,0,6,0,0,0,0,249,47,0,0,0,117,0,0,0,0,0,0,0,0,0,0,0,0,0,0,64,0,0,1,0,0,0,0,0,0,0,1,0,281,13,0,143,0,0,3,0,0,0,0,0,1,0,181,3,0,6,0,0,0,0,0,35,0,0,161,0,19,0,0,0,0,0,1,1,0,19,0,62,0,1,113,0,0,4,0,0,2,1,0,55,0,1,0,0,0,1,10,0,0,0,1,1,4,14,6,18,16,0,0,5,3,1,0,0,0,86,2,0,33,3,0,1,0,0,0,0,1554,0,0,145,0,0,0,0,1,182,47,0,0,10,0,5,0,6,0,0,147,0
"135",0,0,0,0,0,0,1,43,192,0,0,0,0,16,1,0,0,0,0,0,0,0,0,0,3,841,0,0,17,0,176,0,0,20,0,0,8,0,1,0,1,0,0,222,0,144,0,0,0,0,0,0,0,0,0,0,0,0,0,0,0,16,0,0,0,0,320,0,0,0,0,0,0,177,0,0,0,0,0,31,0,0,0,0,64,5,278,0,0,0,0,0,5,0,0,0,0,0,47,0,0,0,0,0,6,0,362,3165,0,0,0,0,0,30,0,0,0,0,77,0,0,0,0,317,3,0,0,0,0,0,0,13,0,0,0,0,11,0,0,0,7,0,0,0,0,0,0,0,0,0,6,3,0,16,0,0,0,0,8,51,0,0,0,8,0,0,0,5,0,0,0,0,0,0,0,0,0,134,126,0,0,0,0,0,0,0,0,0,0,0,0,0,0,0,158,0,0,3,0,0,0,0,0,70,0,6,0,0,0,5,0,0,0,0,0,0,0,0,12,14,0,27,0,3,0,0,0,0,10,0,99,0,0,3,0,10,0,0,0,0,0,0,0,0,0,0,0,0,0,0,402,7,0,0,0,0,1,0,17,0,4,0,0,0,0,0,0,291,0,1232,0,0,30,0,0,0,1,3,3,18,0,0,0,0,0,1,0,6,105,0,0,0,0,0,11,0,0,52,0,36,0
"136",1,0,0,0,0,0,0,0,0,0,0,0,19,0,36,0,0,0,0,0,0,22,0,72,0,5418,0,0,142,29,0,0,0,0,0,0,15,3,0,0,0,0,0,0,0,0,0,0,0,0,0,0,0,0,0,0,0,0,0,0,0,0,0,0,0,0,0,0,0,0,0,0,0,0,0,0,0,0,0,1,0,0,3,0,0,5,36,0,0,16,0,73,12,0,0,0,0,0,0,0,0,27,0,0,0,0,0,0,0,0,0,0,0,5,0,0,0,0,60,0,0,0,15,1,33,0,0,0,0,0,0,0,0,0,0,0,22,0,0,0,732,0,0,0,191,0,7,0,0,0,0,0,0,0,1,0,0,0,0,0,0,0,0,0,0,0,0,0,0,0,0,0,0,0,14,0,0,0,1,0,0,0,0,0,0,0,0,0,0,0,0,39,6,0,0,0,0,0,0,0,0,0,0,0,0,0,0,0,0,28,0,0,0,0,0,0,4,0,411,0,0,0,0,0,0,0,0,0,23,0,0,0,0,18,0,0,0,14,0,0,0,20,0,0,12,0,0,0,0,0,0,0,0,0,1,10,0,0,0,36,0,0,0,8,0,0,0,0,0,43,0,1,753,0,1,0,0,0,0,442,0,0,46,0,0,0,0,3,0,15,0,0,0,0,0,0,111,0,0,54,0
"137",0,0,1,2,0,0,25,3,0,0,1,1,0,0,20,0,0,1,0,0,3,6,0,3,1,5225,0,0,3,0,1,0,0,16,0,38,0,93,0,0,0,0,0,0,0,140,0,1,0,12,3,0,0,0,38,2,0,1,0,154,1,2,0,0,0,4,498,0,0,0,0,5,0,1,3,0,0,0,0,36,0,3,0,1,1,8,0,1,0,11,1,0,3,0,0,0,0,0,7,0,1,137,2,10,0,0,0,166,1,0,0,1,0,0,0,0,0,1,0,2,0,0,0,0,72,80,0,0,0,0,38,8,0,0,1,0,138,0,0,0,759,11,0,1,0,0,35,4,0,0,7,0,84,0,0,0,0,1,7,1,0,0,1,0,0,0,0,0,0,0,0,0,1,0,0,9,0,1,26,3,0,0,0,1,12,0,1,0,0,1,0,78,1,0,43,0,0,0,0,0,18,1,0,60,346,83,0,0,0,1,80,0,6,10,0,0,0,0,156,0,13,60,0,0,0,1,4,0,3,0,1,0,0,1,0,3,0,0,5,12,1,0,9,0,0,0,0,0,1,0,0,0,3,0,0,6,220,1,3,0,1,4,0,0,0,0,0,0,3,209,1,0,303,0,2,0,7,0,0,2,1,0,38,0,0,0,0,1,0,12,0,0,0,0,1,2,396,0,0,56,0
"138",0,0,0,0,35,0,1,0,1285,0,0,0,0,0,0,0,19,0,0,0,0,1,0,0,0,574,104,5,6,0,174,0,0,38,0,0,0,0,0,0,0,0,0,0,4,102,0,0,0,0,0,0,0,0,0,31,0,0,0,1,0,0,0,0,15,0,400,0,0,28,38,0,0,15,0,0,0,0,0,5,0,11,50,0,0,1,1,0,0,0,0,0,0,0,0,0,0,51,0,431,8,134,0,1,0,0,0,1253,0,0,0,0,0,51,141,0,11,0,10,0,0,0,0,0,131,495,0,0,0,0,0,0,0,0,0,0,1,0,0,0,187,0,184,0,0,138,0,0,0,0,11,13,0,0,1,0,0,0,0,0,0,0,0,0,0,0,0,0,0,1,1,0,0,0,0,0,0,3,13,0,0,0,0,0,2,0,64,0,0,0,0,114,0,0,0,0,0,0,1,0,283,0,0,0,1,11,1,0,1,6,0,0,0,0,1,0,45,6,272,5,6,0,0,4,0,12,0,0,0,0,29,0,22,431,0,0,3,0,0,20,0,0,0,3,9,1,0,0,0,0,0,1,0,0,0,3,30,0,0,0,0,0,0,3,0,0,0,0,0,16,0,41,1085,0,0,0,0,0,3,642,0,0,153,0,0,0,0,0,32,8,0,0,0,0,116,0,0,0,0,42,0
"139",0,0,0,1,0,0,0,0,0,0,0,0,1,54,25,0,0,0,0,0,0,0,0,19,0,2966,0,0,40,2,602,0,0,133,0,0,4,40,0,0,0,0,0,4,1,0,0,0,9,0,1,0,0,0,0,0,1,2,0,0,0,0,0,0,0,0,15,7,0,0,0,0,0,0,0,0,0,0,0,4,0,0,0,0,0,0,1,1,0,25,0,28,91,0,0,0,0,0,0,0,0,0,0,0,0,0,0,20,1,0,0,0,0,0,0,0,0,44,54,12,0,0,26,0,0,0,0,0,0,0,0,1,0,0,0,141,1728,0,0,0,1,0,0,1,0,0,0,0,0,0,0,0,0,0,0,0,0,0,0,0,0,0,0,0,0,0,0,1,0,0,0,0,1,0,0,0,0,0,925,0,0,3,0,0,0,0,0,0,0,0,0,10,5,0,0,0,0,0,0,0,0,9,0,0,1198,0,0,0,0,4,0,0,0,0,0,0,0,0,0,0,0,0,0,0,0,0,0,0,16,0,0,0,0,221,0,0,0,0,0,1,0,0,0,0,0,0,0,0,1,0,0,0,0,0,0,0,1,0,0,0,0,0,0,0,1,0,0,0,0,56,0,0,38,0,1,0,0,0,3,1314,0,0,189,0,0,0,0,1,0,0,0,0,0,0,0,0,1,0,0,0,0
"140",0,5,0,0,83,0,29,55,0,0,0,0,0,97,0,0,0,0,0,0,0,0,0,21,0,1392,0,0,0,0,1,0,0,39,0,0,11,30,0,0,9,0,0,0,0,1,133,0,0,1,5,34,0,0,0,49,0,87,0,11,0,0,0,0,0,0,297,0,0,3,271,0,0,0,0,0,0,0,1,11,0,0,8,0,0,0,0,0,0,0,0,40,0,0,0,0,0,40,0,1383,0,0,0,0,0,0,0,762,0,9,1,77,0,0,60,0,11,0,229,0,6,251,0,1,0,0,0,8,0,0,0,436,0,0,0,0,0,0,1,0,42,1,0,0,5,0,0,0,0,0,0,0,0,1,0,0,0,0,0,99,0,0,0,0,0,0,0,0,0,0,0,1,0,0,0,0,9,0,0,0,0,0,0,0,5,0,0,1,0,1,1,7,0,0,0,0,110,0,0,441,1,158,0,72,0,0,1,0,0,0,0,0,0,0,0,0,59,38,506,0,0,0,0,0,0,0,0,0,43,77,0,0,0,270,28,0,0,0,0,0,0,0,0,0,0,2,0,0,0,0,0,0,0,0,0,4,0,0,0,0,0,0,0,6,14,0,0,0,1,191,5,0,457,0,65,0,0,0,0,702,1,0,473,0,0,0,0,139,0,0,0,0,11,0,0,0,0,0,0,0,0
"141",0,0,0,0,0,0,3,0,0,0,15,0,0,0,0,3,0,0,0,0,140,166,0,21,0,0,20,0,129,0,34,0,0,1,0,0,0,655,0,0,0,0,0,0,0,0,0,31,0,0,0,0,1,0,0,8,0,0,0,322,0,0,0,23,0,1,170,0,32,0,0,5,28,338,0,0,0,0,182,152,0,9,226,0,902,5,0,0,0,0,964,107,4,0,0,0,0,0,0,0,0,0,0,0,0,0,0,369,0,66,0,0,0,0,0,0,0,0,152,0,0,0,0,0,9,0,0,0,21,170,0,0,0,3,9,0,0,0,0,0,0,0,0,1,0,0,32,0,1,0,0,0,0,0,0,0,0,0,0,0,0,0,8,0,0,0,0,0,0,6,0,4,129,1,0,0,0,229,0,44,0,0,6,0,16,0,1,0,0,0,0,327,0,0,0,0,0,0,0,0,0,0,0,814,0,16,0,0,0,0,0,0,0,0,9,0,81,179,296,0,0,0,0,0,0,0,0,0,0,0,212,15,0,125,0,0,5,0,0,15,0,0,0,0,1,0,0,0,0,0,50,84,0,0,136,20,20,0,11,12,6,0,0,0,0,0,23,90,0,4,124,22,0,0,0,0,0,0,13,0,0,0,259,0,0,0,1,0,0,65,1,0,0,0,0,0,0,0,0,241,0
"142",0,0,0,0,0,0,7,0,1,0,0,0,0,0,1,0,0,0,0,0,0,0,0,0,0,1958,0,0,0,0,0,0,1,0,0,0,0,0,0,0,0,0,0,67,0,82,0,0,0,0,0,0,0,0,0,0,0,0,0,0,0,0,0,0,0,0,118,0,14,91,0,0,0,119,0,0,0,0,0,0,0,1,8,0,0,0,155,0,0,0,1,0,4,0,0,0,4,0,99,0,0,0,0,26,0,0,36,328,0,0,0,0,0,0,0,0,0,0,67,0,0,0,0,0,35,318,0,0,0,0,0,0,0,0,0,0,0,0,0,0,0,0,0,0,0,0,0,0,0,0,0,228,0,0,0,0,0,0,0,0,0,0,0,881,0,0,0,0,0,0,0,0,1,0,0,0,0,0,0,0,0,0,0,0,0,0,0,0,0,0,0,145,0,0,0,0,0,0,0,0,0,0,0,65,0,7,0,0,0,0,0,0,0,0,0,0,46,0,0,0,50,0,0,0,0,9,0,0,0,0,279,0,0,306,0,0,0,0,0,124,0,0,0,0,3,0,0,0,0,0,214,0,0,0,0,0,0,0,0,0,0,0,0,0,0,0,0,0,0,6,0,0,217,0,0,0,0,0,0,3217,0,0,450,0,0,0,0,0,0,0,0,0,0,0,0,0,0,20,0,0,0
"143",32,0,0,0,0,15,0,1,15,19,0,0,0,1,0,0,0,0,0,0,3,1,0,19,1,4115,15,5,110,0,57,0,0,49,0,0,0,37,0,0,0,14,1,2,13,10,0,4,0,0,0,0,1,0,0,14,0,0,0,3,0,1,0,0,2,0,64,0,0,0,6,0,37,1,0,0,0,0,165,6,59,0,4,1,3,0,0,0,0,0,0,40,0,186,0,0,0,27,0,221,3,0,0,2,5,2,0,1790,1,0,0,0,0,41,36,0,0,2,48,6,0,0,0,0,291,4,0,0,0,1,1,1,0,0,0,293,7,0,0,0,8,0,0,0,0,609,0,2,0,0,0,0,0,3,0,0,0,0,3,0,0,0,3,0,0,0,0,0,0,1,1,0,0,0,0,0,0,1,35,0,0,0,0,0,3,0,0,0,0,12,0,0,0,0,3,0,0,1,0,0,0,0,0,0,0,40,0,0,0,0,0,0,0,0,0,0,32,1,7,3,0,0,1,1,0,0,0,0,2,3,4,2,2,94,0,0,0,0,0,1,2,0,0,0,5,0,0,0,1,1,0,1,10,0,1,0,1,1,0,4,0,4,0,2,0,0,0,0,1,758,0,10,19,0,0,0,0,0,7,1,1,0,91,0,0,0,0,0,1,2,0,0,0,0,1,1,46,0,0,8,0
"144",0,9,60,0,45,0,9,0,2965,0,34,0,13,0,5,0,0,0,3,0,6,12,4,4,0,26,83,0,14,0,27,0,0,9,9,0,2,30,0,0,2,0,0,21,0,41,0,12,8,0,5,1,0,0,4,18,0,72,0,0,1,24,9,0,0,119,57,0,0,0,36,0,0,12,974,0,0,0,0,22,0,38,0,8,0,2,0,1,0,47,2,10,2,0,0,0,0,0,37,165,0,0,9,8,0,4,4,234,26,0,0,4,0,29,12,0,83,1,19,0,0,21,0,0,67,54,0,0,0,47,1,0,0,0,26,0,1,0,0,11,11,1,0,18,0,0,152,5,0,0,13,12,3,0,2,0,1,1,0,0,11,0,0,0,0,0,0,0,0,0,0,0,1,0,0,0,8,0,0,0,78,0,0,17,8,0,32,0,26,1,0,27,4,0,34,0,0,0,1,0,0,1,0,494,0,56,0,0,0,1,5,0,19,8,0,0,0,20,1,0,0,0,0,0,0,0,0,0,20,0,0,2,3,208,0,0,0,0,2,10,11,0,29,0,0,0,285,0,1,0,0,0,4,0,25,191,7,0,0,31,3,0,0,0,3,0,0,0,2,50,0,0,11,2,1,0,22,0,4,383,1,0,84,0,0,0,0,2,14,22,0,0,0,0,0,0,103,0,0,6,0
"145",0,5,0,0,20,5,1,12,934,0,0,0,8,34,1,0,0,0,0,0,0,20,0,327,0,2360,167,0,173,0,84,0,0,8,0,0,0,0,0,0,3,17,0,0,0,1,0,0,0,0,1,0,1,0,0,22,0,0,10,359,4,0,0,0,0,0,217,0,0,0,19,0,0,0,0,0,0,0,0,0,0,4,0,0,0,15,0,0,0,0,0,82,1,0,0,0,0,27,0,257,0,0,0,0,0,0,0,213,1,0,7,0,0,0,6,77,13,0,0,0,5,10,0,0,22,18,0,0,0,0,0,0,0,0,0,0,1,0,1,0,4,2,0,12,0,0,0,11,0,0,0,0,0,0,0,1,0,0,0,0,0,0,0,0,0,0,1,0,0,0,0,0,1,0,0,11,0,1,0,13,0,0,0,1,0,0,0,0,0,5,0,14,0,0,0,0,0,0,0,0,0,0,0,0,0,99,0,0,10,26,4,0,0,0,0,0,0,0,197,0,0,0,0,0,0,0,0,1,1,0,21,0,0,792,0,0,0,0,0,3,4,0,0,0,0,0,0,0,1,0,0,0,0,0,0,0,22,0,0,0,0,0,0,0,0,0,0,0,0,901,1,85,9,0,10,0,0,0,0,1120,1,0,76,0,0,0,0,0,0,25,0,0,0,0,18,0,11,0,0,23,0
"146",0,11,0,1,0,0,0,25,84,0,0,0,22,264,4,0,0,0,0,0,0,59,0,0,0,2162,41,0,26,0,19,0,0,20,0,0,0,0,0,0,0,0,83,156,4,260,0,0,15,0,0,1,0,0,0,0,0,0,0,110,0,0,0,0,84,0,44,0,22,1,0,0,10,284,0,0,0,0,0,40,0,0,5,0,60,1,1,0,0,0,0,0,0,0,0,0,0,0,0,1006,0,0,0,0,16,0,100,1,0,0,0,0,0,64,97,0,0,0,0,56,0,0,0,1,0,29,172,0,0,0,13,177,0,0,0,137,9,0,0,0,0,0,0,0,0,0,0,0,0,0,4,0,0,0,0,0,0,0,0,31,0,0,0,266,0,0,0,0,0,0,0,0,0,0,0,7,0,0,359,4,0,0,0,0,0,0,0,0,0,30,0,64,0,0,0,0,0,0,0,0,0,0,0,0,0,3,0,0,0,0,0,0,0,0,0,0,63,0,0,9,0,54,0,0,0,0,0,0,72,0,164,0,0,448,0,1,0,0,0,0,0,0,0,0,0,0,1,7,0,0,0,5,0,0,0,0,0,0,0,0,1,0,0,0,0,0,0,54,286,36,18,0,82,0,0,0,0,0,0,2026,0,0,61,0,0,0,0,0,0,0,0,0,0,2,8,0,4,0,0,230,0
"147",0,0,0,0,0,0,2,0,0,0,0,0,0,0,9,12,57,0,0,0,0,32,0,6,0,1794,0,0,15,6,0,0,0,228,0,0,194,0,0,0,0,0,0,0,0,63,0,0,0,0,0,0,0,0,0,0,0,0,0,0,0,0,0,0,0,0,0,0,0,0,0,0,0,0,0,0,0,0,0,114,0,0,0,0,0,6,190,0,0,40,0,79,78,0,0,14,0,0,0,0,0,16,0,0,0,0,0,8,1,0,17,0,0,0,0,0,134,0,0,0,0,0,0,0,535,0,0,0,0,0,0,0,0,0,0,0,496,0,0,0,905,0,97,1,0,0,0,0,0,0,0,0,0,0,0,0,0,0,0,0,0,0,0,0,0,0,4,0,0,0,0,0,0,0,0,0,0,0,0,0,0,2,0,0,0,6,0,0,0,1,0,112,0,0,0,0,0,0,2,0,0,1,0,0,1,68,0,0,15,4,4,0,0,0,0,0,0,0,136,0,0,0,0,0,0,0,0,0,0,0,0,0,0,95,0,0,0,38,5,17,0,0,0,0,5,1,0,0,1,0,0,0,23,1,68,41,0,0,0,0,0,0,0,0,0,0,0,0,0,4,0,0,88,0,77,0,0,0,13,2558,0,0,801,0,0,0,0,0,0,0,0,0,0,0,25,0,28,0,0,54,0
"148",10,1,25,0,33,7,1,5,0,0,0,0,0,0,12,0,3,0,0,0,1,65,0,1,0,653,38,16,35,26,51,0,0,96,0,102,0,73,1,0,0,51,0,1,17,24,0,12,0,0,6,0,1,0,1,0,0,0,0,8,0,0,0,0,4,0,359,0,6,27,22,0,4,0,0,0,0,0,0,7,0,3,290,1,1,50,0,1,0,34,0,25,12,0,0,0,0,0,11,192,0,19,0,3,0,0,0,2072,82,13,0,32,0,1,60,0,13,0,212,0,0,0,0,1,18,20,1036,0,0,20,15,0,0,0,0,0,1,0,0,0,796,0,0,0,0,0,0,1,0,0,28,1,0,1,1,0,0,0,9,105,0,0,0,0,0,1,0,0,0,8,22,0,0,0,0,0,0,6,24,1,0,0,0,0,6,0,0,0,0,0,0,52,0,1,95,0,0,1,0,0,0,0,0,5,0,188,0,0,0,3,0,0,0,2,0,1,11,3,0,1,39,14,0,0,0,1,1,0,1,5,0,0,0,20,0,0,3,0,0,9,0,0,0,0,0,0,0,0,1,0,1,3,4,0,7,9,176,1,7,0,4,0,0,4,0,0,0,0,1,15,3,65,123,0,18,0,0,0,9,830,1,0,638,0,0,0,0,0,30,11,36,0,0,0,0,27,3,0,0,152,0
"149",17,10,29,0,159,9,0,0,743,0,0,0,11,0,6,0,11,0,30,0,0,13,0,0,0,2043,19,0,4,11,154,0,0,14,0,0,1,69,0,0,2,25,0,0,0,233,0,7,0,0,10,0,1,0,17,17,0,0,0,195,0,0,0,3,0,0,629,0,0,0,75,0,7,0,0,1,11,0,0,29,41,1,3,0,0,0,1,0,0,0,0,0,1,0,0,0,5,0,0,0,5,8,0,0,0,4,0,59,8,0,0,39,1,0,8,0,0,1,81,0,0,41,0,0,0,29,66,0,0,0,0,0,0,0,0,0,1,3,0,0,1,0,0,0,0,0,0,5,0,0,10,11,0,33,0,0,0,0,0,0,0,1,0,1,0,3,0,0,0,0,0,0,0,0,0,0,0,0,539,9,0,0,0,0,15,0,0,0,0,0,0,291,0,0,1,0,0,3,0,0,0,1,0,239,0,10,0,0,0,1,0,0,0,0,0,1,45,37,0,0,48,0,0,1,0,1,0,0,28,25,30,0,0,8,0,0,2,1,0,1,1,0,0,0,2,27,0,0,1,0,0,1,0,0,2,3,1,0,0,0,2,0,0,2,1,0,0,0,0,11,0,6,4,0,0,0,0,0,0,2253,0,0,154,0,0,14,0,1,44,7,0,0,0,0,36,4,3,0,0,38,0
"150",0,0,1,4,0,0,0,0,0,0,0,0,0,7,0,0,73,0,0,0,6,44,0,0,0,0,0,0,26,0,314,0,0,322,0,0,17,0,4,0,6,0,0,0,0,0,0,0,0,0,0,0,1,0,0,0,0,6,0,0,0,0,3,0,89,0,62,0,0,0,0,0,0,21,0,0,3,0,0,159,0,0,0,0,22,0,26,0,0,125,17,0,155,0,0,0,0,0,0,0,29,0,0,0,0,0,0,673,137,0,0,0,0,0,0,0,0,0,97,0,0,0,0,0,0,0,0,0,0,0,0,7,0,6,0,0,4,0,0,0,32,0,0,0,0,0,0,0,0,0,19,28,4,0,0,0,0,0,0,0,0,0,0,0,0,0,0,0,0,0,0,0,0,0,0,0,0,326,0,0,0,0,0,111,0,0,0,0,0,0,0,0,0,12,729,0,0,1,0,0,0,0,0,0,0,89,0,0,0,8,0,0,0,0,0,0,290,0,361,0,219,0,7,0,1,0,0,318,0,4,71,3,0,386,0,0,0,0,0,0,0,0,0,0,0,0,0,10,0,0,0,0,0,0,0,13,19,0,0,0,3,0,0,0,0,0,0,0,0,0,0,0,152,0,0,0,0,3,12,3448,0,0,0,0,0,0,0,0,0,0,0,0,0,0,101,0,86,0,0,315,0
"151",24,105,0,0,53,0,0,0,36,0,0,0,47,0,1,0,0,0,0,0,0,57,0,0,0,2365,0,0,67,0,70,0,1,14,0,0,1,11,0,0,8,0,0,0,0,298,0,0,0,0,0,0,0,0,30,0,0,0,0,0,0,1,0,0,0,0,610,0,1,0,10,0,0,0,0,0,0,0,0,21,0,0,0,0,0,0,0,0,0,55,0,4,20,0,0,0,0,0,25,138,0,179,0,0,1,0,0,527,0,0,0,0,0,10,107,0,13,0,252,0,27,74,0,5,12,0,0,0,0,0,24,35,0,0,0,0,7,0,0,0,0,4,70,0,0,0,0,0,1,1,59,9,0,0,69,0,0,0,0,0,0,0,0,5,0,0,0,0,0,0,0,0,1,0,0,0,0,97,0,0,0,0,0,0,0,0,0,0,0,0,0,38,4,0,0,0,0,3,0,0,0,0,0,0,1,47,0,0,1,0,0,0,0,0,1,0,125,0,252,1,411,0,0,0,0,40,0,0,6,0,81,0,0,1029,0,0,1,0,0,170,0,0,0,0,0,43,0,1,0,0,0,0,0,0,1,0,0,0,1,38,0,0,5,46,35,0,0,0,0,194,0,0,480,0,0,0,0,0,1,457,0,0,243,0,0,0,0,0,0,0,0,0,0,0,16,0,117,0,0,85,0
"152",0,0,0,0,0,0,16,60,0,0,0,0,0,260,0,0,0,0,0,0,3,4,0,7,0,799,0,0,33,0,11,30,0,8,0,0,33,1,0,0,0,0,354,8,0,1,0,1,0,0,0,0,2,0,0,0,1,0,0,1,0,2,0,0,2,1,89,0,0,0,1,0,0,15,0,0,0,1,0,1,0,1,0,0,29,0,0,0,2,22,29,35,0,10,0,0,0,0,2,0,0,0,0,0,7,0,0,3454,1,20,1,0,0,52,2,0,1,0,2,0,0,0,0,0,0,0,0,0,15,1,1,0,0,5,0,0,4,0,0,8,91,0,0,1,10,0,5,0,0,0,1,1,0,10,0,0,0,0,3,21,11,3,6,200,0,2,0,0,0,0,9,0,0,0,0,0,0,1,13,4,1,0,0,1,5,0,0,0,0,1,0,43,0,6,1,0,0,1,0,0,0,0,0,0,0,56,0,0,0,2,0,28,0,0,0,0,3,1,26,3,1,1,0,0,0,1,0,0,1,3,48,0,0,2222,0,0,1,0,0,0,1,72,0,0,0,29,0,0,1,0,9,4,1,0,5,3,4,0,1,2,1,0,0,0,0,0,0,0,1,7,0,0,342,0,2,0,0,1,2,1275,0,0,1,14,0,0,0,0,2,1,43,0,0,0,31,8,15,0,0,3,0
"153",12,0,0,4,18,0,9,0,80,0,0,0,33,0,3,1,0,0,0,0,0,0,0,3,0,3419,52,0,6,0,397,0,0,23,0,0,15,31,0,2,7,0,0,59,0,0,0,0,0,0,0,0,0,0,0,0,1,14,0,0,0,0,36,0,0,19,0,1,0,0,26,0,16,6,0,0,0,0,0,0,0,0,0,0,65,1,0,1,3,0,0,3,22,0,0,0,0,0,27,445,0,0,0,0,0,0,0,995,222,1,0,0,13,7,38,1,0,1,8,0,23,36,0,1,14,0,0,0,0,0,0,102,0,0,0,0,157,0,0,0,43,0,0,0,0,0,0,0,0,0,0,11,0,0,0,3,0,0,0,116,0,0,0,285,0,0,0,0,0,0,0,0,0,1,8,0,0,74,0,0,0,0,0,0,0,0,0,0,0,0,1,4,1,0,0,0,0,0,0,0,0,0,0,0,0,17,0,0,0,1,0,0,0,0,1,1,53,0,0,0,0,0,0,0,0,0,0,0,0,0,0,0,0,233,0,0,0,0,0,0,0,0,0,0,0,0,0,0,0,0,530,0,0,0,3,1,17,0,0,0,14,0,0,1,0,0,0,0,1,1,0,0,81,4,0,0,0,0,4,1841,0,0,0,0,0,0,0,1,8,0,0,0,0,0,44,0,0,0,0,108,3
"154",0,0,0,0,0,0,1,29,0,0,1,0,0,0,0,0,3,0,0,0,0,44,0,0,0,0,0,0,5,0,70,0,0,163,0,147,10,279,0,0,0,0,70,0,0,609,0,0,0,0,0,0,0,0,0,0,0,6,2,360,0,0,0,0,5,0,26,0,0,88,0,0,0,0,0,0,0,0,0,402,0,7,89,0,0,0,0,0,0,47,0,1,0,0,0,0,0,0,0,0,0,5,4,0,0,0,0,0,164,43,0,0,0,0,0,0,0,0,429,0,0,0,0,1,91,72,1544,0,2,0,11,858,0,0,0,0,0,0,0,1,0,1,0,0,0,0,2,0,0,2,0,0,11,0,0,0,0,0,140,0,0,0,0,0,0,0,0,0,0,0,3,1,0,0,0,0,0,0,105,2,0,0,0,0,49,0,1,0,0,0,0,61,0,0,130,0,0,0,0,0,160,0,0,5,0,0,0,0,0,0,0,0,0,7,0,0,213,0,0,0,0,0,0,0,0,0,0,0,75,0,0,0,0,47,0,0,0,0,0,12,0,0,0,0,0,34,0,1,1,0,0,0,0,0,0,0,0,0,11,0,14,0,0,4,0,0,0,0,0,1,0,57,0,0,0,0,0,0,0,2583,0,0,230,0,0,0,0,0,94,36,0,0,0,0,8,47,0,0,0,160,0
"155",0,0,0,0,0,0,0,0,0,0,0,1,1,0,2,0,0,10,1,0,0,46,0,8,0,1,0,0,12,100,2293,0,0,46,0,0,2,0,0,0,0,1,0,70,0,0,0,3,0,0,0,0,0,0,0,3,0,0,0,0,0,0,0,1,0,0,0,4,0,0,21,1,0,0,0,0,0,0,0,0,0,1,0,0,0,0,10,0,0,33,0,4,198,0,0,0,0,0,0,0,0,0,0,0,13,0,0,3566,0,0,0,0,0,6,2,6,21,611,136,2,0,40,0,0,144,0,0,0,0,0,0,0,0,0,0,0,4,0,0,0,7,0,67,0,0,0,0,34,0,0,20,0,0,4,1,0,0,0,102,0,0,0,0,0,0,0,0,0,0,0,0,0,0,0,0,0,4,0,53,0,0,0,0,0,0,0,0,159,0,10,0,15,0,0,1,0,0,3,0,0,0,0,0,0,0,0,0,0,9,2,3,0,0,27,0,0,85,0,119,5,0,0,0,0,0,0,27,0,14,0,0,0,1,52,0,0,0,0,3,1,1,0,0,0,0,231,0,0,1,0,0,0,16,1,125,0,0,1,12,36,0,0,0,0,4,0,0,0,0,0,0,106,32,2,1,0,2,0,0,985,0,0,57,0,0,0,0,0,0,0,0,0,1,0,11,6,3,0,0,96,0
"156",0,0,0,0,0,0,0,9,13,0,0,0,14,156,880,0,0,0,0,0,0,6,3,0,0,971,11,0,27,9,1,0,14,42,0,0,9,0,0,0,0,41,0,14,0,1,0,2,0,0,0,0,0,0,0,10,0,18,0,1,0,0,0,1,0,0,51,0,39,20,16,1,0,1,0,0,0,0,0,1,0,2,1,0,13,1,42,7,0,72,0,39,199,0,0,0,0,63,9,113,0,0,0,1,14,0,3,84,1,0,0,0,6,38,6,0,0,1,16,0,0,36,0,0,22,0,0,3,0,0,1,42,0,3,1,0,162,0,0,0,15,0,0,0,0,268,0,3,0,0,1,0,0,0,1,0,0,0,1,80,0,0,0,1,0,0,0,0,0,0,0,0,0,0,0,0,0,0,3,0,0,0,0,0,1,0,0,0,0,3,0,1,0,0,1,0,0,0,0,0,0,1,0,1,0,0,0,0,0,0,0,0,2,0,0,0,43,4,7,0,0,0,0,0,0,1,0,0,36,5,33,1,0,310,0,7,0,0,0,1,1,0,0,0,1,0,0,0,1,0,0,0,1,0,2,3,0,0,1,2,4,0,0,1,0,0,0,0,1,2578,0,1,529,0,0,0,0,0,1,2605,0,0,5,0,0,1,0,0,2,0,0,0,4,0,27,2,6,0,0,1,0
"157",0,0,0,0,0,0,0,0,0,0,0,0,0,0,0,0,0,0,0,0,0,94,0,0,0,128,0,0,82,0,0,0,0,143,0,0,303,450,0,0,0,39,0,0,0,0,0,0,0,0,0,0,0,0,19,30,0,0,32,71,0,0,0,0,8,0,0,0,0,0,0,0,0,0,0,432,0,0,0,0,0,0,0,0,0,2,0,0,0,255,0,0,0,0,0,0,0,44,36,170,0,0,22,0,0,0,0,412,1,0,0,0,0,143,135,0,15,4,689,0,0,108,0,189,0,1,0,0,0,0,96,0,0,0,0,0,0,0,0,0,0,0,0,0,0,0,0,78,0,0,0,0,0,0,1,0,0,0,0,0,0,0,0,0,0,0,0,0,0,0,0,57,0,0,0,0,0,0,0,0,0,0,0,0,0,0,0,0,0,29,0,70,0,0,0,0,0,0,0,0,0,0,0,0,0,0,0,0,0,0,12,0,0,0,0,0,0,0,0,0,0,0,0,0,0,0,0,0,305,0,0,0,0,60,0,0,0,0,0,0,0,0,0,0,0,0,0,0,1,0,0,0,0,0,0,84,10,0,25,0,0,0,0,0,0,0,0,0,0,19,0,0,417,0,0,0,0,0,0,3480,0,37,322,0,0,0,0,0,37,0,0,0,0,0,54,0,0,0,0,299,0
"158",44,0,0,0,43,0,1,0,560,0,0,0,12,0,24,0,12,0,0,0,1,17,9,0,1,1520,23,0,53,44,0,0,0,62,0,0,27,134,0,0,3,0,0,0,0,15,0,0,0,0,1,1,0,0,0,42,0,37,0,3,0,1,9,0,0,6,7,0,0,0,18,0,0,1,0,0,0,0,0,3,0,1,1,0,0,0,0,0,0,0,0,17,56,0,0,114,0,63,0,251,0,80,0,0,1,0,0,365,0,0,0,0,0,9,30,0,11,0,6,0,27,0,0,1,258,20,0,1,0,0,1,0,0,1,0,0,283,0,0,0,4,1,0,0,0,0,0,0,1,31,2,0,0,0,1,0,0,1,0,1,0,0,0,0,0,0,0,0,0,0,4,0,10,0,0,0,3,0,0,0,0,0,0,0,3,0,0,0,0,0,0,79,2,0,0,0,0,0,0,0,0,0,0,0,0,2,0,0,0,20,0,0,0,2,0,0,2,0,57,0,81,0,0,0,0,12,0,0,23,0,43,0,0,326,0,0,0,0,0,1,0,0,0,0,0,0,0,2,0,0,1,0,0,0,0,54,5,0,4,12,13,0,0,0,0,0,0,0,0,2941,0,18,200,0,4,0,0,0,1,998,0,0,196,0,0,0,0,7,3,0,0,0,0,0,67,0,232,0,0,38,0
"159",118,3,0,4,0,0,8,0,0,0,0,0,0,0,0,0,33,0,0,0,0,0,0,0,0,0,0,0,0,37,292,0,0,0,0,0,35,0,3,0,0,0,0,0,0,0,0,0,0,3,0,0,0,0,0,0,0,20,0,0,0,0,4,0,0,0,225,0,0,0,0,0,0,0,0,0,0,0,0,0,0,0,1062,0,0,0,0,0,0,0,0,241,150,0,0,0,0,0,0,0,0,15,0,0,0,0,0,1081,0,0,0,0,0,0,0,59,0,57,156,0,0,0,0,0,218,0,0,0,0,0,0,0,0,0,0,0,111,0,0,0,211,0,0,0,0,0,0,0,0,0,0,0,0,0,0,0,0,0,0,0,0,0,0,0,0,6,0,0,0,0,0,0,0,11,0,0,0,850,0,0,0,0,0,0,0,0,0,0,0,0,0,0,0,0,0,0,0,0,0,0,0,0,0,0,0,38,0,0,63,59,0,0,0,0,0,0,0,0,555,0,271,0,0,0,0,0,0,0,0,0,0,0,0,0,0,0,0,0,0,0,0,0,0,0,34,0,2,6,0,0,0,0,0,0,36,255,0,0,0,0,0,0,0,0,0,0,0,0,0,548,0,0,686,0,0,0,0,0,0,0,0,17,0,11,0,0,0,0,0,0,0,0,0,0,1362,0,0,0,0,0,0
"160",34,0,0,0,40,0,0,19,90,0,0,0,20,103,174,0,0,0,0,0,9,16,6,3,0,2120,140,0,65,38,181,0,0,154,0,0,8,12,0,0,0,25,0,59,0,58,0,5,29,0,0,0,0,0,0,67,0,0,0,10,0,84,0,0,0,0,10,0,0,6,80,0,0,3,0,0,0,0,0,1,0,0,3,0,32,3,1,0,0,164,1,13,89,0,0,0,0,25,10,856,4,0,0,0,24,0,3,177,0,0,0,0,0,18,39,0,0,1,84,0,0,40,0,1,75,0,0,0,0,0,0,35,0,2,0,36,1,1,0,0,12,0,0,0,0,469,0,0,0,0,11,0,0,0,0,0,0,0,8,59,0,0,0,1,0,0,1,0,0,0,1,0,0,0,0,0,0,107,19,0,0,0,0,12,2,0,0,0,0,0,0,17,3,0,0,0,0,0,0,0,0,0,0,0,0,115,0,0,0,13,9,0,1,0,1,1,63,0,159,0,0,10,0,0,0,11,0,0,81,0,24,1,0,232,0,0,0,0,0,0,0,0,0,0,1,1,0,0,0,0,0,3,11,0,1,15,0,0,1,8,1,0,0,1,0,0,0,0,0,23,0,4,761,0,0,0,0,0,5,1987,0,0,340,0,0,0,0,0,0,24,0,0,0,0,48,0,10,0,0,131,0
"161",0,0,0,0,0,0,11,2,0,0,0,1,0,0,0,0,0,0,0,0,4,9,0,0,0,1160,0,0,0,0,2,0,0,42,0,0,72,161,0,0,0,0,147,61,0,60,0,0,0,0,0,0,0,0,1,1,0,0,0,9,0,5,0,0,1,0,88,0,0,9,4,0,0,0,0,0,0,0,1,44,0,1,84,6,24,0,1,0,0,23,0,0,0,0,10,0,0,0,40,0,0,0,0,1,0,0,69,5476,1,160,0,11,0,25,4,0,0,0,26,0,0,12,0,0,66,4,0,0,20,0,1,56,1,0,0,0,0,0,0,0,0,0,0,0,0,0,6,4,0,0,5,0,0,0,0,0,0,0,2,61,0,0,0,81,0,0,0,0,0,1,1,1,0,0,0,0,0,125,19,0,1,0,0,0,4,0,0,0,1,1,0,36,0,0,0,0,0,0,1,0,0,0,1,3,1,0,0,0,10,1,0,15,3,1,19,0,23,25,0,5,0,1,0,1,0,0,1,0,18,12,49,0,1,61,0,0,2,0,0,0,1,0,0,0,2,1,0,0,1,0,2,1,8,0,7,2,0,0,1,133,0,0,0,1,0,0,0,132,32,6,3,1,81,0,0,0,0,0,3,1115,0,0,79,0,0,0,0,0,19,1,0,3,0,0,91,1,0,26,0,31,17
"162",0,0,0,0,0,0,6,0,0,0,4,0,0,0,0,0,0,2,0,0,0,0,0,0,0,1,0,0,0,0,0,0,0,0,0,0,254,0,0,0,0,0,0,0,0,0,0,0,0,0,0,0,0,3,0,0,8,0,0,184,0,0,0,46,0,0,20,0,0,0,0,0,1,0,0,0,0,0,172,68,0,9,0,0,0,0,0,0,0,0,0,0,2555,0,0,301,0,0,0,0,0,10,0,1,0,0,0,2577,2,1,9,0,0,0,12,0,2,60,0,5,1,0,0,0,274,0,0,0,0,0,0,0,0,235,65,0,1,0,0,0,1,0,61,1,0,0,4,0,5,0,0,0,1,6,1,0,0,0,0,0,0,9,0,0,0,0,0,0,0,0,0,3,0,0,0,0,0,0,76,0,0,0,0,0,0,26,0,0,0,1,0,0,0,0,2,0,0,0,2,0,0,1,0,0,0,0,0,0,0,0,0,0,0,0,0,0,0,0,0,0,0,0,0,15,0,0,0,0,0,0,0,0,2,0,0,0,0,0,0,0,2,0,0,0,0,0,33,0,1,0,0,0,24,0,56,0,0,0,0,0,0,0,0,0,263,0,0,0,5,252,0,0,0,1,0,0,62,0,30,962,0,1,0,5,0,1,0,0,40,0,0,0,0,1,0,0,0,0,0,0,0
"163",0,0,0,0,0,0,0,0,0,0,0,0,0,0,1,0,0,0,0,0,3,13,0,0,0,2922,0,0,7,12,731,0,0,147,0,0,29,401,0,0,0,0,0,53,0,152,0,0,0,0,4,0,0,0,59,0,0,0,0,0,0,3,0,0,0,0,71,0,0,0,18,0,0,24,0,0,0,0,0,0,0,0,296,0,6,0,0,0,0,11,0,15,0,0,0,0,0,0,58,0,0,0,0,0,0,0,94,251,0,0,0,0,0,100,0,0,0,0,331,0,0,0,0,1,29,0,0,0,0,0,38,58,0,0,0,0,8,0,0,1,9,0,0,0,0,0,0,1,0,3,29,31,0,0,1,0,0,0,0,111,0,0,0,0,0,0,0,0,0,5,0,0,0,0,0,0,0,21,59,0,0,0,0,0,0,0,0,0,0,0,0,84,0,0,0,2,0,1,0,0,0,0,0,0,0,0,0,0,0,3,0,0,0,3,0,0,82,0,162,0,0,6,0,0,0,0,0,0,75,0,16,0,0,113,0,0,0,0,5,0,0,29,0,0,0,0,0,0,0,0,6,0,35,0,18,9,0,0,13,0,1,0,0,0,0,0,0,0,0,22,0,0,272,0,0,0,0,0,0,1886,0,0,539,0,0,0,0,0,34,11,0,0,0,0,1,0,15,0,0,128,0
"164",15,0,57,0,0,0,4,0,3436,0,0,0,13,0,0,0,1,0,0,0,0,10,0,0,1,444,0,23,32,0,0,0,0,0,2,0,0,0,8,0,7,31,0,0,0,118,0,0,0,0,0,0,0,0,43,39,0,0,4,29,0,72,267,0,0,0,45,0,1,0,91,0,0,0,0,0,0,0,0,20,0,0,0,0,118,0,1,0,0,0,0,28,27,0,0,0,0,75,30,577,11,212,0,0,3,43,0,16,0,0,0,0,0,0,75,1,0,0,41,33,11,70,15,1,85,39,0,0,0,0,0,0,0,0,0,0,3,3,0,0,0,0,68,0,0,0,0,7,0,0,0,0,0,0,11,0,0,0,206,161,0,0,0,0,0,0,0,0,0,0,5,0,0,1,0,0,0,0,6,0,0,0,0,0,0,0,0,0,0,0,0,182,0,0,0,0,0,0,0,0,0,0,0,183,0,2,0,0,0,0,0,0,17,0,2,0,30,0,0,10,0,0,0,3,1,0,0,0,0,19,689,0,0,214,0,0,1,0,0,0,0,0,0,0,1,0,0,1,0,0,0,0,0,0,0,19,4,0,10,178,1,0,0,20,0,0,0,274,0,122,0,195,83,0,0,0,6,0,0,737,0,0,318,0,0,0,0,0,51,12,0,0,0,0,13,0,5,0,0,12,0
"165",0,0,0,0,0,1,1,12,0,0,0,0,0,239,5,0,0,0,0,0,73,35,0,4,0,2221,1,0,5,15,17,0,0,63,0,0,1,30,1,0,0,0,0,34,0,15,0,0,0,0,0,0,0,0,9,0,0,0,0,0,1,0,0,0,0,0,252,0,0,0,0,1,3,0,0,84,0,0,0,0,0,0,0,0,45,0,203,0,0,32,0,24,0,0,0,0,0,0,0,0,0,3,0,0,24,0,0,853,0,0,0,0,0,814,0,0,0,0,416,0,0,0,0,1,192,0,0,0,0,0,6,38,0,0,0,1,10,0,0,0,12,0,0,0,0,0,0,1,0,0,7,5,0,3,0,0,0,0,0,47,0,31,0,0,0,0,0,0,0,0,0,0,0,0,0,0,1,0,59,0,0,5,0,0,2,0,1,0,0,0,0,180,1,5,0,1,0,0,0,1,0,0,0,1,0,0,13,0,12,1,0,0,0,0,66,0,10,0,62,0,27,0,0,0,0,0,0,0,59,0,0,0,0,529,0,0,0,0,0,0,1,0,0,0,0,0,6,0,0,0,0,0,1,0,9,16,12,0,0,72,0,0,3,3,0,0,0,0,0,0,0,20,175,0,0,0,0,0,0,2256,0,37,90,0,0,0,0,0,0,0,0,5,0,0,0,0,22,0,0,66,0
"166",48,18,0,0,26,7,1,10,2947,0,0,5,0,1,12,0,0,0,13,0,0,9,7,47,0,1139,0,0,57,23,8,0,0,106,0,0,0,95,0,0,0,83,0,0,0,37,0,47,0,0,4,0,0,0,3,28,1,0,0,1,4,0,0,0,71,0,19,0,7,9,29,0,10,1,0,0,0,0,0,3,0,0,221,0,1,0,0,0,0,70,0,6,0,0,0,0,0,0,0,270,0,36,0,3,0,0,45,242,0,0,1,0,0,19,106,0,0,0,19,1,0,0,0,1,17,0,26,0,1,0,0,16,0,0,0,5,69,0,0,0,0,0,36,0,0,0,0,27,0,0,19,0,0,10,0,0,0,0,0,67,7,0,0,0,6,0,1,0,0,4,28,0,1,0,0,0,4,0,1,1,0,0,0,0,2,22,0,0,0,0,0,41,0,1,0,0,0,3,0,0,0,0,0,111,1,28,0,0,7,9,0,0,0,5,2,1,43,130,209,2,37,19,0,7,0,0,0,0,71,4,4,0,0,316,0,0,3,0,1,0,0,0,756,0,0,44,0,0,0,0,0,0,10,0,20,6,0,0,6,0,0,0,0,0,1,0,0,0,3,1,0,21,438,0,1,0,0,1,13,1146,0,60,238,0,0,0,0,0,23,10,70,0,0,0,55,0,6,0,0,118,0
"167",0,1,69,0,27,7,1,7,543,0,0,0,0,39,19,1,0,0,0,0,0,23,0,0,0,174,25,0,0,20,56,0,0,159,0,0,1,24,1,0,0,14,0,0,0,0,0,4,0,0,1,0,1,14,0,13,0,0,0,187,1,0,0,1,0,0,53,0,0,9,40,2,3,7,0,0,20,5,0,60,0,7,6,0,6,0,0,0,0,45,1,5,0,2,0,0,0,22,20,348,0,0,0,7,0,0,55,159,0,0,0,8,0,0,23,0,70,1,168,0,18,0,0,36,0,0,1,2,0,0,0,13,0,0,0,0,1,0,1,0,5,10,0,0,0,0,0,5,1,0,0,0,1,2,1,0,0,1,8,25,0,4,0,382,0,2,4,0,3,0,4,0,0,0,0,0,1,111,25,0,0,0,2,0,3,0,0,1,0,4,3,85,0,0,0,0,5,4,3,2,0,0,1,3,0,0,3,0,0,0,0,0,8,0,11,0,53,72,0,0,53,34,0,0,0,0,1,0,71,0,98,0,2,56,0,0,4,0,0,2,1,0,60,0,0,3,1,0,1,0,0,1,13,0,2,0,8,3,1,0,7,0,5,4,1,0,0,0,11,135,0,0,3251,1,0,0,0,7,1,1749,0,1,173,0,0,0,0,0,39,27,0,1,0,3,9,0,5,0,0,162,0
"168",0,0,0,0,0,0,1,46,0,0,0,1,1,0,12,0,0,0,0,0,50,37,0,4,0,578,1,0,30,0,104,0,11,0,0,0,3,278,0,0,0,0,0,54,0,3,0,3,0,0,0,0,0,0,10,0,0,0,0,43,0,4,0,1,0,33,66,0,1,0,19,0,3,121,23,0,0,0,1,30,0,14,38,1,667,3,0,1,0,26,0,42,191,0,0,165,1,0,10,0,0,0,0,2,6,4,207,153,1,12,0,0,0,1,2,0,0,0,108,2,0,0,0,0,43,0,0,0,0,63,14,5,0,0,0,0,826,0,0,9,0,0,0,1,0,0,31,5,0,0,7,34,6,0,0,0,0,0,0,52,0,0,4,220,0,2,0,0,0,0,0,0,14,0,0,13,0,215,312,0,2,0,0,0,0,0,0,0,22,3,0,1,0,0,78,1,0,1,3,0,0,0,0,246,0,19,0,0,6,0,0,0,0,0,0,1,33,103,0,21,97,13,81,0,0,0,323,0,22,12,221,1,0,161,0,0,0,0,0,2,2,56,0,0,0,0,0,0,1,0,541,4,24,0,9,3,0,2,7,0,0,38,0,0,0,0,7,161,0,1946,48,22,2,0,0,0,16,8,38,1,0,0,170,0,0,12,0,29,40,0,0,0,0,0,11,47,0,0,0,35,0
"169",0,0,0,0,0,0,1,0,0,0,0,0,0,0,0,8,0,0,0,0,8,0,0,0,0,0,0,0,0,0,0,0,14,0,0,0,0,5,0,0,0,0,0,212,0,0,0,0,0,0,0,0,0,0,0,0,10,0,0,0,0,0,6,0,0,0,0,0,0,0,0,0,0,112,0,0,0,0,0,0,0,1,19,0,9,3,0,0,0,0,0,4,0,0,0,0,0,3,215,0,0,0,0,0,0,3,633,0,0,0,0,0,0,0,0,0,46,0,0,0,0,0,0,1,1520,0,0,0,0,0,30,102,0,0,6,0,0,0,0,0,0,0,0,0,0,0,0,0,0,0,0,0,4,0,1,0,0,0,0,0,0,0,0,0,0,0,0,0,0,1,0,0,83,0,43,0,0,0,0,0,0,0,0,0,1,0,0,0,179,0,0,53,2,0,203,4,0,0,0,0,52,0,0,0,0,1,4,0,0,9,0,0,0,0,3,0,0,0,0,0,0,0,0,0,0,0,0,0,0,0,122,3,0,0,0,31,0,0,0,0,0,0,0,0,0,0,2,0,0,0,0,0,5,1,0,0,0,0,0,0,0,0,0,0,0,0,0,0,0,2025,3,0,0,0,0,0,6,0,13,3515,0,0,0,0,0,0,0,0,0,84,0,6,0,0,413,6,0,0,0,59,59
"170",0,0,0,0,0,0,0,0,0,0,0,0,0,187,5,0,0,0,0,0,12,24,0,1,0,520,0,0,14,0,0,0,0,42,0,0,0,0,0,0,0,0,0,57,0,163,0,8,0,0,0,0,0,0,0,0,0,0,0,52,0,1,0,0,0,0,0,0,0,77,26,0,0,0,0,0,0,0,0,452,0,0,0,0,65,3,0,0,0,14,0,0,28,0,0,0,0,0,53,0,0,10,0,0,1,0,0,2870,0,0,0,0,12,154,0,0,0,0,25,37,0,0,0,0,19,0,1,0,0,0,48,282,0,0,0,0,0,0,0,0,26,0,0,0,0,0,93,0,0,0,13,0,0,0,0,0,0,0,0,13,0,0,4,0,0,0,0,0,1,0,1,0,1,0,0,0,0,1,132,0,0,0,0,0,32,0,0,0,0,1,0,115,0,0,0,0,0,0,0,0,0,0,0,1280,0,9,0,0,0,0,0,0,47,0,0,0,57,0,0,7,0,22,0,0,0,0,0,0,29,0,37,0,0,36,0,0,0,0,0,0,0,0,0,0,0,0,0,0,0,4,199,5,11,0,0,0,1,0,0,0,4,0,0,8,1,0,0,0,0,23,0,12,94,0,0,0,0,0,0,1648,0,0,65,0,0,0,1,0,0,89,0,0,0,3,15,0,7,0,0,14,0
"171",0,0,0,0,0,0,0,0,0,0,0,0,0,0,39,0,0,0,0,0,0,5,0,6,0,529,0,0,12,0,3784,0,0,0,0,0,7,306,2,0,0,0,0,0,0,3,0,0,0,0,0,0,0,0,0,0,0,0,0,223,0,0,0,4,0,0,63,0,1,0,0,0,0,0,0,0,0,0,0,26,0,1,57,0,0,1,0,0,0,30,9,29,0,0,0,0,0,0,8,0,0,0,16,0,0,3,0,457,1,9,0,0,0,0,3,0,0,1,50,0,0,54,0,0,0,0,20,273,0,0,0,129,0,0,1,0,4,0,0,22,5,0,0,1,0,0,0,0,0,0,0,0,0,5,0,0,0,0,0,107,0,0,0,218,0,0,4,0,0,0,0,0,1,0,0,114,6,0,123,0,0,0,0,0,0,0,0,0,0,48,1,65,0,0,168,0,0,1,0,0,0,1,0,1,152,85,0,0,0,0,1,0,0,0,0,0,134,0,0,0,0,60,0,0,0,0,0,0,82,0,43,1,3,196,0,0,0,0,0,1,4,0,55,0,1,16,0,0,15,0,0,0,0,0,3,3,1,0,0,0,0,0,0,2,0,0,0,0,0,197,0,0,76,0,11,0,0,0,0,156,1,0,519,0,0,0,0,0,21,0,0,0,0,98,0,1,4,0,0,14,0
"172",22,0,0,0,95,0,0,0,0,0,0,0,15,0,996,0,0,0,0,0,0,0,0,10,0,27,0,0,0,2,1,0,0,14,0,0,1,1,1,0,4,17,0,35,0,0,0,8,0,0,0,62,0,0,1,0,3,33,0,2,0,0,137,0,0,0,10,0,5,0,44,0,0,1,471,0,0,0,0,0,0,1,0,0,0,0,0,0,8,0,0,7,2164,0,0,21,0,0,2,319,0,0,0,1,0,0,0,92,1,0,0,0,0,0,7,0,2,3,3,8,15,84,0,22,0,0,0,0,0,0,0,0,0,9,0,74,3977,0,0,0,21,0,0,0,0,26,0,0,0,64,0,0,10,1,1,0,0,0,11,4,0,0,0,0,0,1,0,0,0,0,0,0,0,0,3,0,0,0,5,0,0,0,0,0,0,0,0,0,0,1,1,0,1,0,1,0,0,0,0,0,0,1,0,0,0,0,0,0,0,9,0,0,0,0,0,0,39,0,0,0,0,0,1,0,0,0,0,0,33,0,0,0,0,1,0,0,0,0,0,1,1,0,1,0,1,1,14,0,1,0,0,0,0,0,4,2,0,0,0,2,0,0,0,0,0,0,0,0,0,151,0,0,125,5,3,0,0,0,16,6,0,0,4,0,0,0,0,30,2,0,0,0,1,0,44,1,5,0,0,3,0
"173",22,0,0,0,0,0,0,0,53,0,0,0,0,0,3,0,0,0,0,0,0,0,37,0,0,2654,0,0,13,55,0,0,0,0,0,0,0,0,0,0,0,0,0,0,0,0,0,0,4,0,0,20,0,0,0,0,0,40,0,302,0,0,0,0,5,0,0,0,0,0,0,0,0,2,0,0,0,0,0,0,0,0,0,0,0,0,0,0,0,0,0,0,2,0,0,0,2,0,0,1167,0,10,0,0,0,0,0,1243,31,0,0,0,4,0,0,0,54,0,0,32,0,10,0,0,0,0,1309,0,0,0,0,0,0,0,0,0,0,0,0,0,0,0,0,0,0,0,0,0,0,0,0,0,0,0,0,0,0,0,0,20,0,0,0,0,0,0,0,1,0,0,0,0,53,0,0,0,0,0,0,0,0,0,0,0,0,0,0,0,0,5,0,302,0,0,0,0,0,0,0,0,0,1,0,0,0,0,0,0,16,0,0,0,0,0,0,0,0,0,0,0,0,0,0,0,0,0,0,0,0,0,0,0,0,0,14,0,0,0,0,3,0,0,0,0,0,24,0,0,1,0,0,0,0,0,0,0,0,0,0,0,0,0,0,0,0,0,0,0,0,9,0,0,59,0,0,0,0,0,0,1197,0,0,99,0,0,0,13,0,0,0,0,0,0,0,0,0,0,0,0,0,0
"174",0,0,0,0,28,0,0,4,22,0,0,0,10,1,492,0,46,8,0,0,9,16,0,0,0,37,34,0,5,0,0,0,0,0,0,0,0,34,0,0,0,7,0,0,0,10,0,7,0,0,0,27,0,0,1,16,0,0,0,9,0,1,0,0,0,0,31,0,0,0,22,0,0,1,0,0,0,0,1,7,0,4,1,0,0,1,24,0,0,137,0,8,0,0,0,1,1,15,33,162,0,0,0,0,0,0,0,759,0,11,0,0,0,29,0,0,120,0,38,0,0,40,0,1,13,47,1,0,1,0,1,1,0,0,1,0,111,0,0,0,16,0,26,0,0,0,0,18,0,41,1,3,13,0,1,0,0,0,20,0,0,0,0,0,0,0,0,0,0,0,1,0,1,0,0,0,0,5,207,0,0,0,0,0,0,0,0,0,0,0,0,34,13,0,0,1,0,1,0,0,0,0,0,0,0,6,0,4,1,0,6,0,0,3,1,1,44,0,5,0,0,0,0,0,0,0,7,0,54,0,24,0,1,159,0,0,0,0,0,44,0,0,0,8,3,14,0,0,0,0,4,4,9,0,0,10,1,0,1,24,4,0,0,1,0,0,0,0,37,4894,1,0,0,0,0,0,1,0,1,643,0,0,41,0,0,0,0,0,3,14,0,0,0,0,118,1,145,0,0,44,0
"175",0,0,0,1,0,0,0,0,0,0,0,0,0,0,22,0,0,0,0,0,115,0,0,4,0,964,0,0,122,14,0,0,0,0,0,0,1,0,0,0,1,0,0,222,0,240,0,0,1,0,0,0,0,0,0,0,0,2,0,0,0,0,8,0,0,0,23,0,0,0,0,0,2,178,0,0,0,0,0,13,8,0,0,0,0,0,364,1,0,106,0,13,31,0,0,7,0,0,127,0,0,0,0,1,0,3,0,270,6,0,0,0,0,113,3,0,0,0,63,0,0,0,0,0,0,21,0,0,0,0,0,0,0,0,1,0,37,0,0,0,71,0,0,1,0,0,0,44,0,0,28,4,0,12,2,3,1,7,0,0,0,0,0,0,0,0,0,0,0,0,0,0,1,0,0,0,0,0,0,0,0,0,0,0,0,0,0,0,0,0,0,217,0,0,0,0,0,0,0,0,457,0,0,0,0,15,0,0,0,19,0,0,0,0,0,0,0,0,94,0,0,56,0,0,0,0,0,0,0,0,89,2,0,353,0,0,0,0,0,0,1,5,0,0,0,0,0,0,3,0,0,0,0,0,9,0,0,0,5,6,0,0,0,0,0,1,0,0,0,40,0,103,1073,0,0,0,0,0,15,3331,0,0,147,0,0,0,0,1,0,0,0,0,0,0,0,0,27,0,0,13,0
"176",0,1,0,0,0,0,0,0,0,0,4,0,1,112,1,0,0,1,0,76,2,13,0,0,0,1652,0,0,8,0,102,0,0,167,0,0,539,31,0,0,0,0,0,39,0,0,0,4,0,1,0,0,0,0,0,0,0,2,1,15,0,0,10,0,0,0,1,0,0,0,0,0,0,1,0,0,0,0,0,35,0,37,0,0,0,0,10,0,0,8,1,5,4,0,67,0,0,0,5,0,0,0,0,0,8,0,151,1118,1,223,0,0,0,0,3,10,0,54,7,2,0,36,0,0,690,22,0,10,0,0,41,1,7,0,0,0,1,0,0,12,1,0,65,1,287,0,0,0,0,0,0,40,5,0,0,0,0,0,0,2,0,0,0,91,0,0,0,0,0,0,0,0,1,1,0,0,0,0,0,0,1,0,0,0,0,0,0,18,0,1,0,8,11,0,1,0,0,0,0,0,0,0,0,0,0,7,0,0,13,26,0,0,0,0,103,0,1,0,259,0,0,0,0,0,0,0,0,0,86,0,29,0,0,248,0,0,0,31,0,26,1,0,0,22,0,0,0,0,1,0,0,0,0,0,3,4,2,0,12,0,0,0,0,2,0,0,0,0,0,1940,0,0,104,0,0,0,0,0,5,131,0,0,69,0,0,0,0,0,4,27,0,0,1,0,3,4,1,50,0,0,0
"177",82,0,0,0,0,0,16,8,400,0,0,0,0,0,22,0,40,25,0,3,0,0,0,1,0,699,32,0,0,21,98,0,0,90,0,0,7,162,0,0,4,52,0,0,0,86,0,18,0,0,0,0,0,0,0,51,0,51,0,189,1,0,6,0,38,0,132,0,0,84,87,0,0,0,0,0,0,0,0,274,0,12,12,0,0,1,0,0,0,80,233,39,0,0,0,4,0,18,31,180,0,70,0,0,0,0,0,13,0,12,0,0,0,6,0,0,211,1,42,0,0,44,0,1,287,154,0,0,0,0,16,64,0,1,0,0,93,0,0,0,0,1,28,0,0,358,0,0,0,14,3,0,0,4,0,8,0,0,36,0,0,0,0,154,0,0,0,0,0,0,3,45,66,0,34,0,0,5,381,0,0,0,0,0,7,0,0,0,0,0,0,124,1,0,0,0,0,1,0,0,0,0,0,457,165,6,0,0,1,8,0,0,0,2,42,0,30,0,0,0,2,0,0,0,0,1,0,0,37,0,90,0,1,199,0,0,11,0,0,15,0,0,0,0,3,1,0,0,0,0,0,0,0,0,18,11,0,0,14,0,1,0,0,5,0,0,0,874,3,1162,11,0,67,0,0,0,0,0,22,786,0,0,513,0,0,0,0,0,0,59,0,0,0,0,11,0,10,0,0,127,0
"178",0,0,0,0,22,10,3,0,0,0,0,0,0,132,1,7,0,0,0,0,77,22,0,1,0,592,53,0,1,30,334,0,0,35,0,0,0,233,0,0,3,0,0,58,0,24,0,14,0,0,0,0,0,0,0,42,0,0,0,286,0,0,0,0,4,0,378,0,0,24,278,3,0,0,0,0,0,0,0,0,0,49,313,0,0,0,0,0,0,0,0,62,3,0,0,0,0,0,28,98,0,0,0,11,0,32,0,365,0,38,1,38,0,17,68,0,16,0,43,0,10,21,0,1,8,0,29,0,14,0,0,91,0,0,0,0,0,0,0,0,21,0,0,0,70,0,61,10,1,0,0,81,0,0,0,0,0,0,0,120,0,0,0,0,0,1,0,0,0,4,2,0,3,0,0,0,3,181,89,10,0,0,0,0,21,0,0,0,0,0,155,49,0,0,0,0,0,3,8,165,0,0,0,1385,0,0,1,0,0,6,0,0,0,0,7,0,74,127,0,0,0,42,0,0,0,0,0,0,0,0,507,1,0,58,0,0,26,0,0,9,0,0,0,0,0,0,0,0,0,0,0,5,17,0,0,1,1,0,10,0,3,0,0,1,1,0,0,0,0,628,0,0,17,4,0,0,0,0,5,1625,0,1,215,0,0,0,0,0,126,28,0,0,0,0,0,0,0,0,0,19,0
"179",0,0,0,0,0,0,14,90,0,0,0,0,1,368,2,0,0,0,0,0,67,182,0,1,0,125,1,0,2,0,72,0,16,157,0,0,11,81,1,0,1,0,0,199,0,152,0,10,0,0,0,0,0,0,69,0,0,1,0,191,0,25,1,0,22,0,1,0,0,0,32,0,0,94,0,0,0,1,0,474,0,0,0,0,50,2,74,0,0,46,0,1,1,0,0,0,0,0,0,0,0,0,0,0,23,0,0,1,1,0,0,0,0,884,1,1,1,1,77,0,0,0,0,0,832,0,0,0,0,0,0,310,0,0,1,0,1,0,26,0,3,0,0,1,263,0,11,9,3,0,23,81,0,14,1,0,0,1,0,87,0,0,0,0,0,0,0,0,0,0,0,0,0,0,0,0,0,303,88,0,0,0,0,5,47,0,0,0,0,1,0,65,8,0,42,0,0,0,0,0,1,1,0,278,0,13,1,0,0,1,0,0,0,0,0,0,95,111,259,3,5,12,0,0,0,0,0,0,312,0,208,0,0,96,0,0,0,0,0,68,1,0,0,11,0,0,0,0,1,0,0,0,39,0,0,3,2,0,5,0,4,0,0,6,0,0,0,0,35,1,0,90,51,0,1,0,1,0,26,1969,1,0,0,0,0,0,0,0,13,0,0,0,0,0,46,0,0,0,0,39,0
"180",0,0,0,0,26,0,0,10,27,0,0,1,0,7,10,0,0,85,0,0,101,46,4,0,0,347,20,0,8,0,0,45,0,11,0,101,1,39,0,0,3,35,0,63,0,164,115,2,31,0,0,0,0,0,0,6,0,0,0,21,0,52,0,0,131,0,373,0,0,0,143,0,0,71,6,0,0,0,0,41,34,12,110,1,402,0,0,116,0,91,1,16,0,0,0,9,0,14,17,222,3,0,0,9,6,1,60,1011,1,0,0,3,0,665,13,0,0,0,36,10,0,11,0,0,194,7,0,0,29,1,12,111,1,1,0,0,1,0,0,0,0,0,0,0,0,0,0,3,0,0,35,0,0,0,1,0,0,0,3,65,0,0,1,116,0,2,0,0,0,0,0,0,1,0,0,5,0,103,93,14,1,0,2,0,1,0,7,0,5,1,0,180,0,0,1,0,56,0,0,0,1,0,0,68,0,23,0,0,0,5,0,0,2,10,16,0,160,23,0,5,0,28,0,1,0,0,0,0,85,6,82,0,0,607,0,2,0,0,0,1,1,5,1,0,0,0,0,0,1,0,64,1,21,0,19,0,0,1,3,2,1,9,0,0,0,0,0,25,1,1,3,97,24,0,1,0,0,1,1,1538,0,0,182,0,0,0,0,1,13,49,0,0,0,0,54,15,0,46,0,120,0
"181",0,0,0,0,0,0,0,0,0,0,0,0,0,0,40,0,0,0,0,0,84,19,4,0,4,136,0,0,261,0,682,0,0,0,0,44,0,0,0,0,0,0,0,0,0,0,0,1,0,0,0,0,0,0,23,0,0,0,0,0,0,15,0,0,0,7,25,0,36,0,0,0,5,22,11,0,0,0,0,38,0,0,0,0,0,1,0,3,0,0,0,0,0,0,0,73,227,0,79,0,0,13,0,0,10,0,0,1172,0,87,0,0,0,39,0,0,0,0,22,0,0,0,0,0,0,0,524,0,0,15,5,118,0,0,0,0,0,0,0,0,0,0,0,0,0,0,0,63,0,0,0,0,0,0,0,0,0,32,0,82,0,0,0,1067,0,0,0,0,0,0,0,0,0,0,0,24,0,2,0,0,0,0,0,0,0,0,0,0,0,0,0,0,0,0,0,0,0,3,0,0,0,0,0,0,413,33,0,0,0,0,0,0,0,0,0,1,132,38,0,0,0,28,0,0,0,0,0,0,21,0,0,0,0,317,0,0,0,0,0,17,0,0,32,0,12,0,0,0,0,0,0,7,0,0,9,0,9,0,11,9,17,35,0,0,0,0,0,0,10,48,0,0,219,0,0,0,0,3,34,3056,0,0,26,0,0,0,0,0,0,0,0,0,0,0,0,0,0,0,0,7,0
"182",21,0,0,0,0,0,2,0,114,0,0,0,133,0,0,0,0,0,0,0,0,0,37,0,0,351,0,0,5,0,0,0,0,115,0,0,0,0,0,0,26,0,0,0,0,6,0,0,0,0,0,0,0,0,0,0,0,0,0,0,0,0,0,0,469,0,0,0,0,0,0,0,17,0,0,0,0,0,0,0,0,0,0,0,0,0,0,0,0,0,0,0,20,0,0,0,0,57,0,910,0,55,0,0,0,0,0,1102,28,0,0,4,0,0,65,0,5,20,0,6,7,0,0,0,0,0,0,0,0,0,0,0,0,0,0,0,1,3,0,0,306,0,113,0,0,0,0,0,0,0,0,0,0,0,0,0,0,1,0,69,0,0,0,0,0,0,0,0,0,0,0,0,0,0,0,0,0,11,0,0,0,0,0,0,0,0,0,0,0,1,0,0,0,0,0,0,0,0,0,0,0,1,0,0,0,0,0,0,0,0,0,0,0,0,0,0,0,0,0,0,0,0,0,0,0,0,0,1,0,0,0,0,0,454,0,0,0,0,0,0,0,0,0,0,0,0,0,0,40,0,0,0,0,0,0,0,0,0,0,0,0,0,0,0,0,0,0,0,0,10,0,0,2155,0,0,0,0,0,0,1976,0,0,0,0,0,46,0,0,0,0,0,0,0,0,0,0,63,0,0,0,0
"183",0,0,0,0,0,0,0,0,0,1,0,0,0,0,1,0,0,0,0,0,0,50,0,1,0,1543,0,0,6,0,35,0,0,106,0,0,5,91,0,0,0,0,0,111,0,17,0,0,4,0,0,0,0,0,0,0,0,0,0,0,0,0,0,0,0,0,159,0,0,0,0,0,0,0,0,0,0,0,0,50,0,0,200,0,0,0,5,0,0,28,0,0,0,0,0,0,0,0,32,0,0,0,0,0,0,0,0,2847,0,0,0,0,0,2,19,5,0,38,0,0,0,0,0,0,22,0,0,0,0,0,108,237,0,0,0,0,7,0,0,0,50,0,0,0,0,6,0,0,0,3,18,0,0,0,1,0,0,0,0,0,0,0,0,3,0,0,0,0,0,0,0,0,0,0,0,1,0,0,0,0,0,0,0,0,0,0,0,0,0,0,0,37,1,0,0,0,0,0,0,0,0,0,0,0,0,35,0,0,0,1,0,0,0,0,1,0,0,0,557,0,0,0,0,0,0,0,0,0,4,0,47,0,0,85,0,0,0,0,0,1,0,0,0,0,0,124,0,0,0,0,0,0,27,0,10,4,0,0,0,0,0,0,0,11,0,0,0,0,0,0,0,18,342,0,1,0,0,0,0,1739,0,0,310,0,0,0,0,0,0,0,0,0,0,0,0,0,7,0,0,162,0
"184",0,0,0,0,0,0,0,22,0,0,0,0,0,0,50,0,5,0,0,1,0,9,0,12,0,0,0,0,141,21,65,0,0,155,0,0,109,19,3,12,0,3,0,0,0,0,0,0,0,0,5,0,0,6,49,0,0,0,0,9,3,0,1,0,0,0,17,1,0,79,139,0,3,5,0,0,1,0,0,3,0,0,1,0,0,6,27,0,5,78,0,27,218,0,0,6,0,0,59,0,0,194,1,0,6,0,0,89,0,0,0,0,0,32,11,1,0,30,6,0,0,0,0,1,374,0,0,0,0,0,1,0,0,4,0,0,11,8,0,0,8,0,0,0,0,27,16,0,3,1,8,23,0,5,57,0,0,0,0,28,0,0,0,1722,0,0,0,0,0,0,1,0,0,0,0,0,0,19,55,0,0,7,0,0,5,0,0,0,0,0,0,27,3,1,0,0,0,0,0,0,0,0,0,0,0,2,1,2,24,24,0,0,0,41,39,1,93,0,298,10,21,23,0,0,0,19,0,0,116,0,0,0,0,1332,0,0,1,0,0,72,0,0,0,0,3,22,0,0,0,0,0,0,0,0,14,8,1,1,6,1,0,0,9,3,0,0,0,0,9,188,0,35,478,0,10,0,0,0,119,1948,0,0,75,0,0,0,1,0,0,13,0,0,0,0,105,0,3,0,0,179,0
"185",28,0,0,0,0,0,0,0,3690,0,0,0,15,0,19,0,0,0,0,0,0,0,35,3,0,497,0,0,12,0,0,0,0,0,0,0,0,0,0,0,4,0,0,0,0,0,0,0,18,1,0,0,0,0,0,0,2,0,8,0,0,1,91,0,7,0,0,0,1,0,0,0,0,0,0,56,0,0,0,0,0,7,0,0,0,0,0,47,0,0,0,14,1,0,0,11,0,0,0,618,0,123,0,0,0,0,0,183,0,0,0,28,0,2,68,0,52,0,0,0,0,0,0,1,1,0,0,0,0,0,0,0,0,0,0,0,0,0,0,0,0,0,36,0,0,0,0,0,0,0,0,0,5,0,0,0,0,0,9,0,0,0,0,0,0,0,0,0,0,0,0,0,14,0,0,0,0,0,16,0,0,0,0,0,0,0,0,0,0,0,0,18,1,0,0,14,0,0,0,0,0,0,0,4,398,0,0,0,0,4,0,0,0,0,0,0,1,0,0,0,0,0,0,0,0,0,0,0,14,0,0,0,0,91,0,0,0,0,0,0,0,0,0,0,0,0,0,0,0,0,0,0,0,0,0,0,0,0,0,0,0,0,0,0,0,0,0,0,0,1049,0,0,820,1520,0,0,0,0,0,12,0,0,0,0,0,0,3,0,0,0,0,0,0,0,0,0,0,0,0,0,0
"186",0,0,0,0,24,0,1,0,24,0,0,0,0,0,0,0,3,0,0,0,0,33,10,0,0,3640,35,0,0,0,351,0,0,450,0,0,0,0,0,0,0,0,0,0,0,0,0,8,0,0,0,0,0,0,11,22,0,48,0,22,0,0,0,0,3,0,0,0,0,40,0,0,0,0,0,9,0,0,1,0,0,0,10,0,0,0,0,0,0,0,0,9,4,0,0,0,4,44,0,134,3,0,0,0,0,0,0,31,72,0,0,26,16,0,0,0,0,0,0,24,0,0,0,0,0,24,1333,0,0,0,0,0,3,0,0,0,0,0,0,0,0,0,90,0,0,9,0,4,0,0,0,0,0,0,0,0,0,0,0,99,0,10,0,0,0,0,2,0,0,0,13,0,0,5,0,0,0,0,0,0,0,0,0,18,5,1,0,0,0,21,33,29,0,0,0,0,0,0,2,0,0,1,0,6,0,0,0,0,0,0,0,0,0,0,0,0,0,1,0,0,0,1,0,119,0,0,0,0,58,0,0,0,0,0,0,0,0,0,4,4,1,0,782,0,8,32,0,0,1,0,0,0,0,0,0,0,0,0,0,0,0,0,0,1,0,0,15,0,29,185,0,0,121,0,0,0,0,0,0,0,0,0,424,0,0,0,0,0,0,14,0,0,0,0,113,0,0,7,0,0,8
"187",0,0,0,0,0,0,1,0,34,0,0,0,13,0,3,0,0,0,0,0,0,0,5,1,0,700,16,0,2,0,0,9,0,121,0,0,0,0,0,4,2,0,0,52,0,5,0,0,0,0,0,0,0,0,0,28,0,26,0,0,0,0,0,0,0,0,72,0,0,0,0,0,8,7,0,0,0,0,0,0,0,0,0,0,54,27,0,0,0,95,0,5,1,0,0,0,0,20,36,0,0,64,0,0,0,0,0,1590,1,0,0,1,19,226,116,0,3,0,0,0,21,0,0,0,414,0,0,0,0,0,0,0,0,1,0,0,1,0,0,0,0,0,0,0,0,0,0,11,0,0,54,0,0,0,1,0,0,1,0,25,0,0,0,100,0,0,0,130,0,0,0,0,1,0,0,0,0,160,105,0,0,0,0,0,0,0,0,0,0,0,0,52,1,0,0,0,0,0,0,0,0,0,0,5,0,76,0,0,0,1,0,0,1,0,0,0,0,0,0,0,0,28,0,0,0,0,0,0,0,0,41,0,0,14,0,0,0,0,0,55,1,0,0,0,0,0,28,0,1,0,0,0,0,1,0,2,0,0,0,0,0,0,0,0,7,0,0,0,0,1,0,0,233,0,0,0,1,0,0,4171,0,0,414,0,0,0,0,1,20,31,0,0,0,0,71,0,266,0,0,87,0
"188",0,0,0,0,0,0,67,0,0,0,0,0,0,432,75,0,0,0,0,0,0,0,0,0,0,5478,0,0,8,0,0,0,0,54,0,0,16,0,0,0,0,0,0,0,0,75,0,0,0,0,0,0,0,0,0,0,0,0,0,0,0,0,8,0,0,0,278,0,0,0,0,0,0,0,0,1,0,0,0,0,0,0,0,0,0,0,0,0,0,37,0,0,14,0,0,0,0,0,0,0,0,0,0,0,0,0,0,0,0,0,0,0,0,87,0,0,0,0,36,0,0,0,0,1,143,0,0,0,0,0,4,83,0,99,0,0,641,0,0,0,0,0,0,0,0,0,0,0,0,0,0,0,0,0,0,0,0,0,0,0,0,0,0,0,0,0,0,0,0,0,0,0,1,0,0,0,0,1,0,0,0,0,0,0,0,0,0,0,0,0,0,14,2,0,0,0,0,0,0,0,0,0,0,0,0,0,0,0,0,11,0,0,0,0,0,0,0,0,0,0,0,0,0,0,0,0,0,0,0,0,0,0,0,0,0,0,0,0,0,1,0,0,0,0,0,0,0,0,0,0,0,0,0,0,0,0,0,0,0,0,0,0,0,0,0,0,0,0,0,63,0,0,177,0,0,0,0,0,0,1398,0,0,0,0,0,0,0,0,8,0,0,0,0,0,0,0,0,0,0,92,0
"189",0,0,0,0,26,34,89,0,0,0,0,0,10,31,90,0,1,32,0,0,0,4,8,0,0,930,0,0,15,34,163,0,0,0,0,0,0,0,0,3,0,0,0,0,4,0,67,0,0,0,0,0,0,0,0,0,0,0,0,1,0,0,0,0,0,0,64,0,0,0,0,0,0,9,0,0,0,0,1,0,0,0,0,0,0,1,0,0,0,85,414,0,248,0,0,138,0,32,0,136,0,75,0,0,0,0,0,529,0,1,0,0,0,31,0,0,13,0,1,11,0,0,18,1,497,0,0,0,0,0,0,32,0,0,0,0,267,0,0,0,0,0,70,0,0,99,0,0,0,103,0,0,3,0,1,0,0,0,0,0,0,0,0,0,1,0,0,0,0,0,1,1,4,0,0,0,0,0,57,0,0,0,0,0,0,0,0,0,0,18,0,32,0,0,0,0,2,0,0,0,0,0,0,0,382,3,0,2,0,232,0,0,0,9,0,0,35,0,246,0,0,0,0,0,0,0,0,1,40,0,125,0,0,670,0,0,4,0,0,0,0,0,0,0,0,0,0,0,0,0,0,3,0,0,0,1,6,0,0,0,0,0,0,1,0,0,0,0,0,259,10,0,1061,17,0,0,0,0,0,1449,0,306,84,0,1,0,0,0,0,53,0,0,0,0,316,0,19,0,1,44,0
"190",0,0,0,0,63,0,2,0,38,0,0,0,18,1,25,0,0,0,0,0,0,0,0,0,0,1278,0,0,0,42,0,0,0,0,0,0,0,12,0,0,0,0,0,0,0,278,0,0,0,0,0,0,0,16,0,22,0,0,3,59,0,0,0,4,0,0,159,0,0,648,37,0,0,0,0,0,0,1,0,29,0,5,0,0,118,0,0,0,0,0,1,22,3,0,0,0,0,47,0,1476,0,0,0,0,6,0,0,24,0,0,0,0,0,0,0,0,8,0,149,4,32,20,0,0,0,0,0,0,0,0,0,0,0,0,0,0,91,0,1,0,44,3,0,0,0,8,0,0,2,0,0,0,0,3,0,0,0,1,0,0,0,12,0,0,0,0,0,0,0,0,0,0,0,0,0,0,8,0,164,0,0,0,0,1,1,0,0,0,0,1,0,38,0,0,0,0,0,0,0,0,0,1,0,72,0,0,0,0,0,0,26,1,0,0,0,0,0,0,0,0,0,2,0,0,0,0,0,0,0,0,0,0,0,293,0,0,1,0,0,2,6,0,1,0,0,10,0,0,0,0,0,0,0,0,4,8,134,0,1,0,0,0,0,3,1,0,0,0,20,10,0,0,485,0,0,0,0,0,0,3416,0,133,10,0,0,0,6,0,0,0,0,0,0,0,0,0,14,0,0,22,0
"191",0,0,0,1,30,0,0,15,22,1,108,4,0,406,33,0,0,17,0,1,25,3,0,0,0,805,38,0,0,0,8,0,12,42,0,0,10,1,5,0,1,10,185,235,1,143,0,12,0,0,43,7,0,0,40,29,0,0,0,15,1,29,0,0,0,0,1,0,1,0,121,0,0,246,10,0,0,0,0,6,69,0,1,0,400,0,0,0,0,66,273,4,0,0,0,0,0,20,51,177,13,0,0,13,18,0,0,1,0,9,0,0,0,28,56,0,19,0,22,0,0,122,0,1,347,73,0,0,0,19,8,99,0,0,0,24,21,0,4,0,3,1,28,60,0,0,9,30,0,0,6,7,0,3,0,0,0,0,149,131,0,0,0,0,0,0,1,0,0,0,1,0,0,0,0,0,0,14,60,1,0,0,0,0,1,0,0,0,4,0,0,46,0,0,0,0,0,3,0,0,0,0,0,22,269,1,0,0,1,0,0,0,32,1,3,0,48,16,0,0,1,1,0,0,0,8,0,0,61,0,126,0,1,78,0,0,4,0,0,1,0,0,174,0,1,4,0,0,0,0,44,1,13,3,3,11,3,3,6,107,1,5,0,1,0,0,0,158,0,1,1,32,1189,0,0,0,0,0,19,2241,1,0,322,2,0,0,0,0,30,38,0,0,0,0,0,5,3,24,0,40,1
"192",0,0,0,0,291,0,20,0,22,0,0,0,19,0,175,0,0,0,0,0,0,0,15,0,0,1,0,0,0,0,188,0,0,112,0,26,53,0,0,0,0,0,0,0,0,0,0,0,0,0,0,0,0,0,0,217,0,0,13,0,0,0,0,6,9,0,0,0,0,108,0,0,0,0,0,0,0,0,0,0,0,2,0,0,0,0,1,0,0,0,686,0,0,0,0,0,0,51,0,160,0,177,0,0,0,0,0,5,0,0,0,79,0,0,0,0,467,1,0,0,39,15,0,0,0,74,0,0,0,0,0,0,394,9,0,0,0,0,0,0,0,0,0,0,0,2,0,0,0,0,0,0,0,0,1,0,0,1,0,0,0,0,0,0,0,0,0,0,0,7,0,9,0,0,0,0,0,0,248,0,0,0,0,1,0,0,3,0,0,50,0,0,0,0,0,0,0,0,0,0,0,1,0,0,4,0,0,0,0,36,0,0,0,0,0,0,0,0,0,0,0,0,0,0,0,0,0,0,39,0,0,0,0,266,0,0,0,0,0,0,0,0,0,0,0,0,0,0,20,0,0,0,0,0,0,0,0,0,0,0,0,0,0,0,0,0,0,84,621,1,0,0,383,0,0,0,0,0,41,3871,0,0,0,0,0,0,0,0,0,155,0,0,0,0,109,0,0,0,0,0,0
"193",0,0,0,0,0,0,0,0,0,0,0,0,0,0,0,0,3,1,0,0,0,17,0,0,0,0,0,0,7,0,207,0,0,33,0,0,0,48,1,0,0,0,96,0,0,0,0,0,0,0,0,0,0,0,0,0,0,0,3,0,0,0,0,0,96,0,33,0,0,0,0,0,0,0,0,0,0,0,0,1,0,12,0,0,0,1,0,0,0,37,662,25,0,0,0,46,0,0,55,0,0,0,0,0,0,0,0,923,0,42,0,0,0,40,8,1,0,0,0,0,0,0,0,1,34,25,0,0,1,0,0,0,0,3,0,0,102,0,0,0,3,0,0,0,0,0,4,0,0,41,10,0,2,0,0,0,0,0,0,68,0,0,0,41,0,0,0,0,0,0,1,0,0,0,0,0,0,0,55,1,0,0,0,0,0,0,0,0,0,0,0,34,4,5,0,0,0,0,0,0,159,0,0,1,0,1,0,8,0,14,0,0,0,0,2,0,74,0,5,0,0,0,0,0,0,2,0,0,81,0,13,0,0,662,0,0,1,0,0,0,0,138,0,0,0,59,0,0,0,0,0,0,0,0,0,0,1,0,0,0,3,0,0,1,0,0,0,0,0,43,0,0,251,7,6,0,0,0,0,4353,0,0,49,0,0,0,0,0,0,10,0,0,0,0,388,0,4,0,0,97,0
"194",0,0,0,0,0,0,0,1,0,0,0,0,0,1,877,0,0,0,1,0,1,4,0,0,0,2580,0,0,80,0,1,0,0,30,0,0,0,0,0,0,0,0,0,12,7,44,0,12,0,0,0,0,0,4,0,0,0,0,0,0,0,0,0,0,0,0,13,0,0,0,9,0,0,0,0,0,1,5,0,7,0,0,0,0,38,0,0,0,0,1,0,134,36,0,0,0,0,0,1,0,0,0,0,0,1,0,0,2850,0,0,0,0,0,1,0,0,0,0,76,0,1,0,0,0,200,0,0,0,0,0,0,1,0,0,0,0,57,0,0,0,494,0,0,0,0,0,10,0,0,0,9,0,0,1,0,0,0,0,10,9,0,0,0,0,0,0,0,0,2,0,0,0,0,0,0,0,0,0,7,0,0,0,0,0,0,0,0,0,0,0,0,0,4,0,0,0,0,0,0,0,0,0,0,0,0,0,0,0,0,0,0,0,0,0,0,0,1,0,0,0,22,0,0,0,0,0,0,0,11,0,58,0,0,52,0,0,3,0,0,0,0,0,170,0,0,0,0,0,0,0,0,0,0,0,0,0,69,0,0,242,3,0,0,0,0,0,0,0,0,323,0,0,260,1,0,0,0,0,0,1,0,0,0,3,0,0,0,0,3,0,0,0,0,4,7,0,61,0,0,15,0
"195",0,0,0,0,0,0,3,0,0,0,0,0,0,0,130,0,0,0,0,0,199,0,0,0,0,2898,0,0,0,0,0,0,0,0,0,0,84,0,0,0,0,0,0,103,0,0,0,0,0,0,0,0,0,0,0,0,0,0,0,0,0,89,0,0,0,0,642,0,0,0,34,0,3,344,0,0,0,6,0,23,0,1,0,0,980,0,0,0,0,0,0,0,62,0,0,0,0,1,39,0,0,0,0,0,44,0,0,319,0,0,0,0,31,136,0,0,0,0,0,0,0,0,0,1,0,0,0,0,0,0,0,990,0,0,0,0,0,4,0,0,439,0,0,0,0,0,0,0,0,13,21,0,0,0,0,0,0,0,0,66,0,0,0,0,0,0,0,0,0,2,0,0,0,0,0,0,0,221,0,0,0,0,0,0,0,0,0,0,0,0,0,0,0,0,0,0,0,0,0,0,0,0,0,95,0,0,0,0,0,0,0,0,0,0,0,0,0,0,230,0,67,50,0,0,0,0,0,0,110,0,356,0,0,0,0,0,0,0,0,0,0,0,0,1,0,0,0,0,0,0,0,0,0,0,40,0,0,0,0,0,0,0,0,0,0,0,0,0,0,0,0,0,0,0,0,0,0,0,0,0,0,0,0,0,0,0,0,0,0,0,0,0,0,0,236,0,0,0,0,0,0
"196",0,0,0,0,0,0,5,12,0,0,13,1,0,0,10,0,0,0,0,0,1,1,1,5,1,4512,1,0,7,19,294,18,1,39,0,21,11,3,0,0,0,0,0,13,0,59,0,3,0,0,6,0,0,0,12,0,0,0,0,9,5,1,0,0,0,1,58,0,0,0,13,0,1,9,5,0,0,0,0,7,0,3,41,1,25,0,0,1,0,16,1,73,0,13,0,0,0,0,1,0,0,0,0,21,1,1,1,455,0,34,0,0,0,1,8,0,0,0,7,0,0,0,0,0,69,0,0,0,142,0,3,1,0,2,0,0,15,1,0,0,505,0,0,0,0,0,7,1,0,0,10,1,0,8,1,0,0,0,103,6,0,0,14,1,0,0,1,0,0,0,1,0,0,1,0,0,6,1,60,4,1,0,0,0,5,0,0,0,29,0,7,17,2,0,30,0,0,3,0,0,0,0,0,1,0,6,0,0,0,1,0,0,3,2,1,3,10,10,85,1,0,6,0,10,0,5,0,0,17,1,52,1,0,38,0,0,1,0,0,251,0,23,0,0,0,0,0,0,0,1,6,1,4,0,1,6,0,1,1,0,5,0,0,1,4,0,0,0,4,0,0,0,80,0,0,0,0,1,1,1991,0,0,27,0,0,0,0,1,11,0,36,0,1,0,1,4,61,69,0,13,0
"197",0,0,0,0,200,0,0,0,152,0,0,0,33,110,4,0,0,0,0,0,0,0,38,0,0,543,0,9,3,14,194,0,0,0,0,0,0,0,0,0,0,0,0,0,0,7,0,0,0,0,0,0,0,0,0,0,0,40,0,0,0,0,0,0,0,0,0,0,4,0,0,0,0,0,0,385,0,0,0,0,0,0,0,0,0,0,0,0,0,0,0,0,4,0,0,0,34,0,0,1504,0,0,0,0,0,0,0,2102,0,0,0,0,0,0,99,0,38,0,73,0,15,0,0,1,21,0,0,0,0,0,0,0,0,0,0,0,3,0,1,0,40,0,0,0,0,0,0,0,0,0,0,0,0,0,0,0,0,0,0,0,0,0,0,0,0,0,0,0,0,0,0,0,1,0,0,0,0,0,12,0,0,0,0,0,0,0,0,0,0,1,0,43,0,0,0,0,0,0,0,0,0,0,0,0,529,0,0,0,0,1,0,0,0,0,0,0,0,0,24,0,0,0,0,0,0,0,0,0,0,0,0,0,0,43,0,0,0,0,5,0,0,0,0,0,3,0,0,0,0,0,0,0,0,0,0,0,8,0,0,0,0,0,0,0,108,0,0,0,0,36,0,0,292,0,0,0,0,0,0,2763,0,0,115,0,0,0,0,0,0,0,0,0,0,0,0,0,0,0,0,0,0
"198",120,0,0,0,43,0,2,0,13,0,46,0,0,0,0,1,0,0,0,1,0,7,0,25,3,368,21,0,0,87,43,0,0,34,0,0,4,36,0,0,5,22,0,0,0,51,0,7,0,0,0,0,0,0,5,10,0,45,1,2,0,0,0,0,0,0,0,0,0,0,0,0,23,3,0,0,0,0,0,1,0,0,128,0,1,0,0,0,0,82,0,9,0,0,0,0,0,73,23,492,6,0,0,0,0,4,0,1114,1,2,0,14,0,0,27,0,6,1,19,143,0,47,0,0,233,40,3,9,0,0,0,0,0,0,2,0,74,2,16,13,2,0,65,4,0,523,0,28,0,0,0,0,0,0,0,0,0,0,0,5,0,7,0,1,0,2,0,4,0,0,0,0,0,0,0,0,0,0,24,0,0,0,0,0,3,0,0,0,0,10,0,11,0,0,2,0,0,0,0,0,0,3,0,1,0,0,0,0,0,186,0,0,0,0,0,0,48,0,0,0,97,19,0,0,0,0,1,0,0,0,4,0,0,262,0,0,0,2,0,2,2,0,0,0,0,1,1,0,1,0,0,2,0,0,0,0,1,0,0,5,1,0,0,1,0,0,0,0,0,4328,0,0,0,0,0,0,0,0,3,1,0,0,0,0,0,0,0,0,0,9,0,0,0,0,44,0,0,0,0,0,0
"199",0,0,0,0,0,0,0,0,1,0,12,0,0,0,9,0,0,0,0,0,0,35,0,0,0,2151,0,0,0,0,0,0,0,14,83,0,7,109,0,0,0,0,0,114,0,165,0,0,0,0,1,0,0,0,0,1,0,0,0,0,0,0,0,0,0,0,64,0,3,0,134,0,0,0,436,0,0,0,0,45,0,0,5,0,0,1,0,0,0,46,0,0,0,0,0,0,0,0,44,0,4,0,0,0,0,6,0,345,0,0,0,0,3,76,0,0,0,1,18,0,0,0,0,1,20,76,48,0,0,0,7,0,0,0,0,2,0,0,0,0,5,0,0,0,0,0,0,0,0,0,17,6,1,0,3,0,0,0,0,94,0,0,0,0,0,0,0,0,0,0,0,0,0,0,0,0,0,60,113,0,67,1,0,0,24,0,0,0,0,0,1,52,0,0,22,0,0,0,0,0,0,0,0,1795,0,0,3,0,0,0,0,0,54,0,4,0,0,155,127,0,55,0,0,72,0,1,0,0,51,0,98,0,0,226,0,0,6,0,0,15,0,0,52,0,3,7,0,0,0,17,60,0,21,0,10,0,1,0,0,0,1,0,0,0,1,0,0,0,191,0,0,9,206,0,28,0,0,1,0,1768,0,0,239,0,0,0,0,0,40,44,0,0,0,0,0,4,11,0,0,11,4
"200",0,0,0,0,389,32,0,1,265,0,0,0,28,1,96,0,0,0,0,0,8,0,0,0,0,1,168,0,189,74,0,0,0,0,0,0,20,0,0,0,0,215,0,0,0,12,0,0,0,0,0,0,0,0,10,0,0,169,0,0,0,0,0,0,0,0,29,0,0,0,164,0,9,29,0,377,0,0,0,0,0,12,27,0,0,28,4,1,0,0,0,309,55,0,0,0,0,298,159,484,0,0,7,0,0,0,0,199,0,0,0,11,0,1,81,0,19,0,70,46,0,0,0,285,143,0,0,0,0,0,34,3,0,0,0,0,6,0,0,0,6,7,0,0,0,229,0,0,3,0,15,11,0,0,29,0,0,0,0,124,0,54,0,8,0,0,0,0,0,0,0,0,3,0,0,0,0,190,0,0,0,0,0,0,0,0,0,0,0,0,0,117,9,0,0,0,0,0,0,0,0,0,0,55,0,0,0,0,0,129,0,0,0,0,28,0,42,62,299,0,137,27,0,0,0,0,0,0,77,0,0,0,0,453,0,0,0,0,0,20,0,0,0,0,0,0,0,0,0,0,0,0,0,0,11,151,47,0,3,0,0,0,0,11,6,0,0,0,0,1722,0,0,270,0,0,0,0,0,0,663,0,116,215,0,0,0,0,0,0,0,0,0,1,0,0,0,12,0,0,0,0
"201",0,0,1,0,0,0,7,0,0,0,0,0,0,0,3,0,0,0,0,0,0,0,0,0,0,1149,0,0,5,6,0,0,0,0,0,0,0,0,0,0,0,0,0,0,0,60,0,0,0,0,15,0,0,0,24,0,0,0,0,0,0,0,1,0,0,0,14,0,0,0,32,0,0,0,390,0,0,0,0,0,0,8,728,0,0,34,0,1,0,0,474,3,3,0,0,0,1,0,0,0,0,9,0,0,0,0,0,364,0,0,0,51,0,0,0,0,0,0,151,0,0,0,0,1,232,0,0,0,0,0,8,0,0,0,1,0,0,0,0,0,1,0,0,0,0,0,0,10,0,0,16,0,0,0,0,0,0,87,0,67,0,0,0,0,0,1,0,0,0,0,0,0,1365,0,0,0,0,133,0,0,0,0,0,0,0,0,0,0,0,0,0,94,0,0,0,1,0,0,0,0,0,0,0,672,0,9,0,16,0,0,1,0,0,0,19,0,35,0,0,0,0,0,0,0,0,30,0,0,61,0,0,0,0,0,0,0,0,0,0,100,0,0,254,0,5,0,45,0,0,0,0,0,0,1,0,168,5,0,10,0,0,0,0,0,0,0,13,0,0,32,26,0,0,0,1,0,0,0,0,2059,0,0,0,0,0,0,0,0,0,0,0,0,0,0,147,0,0,0,0,94,0
"202",0,0,0,0,0,0,0,0,0,0,0,0,0,0,2,0,0,0,0,0,0,0,0,66,0,1244,0,2,0,0,0,0,0,476,0,0,0,0,0,0,0,0,0,0,0,0,0,0,0,0,0,0,0,0,0,0,0,0,0,0,0,0,0,0,0,0,113,0,0,0,0,0,0,0,0,0,0,0,0,0,0,0,0,0,0,4,0,0,1,0,0,0,34,0,0,0,35,0,0,0,0,22,0,0,0,0,0,1034,0,0,0,0,0,0,20,0,26,0,251,3,0,0,14,47,0,0,0,0,0,0,0,0,0,0,0,0,0,0,0,0,47,0,0,0,0,0,0,0,0,0,0,0,0,0,0,0,0,0,0,0,0,0,0,0,0,0,2,0,0,0,0,0,0,0,0,0,0,0,0,0,0,0,0,0,0,0,0,0,0,26,0,94,0,0,0,1,0,0,0,0,0,90,0,0,0,0,0,3,18,0,16,0,0,0,0,0,0,0,0,0,0,0,0,0,0,0,0,0,0,0,0,0,0,1077,0,0,0,0,3,0,0,0,0,0,7,0,0,0,11,0,0,0,0,0,0,0,30,0,0,0,0,0,0,0,0,0,0,0,0,7,0,0,686,0,0,0,0,0,0,3203,0,0,893,0,0,2,0,0,0,0,0,0,0,0,0,0,0,0,0,0,0
"203",0,0,0,0,0,0,3,0,0,0,0,0,0,0,0,0,0,0,0,0,0,38,0,0,0,2351,0,0,0,0,221,0,0,0,0,0,23,0,0,0,0,0,85,0,0,0,0,0,0,0,0,0,0,0,0,0,0,0,0,0,0,0,1,0,0,0,0,0,0,0,0,0,0,0,0,0,0,0,0,0,0,0,0,0,0,0,0,0,0,0,0,0,3779,0,0,117,0,0,0,0,0,0,0,0,0,0,0,632,0,0,0,0,0,0,0,0,0,0,0,0,0,0,0,0,0,0,0,0,0,0,0,0,0,0,0,0,0,0,0,0,0,0,0,0,0,0,0,0,0,0,0,0,2,0,0,32,0,0,0,0,47,0,0,0,0,0,0,0,0,0,0,0,0,1,0,0,0,85,0,0,0,0,0,0,0,0,1,0,0,0,0,0,0,0,0,0,0,0,0,0,0,0,0,0,484,0,0,0,0,3,0,0,0,0,0,0,0,0,0,0,0,0,0,0,0,0,0,0,0,0,0,0,0,1024,0,0,0,0,0,0,0,0,0,0,1,0,0,0,0,0,0,0,0,0,0,0,0,0,0,0,0,0,0,0,0,0,0,0,0,407,0,0,0,0,0,0,0,0,0,0,0,0,139,0,0,0,0,0,0,50,0,0,0,0,0,0,0,0,0,0,0
"204",0,3,0,0,26,0,0,1,438,0,0,0,9,1,449,0,0,0,0,0,0,1,0,0,0,1655,0,0,0,0,1,0,0,25,0,0,5,1,0,0,0,15,5,7,15,38,0,3,0,0,0,1,0,0,0,20,0,0,0,1,0,1,0,0,14,1,1,0,0,0,9,0,0,1,0,0,0,0,0,1,0,3,1,0,0,0,4,0,0,13,1,0,1288,0,0,0,0,0,15,131,0,0,0,0,1,31,92,37,0,5,0,0,1,2,17,0,0,0,7,0,0,95,0,4,93,1,0,0,0,0,1,52,0,0,0,0,2277,0,0,0,13,0,0,0,0,0,0,0,0,0,2,0,1,4,1,0,0,0,11,16,0,0,0,1,0,0,0,0,0,0,1,0,0,0,0,0,0,1,14,0,0,0,0,0,0,0,1,0,0,0,1,1,0,1,0,0,0,1,0,0,0,0,0,0,0,2,0,0,1,0,0,0,7,0,1,0,171,1,1,0,0,1,0,0,0,35,0,0,51,1,8,0,0,163,0,0,0,0,0,0,0,0,394,0,0,2,0,0,0,0,0,1,0,0,1,0,1,0,1,5,1,0,0,1,0,0,0,0,0,19,0,0,953,0,0,1,1,0,3,142,0,0,1,0,0,0,0,0,1,1,0,0,0,0,79,4,1,0,0,9,0
"205",0,0,0,0,197,0,0,0,0,0,0,0,21,0,0,0,0,0,0,0,0,0,0,54,0,4058,0,0,57,0,0,0,0,0,0,0,4,0,0,0,0,34,0,0,0,0,0,0,0,0,0,0,0,0,0,0,1,0,0,0,0,0,0,0,0,0,338,0,2,0,0,0,90,0,0,144,0,0,0,73,0,0,0,0,0,1,56,0,0,0,0,239,1,0,0,0,0,44,13,250,0,204,0,0,0,0,0,451,0,0,0,0,0,0,108,0,0,0,20,0,0,0,0,1,18,49,0,0,0,0,0,0,0,2,0,0,11,3,0,0,55,0,118,0,0,0,0,32,0,0,29,0,0,0,0,0,0,0,0,0,0,0,0,0,0,0,0,0,0,0,0,0,0,0,0,0,0,0,50,0,0,0,0,0,0,0,0,0,0,0,0,0,0,0,0,0,0,0,0,0,0,26,0,1547,0,40,0,0,0,5,0,0,0,0,1,0,0,0,245,0,0,46,0,0,0,0,0,0,0,0,0,0,0,114,0,0,1,0,0,59,0,0,0,0,1,0,0,0,0,0,0,0,0,0,0,9,0,0,0,60,0,0,0,0,0,0,0,0,0,167,0,0,98,0,0,0,0,0,0,248,0,0,0,0,0,0,0,0,117,0,0,0,0,0,0,0,0,0,0,57,0
"206",0,0,0,0,0,0,0,24,0,0,0,0,0,0,1,0,1,0,0,0,0,20,0,0,0,2715,0,0,0,21,191,0,0,0,16,0,5,0,0,0,0,0,0,0,0,74,0,0,0,0,0,0,0,1,216,0,0,1,0,296,0,0,0,0,0,0,8,1,0,0,126,0,0,388,0,0,0,0,0,37,0,0,0,0,196,0,0,0,0,44,0,0,0,0,0,0,0,0,81,0,0,0,0,0,1,0,282,222,0,0,0,0,0,0,0,0,0,1,17,0,0,0,0,0,45,38,0,0,0,0,27,301,0,0,0,0,1,0,0,0,4,0,0,0,0,0,0,0,0,0,0,0,0,0,0,0,0,0,0,44,0,0,0,0,0,0,0,0,0,0,0,4,0,0,0,0,0,0,0,0,0,0,0,0,0,0,1,0,0,0,0,207,0,0,0,0,0,0,0,0,0,0,0,0,0,4,0,0,0,0,0,0,0,1,8,0,64,0,0,0,0,0,28,0,0,0,0,0,0,0,37,0,5,13,0,0,0,0,0,0,0,0,0,0,0,2,0,0,0,0,0,0,0,0,0,1,0,0,6,41,0,0,0,0,0,0,0,0,0,4,0,17,0,0,0,0,0,0,0,3533,0,0,241,0,0,0,0,0,0,23,0,0,0,0,29,0,5,0,0,0,0
"207",0,0,0,0,0,0,5,0,0,0,0,0,0,0,5,0,0,0,0,10,12,53,0,6,0,5634,0,0,19,15,20,0,0,45,0,0,2,0,0,1,0,0,0,118,0,338,0,0,0,0,0,0,0,0,0,0,0,0,0,22,0,0,0,0,0,0,217,0,0,0,33,0,0,0,0,0,0,0,0,9,0,0,166,0,0,0,105,0,0,38,0,59,0,0,11,3,0,0,36,0,0,23,0,0,8,0,0,4,1,33,0,0,0,8,8,24,0,0,84,5,0,0,9,0,131,0,0,0,0,0,52,110,0,0,0,0,11,6,0,0,53,0,63,0,0,0,0,0,0,0,35,0,0,0,0,0,0,0,211,221,0,0,0,1,0,0,0,2,0,0,0,0,1,0,0,0,0,319,17,0,0,0,0,0,39,0,0,0,0,0,0,10,0,0,0,0,0,0,0,0,0,1,0,7,0,56,0,0,9,3,0,0,0,0,0,0,131,0,0,0,0,1,0,0,0,0,0,0,5,0,48,0,0,390,0,0,0,0,0,102,1,0,0,0,7,0,0,0,1,0,3,0,0,0,0,0,0,0,0,43,0,0,0,0,0,0,0,0,0,352,0,18,13,0,0,0,0,0,0,2,0,0,66,0,0,0,0,1,205,4,0,0,0,0,36,0,1,0,0,239,0
"208",0,0,0,0,0,0,0,0,0,0,0,0,0,0,0,0,0,0,0,0,0,0,0,0,0,398,0,0,0,0,0,0,0,173,0,0,0,423,0,0,0,0,0,0,0,0,0,0,0,0,0,0,0,0,0,0,0,0,0,211,0,0,0,0,0,0,25,0,0,827,0,0,0,0,0,0,0,0,0,0,0,0,0,0,0,0,10,0,0,0,104,19,0,0,0,0,0,0,216,0,0,0,0,0,0,0,0,425,0,96,0,0,0,0,0,0,0,0,0,0,7,0,0,0,0,34,0,0,0,0,57,0,0,0,0,0,0,0,0,0,0,0,0,0,0,0,0,0,0,0,0,0,0,23,3,0,0,0,0,0,0,0,0,0,0,0,0,0,0,0,0,0,0,0,25,0,0,0,0,0,0,0,0,0,0,0,0,0,0,0,0,0,0,6,0,0,0,0,0,0,0,0,0,0,0,0,0,0,0,0,0,0,11,0,0,0,0,54,0,0,0,0,0,0,0,0,0,0,0,0,0,0,0,13,0,0,0,68,0,0,0,0,547,0,0,1,0,0,0,0,0,0,0,0,0,0,0,0,0,149,0,0,0,0,0,0,0,0,18,1664,0,0,114,0,0,0,0,0,0,4089,0,0,0,0,0,0,0,0,0,0,0,0,0,0,0,0,0,0,0,0,12
"209",0,2,0,0,48,23,1,0,13,0,0,0,58,0,27,0,0,0,0,0,38,21,0,0,0,534,18,0,4,0,0,0,1,33,0,0,38,0,0,0,8,22,0,0,0,237,0,20,0,0,0,0,0,0,265,49,0,0,0,38,0,8,0,0,0,0,0,0,1,28,120,0,26,88,0,0,0,0,0,37,199,3,80,1,2,6,0,0,0,0,5,52,1,3,0,0,0,27,18,834,5,0,0,20,5,8,0,82,1,0,0,35,20,137,132,0,36,1,33,21,0,0,0,0,180,0,0,0,0,84,18,0,0,0,1,16,0,0,0,0,0,2,0,16,0,0,0,9,0,0,20,15,73,20,0,0,1,0,374,2,0,0,1,0,0,2,0,0,0,0,0,0,1,0,0,0,0,175,0,0,0,0,0,1,0,0,1,0,10,9,0,382,0,0,0,0,0,3,1,0,0,0,0,0,0,246,0,0,20,0,0,0,0,0,0,0,0,142,286,0,37,31,3,0,0,0,9,0,131,0,160,13,2,0,0,4,3,0,0,2,5,0,33,0,145,0,1,0,1,1,1,0,0,0,10,0,0,3,11,0,0,11,43,0,2,8,0,130,0,1,5,44,0,0,0,0,0,0,0,2037,0,0,201,0,0,0,0,0,15,100,0,0,0,0,99,32,18,0,0,51,0
"210",0,0,0,0,0,0,0,0,0,0,4,0,0,0,12,1,0,0,0,0,25,15,0,0,2,2597,1,0,43,84,1930,0,0,46,0,0,4,51,3,0,0,0,0,0,0,127,0,3,0,0,0,0,0,0,28,0,0,0,0,0,4,7,0,0,0,0,237,0,0,0,0,3,0,92,0,180,0,0,0,0,0,0,52,0,33,1,216,0,0,18,1,0,6,0,0,0,0,0,50,0,0,0,0,23,0,3,170,403,0,0,0,5,0,90,0,0,1,0,53,0,0,0,0,1,7,0,0,0,0,1,7,229,0,0,0,0,13,0,0,0,42,0,0,0,0,0,0,30,1,0,0,0,0,191,1,0,0,0,55,4,0,0,0,0,0,1,0,0,0,3,0,0,0,0,0,0,0,6,0,2,0,0,0,0,3,0,0,1,0,35,0,60,1,0,0,0,0,0,0,0,0,0,0,0,0,40,1,0,0,4,0,0,0,0,1,1,0,69,0,0,0,43,0,0,0,0,34,0,30,3,117,0,0,0,0,0,0,0,0,1,0,0,0,0,0,0,1,0,0,0,0,3,0,0,9,5,6,1,3,7,0,0,4,3,1,0,0,0,0,28,0,29,53,0,0,0,0,0,4,1738,0,0,81,0,0,0,0,0,107,9,0,13,3,0,110,7,0,0,0,46,0
"211",0,0,0,4,27,0,46,0,622,0,0,0,31,0,0,22,0,0,0,0,0,116,13,1,0,1012,133,3,3,0,0,0,0,0,0,0,0,247,0,0,39,75,0,0,0,55,0,57,0,0,0,0,0,0,0,26,0,0,0,0,0,0,0,2,335,0,17,0,0,0,0,3,31,121,0,269,0,1,0,481,0,0,5,0,0,0,4,0,0,0,319,0,0,0,0,0,0,32,0,145,0,0,0,0,0,0,0,130,0,0,0,0,0,0,33,0,0,0,15,0,0,186,0,1,0,77,0,0,14,0,0,36,0,0,0,0,5,0,0,0,0,0,0,0,0,0,0,13,0,0,24,0,0,4,132,0,0,1,0,78,0,0,0,0,0,0,0,0,0,21,4,0,0,0,0,0,0,23,0,0,0,0,0,0,5,0,0,0,0,0,1,64,1,0,0,0,0,0,0,0,0,0,4,8,0,0,0,0,0,1,0,0,60,0,0,1,0,68,10,0,0,7,0,0,0,0,0,0,0,0,257,1,0,404,0,0,0,0,0,0,98,0,0,0,1,10,0,0,0,0,0,7,0,0,0,0,1,0,102,0,6,0,0,0,0,0,0,0,0,0,18,0,207,0,0,0,0,0,0,3229,0,0,0,0,0,0,0,0,40,128,0,0,0,0,50,0,0,0,0,237,0
"212",0,0,0,0,0,0,4,42,0,0,0,0,0,372,53,0,0,0,0,0,27,47,0,7,0,1894,0,0,33,28,0,0,0,409,0,0,0,0,0,0,0,0,0,0,0,8,0,0,12,0,0,0,0,0,0,0,0,0,0,32,0,61,0,0,0,256,16,0,0,0,64,0,47,182,0,4,0,2,0,36,0,0,0,0,21,0,0,0,0,255,0,12,4,0,0,0,0,0,0,0,0,0,0,0,10,0,54,397,0,0,0,0,0,10,0,0,0,0,304,0,0,0,0,1,172,144,0,0,0,0,0,11,0,0,0,0,140,1,0,0,8,0,0,0,0,0,0,0,0,0,15,0,0,49,19,0,0,0,0,0,0,0,0,0,0,0,0,0,0,0,22,0,0,0,0,0,0,209,0,0,0,0,0,0,0,0,0,0,0,0,0,221,0,4,0,0,0,0,0,0,0,0,0,0,0,181,0,0,18,23,0,0,0,0,23,0,59,84,825,17,0,73,0,0,0,0,0,0,140,0,0,0,0,555,0,0,0,0,0,0,0,0,0,0,0,0,0,0,0,0,7,0,0,1,239,0,30,0,0,0,0,0,0,0,0,0,0,0,38,0,0,0,208,0,38,0,4,0,0,0,0,0,805,0,0,0,3,0,75,0,0,0,0,0,0,0,17,0,0,0,0
"213",10,4,0,0,29,0,1,0,484,0,0,0,21,0,0,0,0,59,0,0,1,5,0,3,0,1423,8,0,27,0,57,0,0,190,0,0,2,99,0,0,2,0,0,0,0,525,0,0,0,0,0,21,0,0,26,9,0,0,0,4,0,0,0,0,0,0,92,0,3,26,43,0,0,0,0,0,0,0,0,38,0,4,295,0,0,0,803,0,0,25,0,2,1,0,0,20,0,20,63,77,0,0,0,0,0,44,0,13,1,7,0,0,0,0,3,0,60,2,61,0,0,0,0,0,257,39,42,0,0,0,1,0,0,0,0,0,1,5,0,0,24,0,0,0,0,0,0,21,0,0,0,0,0,0,0,0,0,0,76,14,0,0,0,2758,0,0,0,0,0,0,27,0,793,0,0,0,0,9,5,0,0,0,0,8,0,0,0,0,0,9,0,109,0,0,1,0,0,0,0,0,0,0,0,25,0,207,0,0,0,1,0,0,0,19,16,0,69,0,0,0,84,0,0,0,0,1,0,0,9,0,1,0,0,8,0,0,0,0,0,1,0,1,0,0,75,9,0,0,1,0,0,1,0,0,0,0,41,0,4,3,3,0,0,2,0,0,0,0,0,1,6,23,72,0,0,0,0,0,3,1,0,0,320,0,0,0,0,1,11,0,0,0,0,0,0,0,63,0,0,39,0
"214",9,0,0,3,21,0,0,29,1936,0,0,12,0,1,1,0,0,0,0,0,74,51,0,0,0,744,27,0,0,3,1,1,0,21,0,0,1,115,1,0,1,15,0,64,22,27,0,27,0,0,0,3,0,0,1,20,1,0,0,105,1,13,16,0,7,0,0,0,0,0,33,0,9,9,0,0,0,0,0,41,80,0,27,0,293,0,122,0,3,32,0,42,0,0,0,0,0,0,5,400,0,0,0,0,0,6,95,240,0,0,0,0,0,1,26,0,0,0,62,0,9,50,0,97,1,44,0,0,0,0,9,458,0,0,0,11,5,0,0,0,11,0,34,0,0,17,0,10,0,0,8,1,0,34,0,0,0,0,9,63,11,0,6,0,0,0,0,28,0,0,22,0,0,0,38,0,1,0,62,1,0,0,0,0,8,0,14,0,0,0,0,30,1,12,61,0,0,0,0,0,0,0,0,0,798,22,0,0,0,6,0,0,17,6,17,0,43,0,0,65,0,0,26,0,0,0,0,0,4,0,90,0,0,354,0,0,0,0,1,0,31,0,0,0,0,0,0,0,0,0,0,5,11,0,1,0,0,3,1,116,0,0,0,4,0,0,0,0,0,1,0,12,150,0,35,1,0,0,5,2179,0,0,98,0,0,0,0,0,0,45,0,0,0,15,22,4,3,0,0,84,0
"215",0,0,0,4,0,0,122,0,0,0,0,0,11,0,391,6,0,0,0,0,0,0,0,6,0,3010,0,0,82,0,0,0,0,357,0,0,20,0,0,0,7,0,0,0,0,10,0,0,0,0,0,0,0,0,0,22,1,43,0,0,0,0,21,0,0,0,0,32,0,0,0,0,0,0,0,0,0,0,4,0,0,0,0,0,9,0,0,0,0,0,0,193,123,0,0,0,0,38,0,585,0,55,0,0,0,0,0,74,1,0,16,0,1,0,0,0,0,1,193,8,0,0,0,0,816,0,0,0,0,0,0,0,0,12,1,0,78,0,0,0,3,2,75,0,0,53,0,0,0,0,0,0,0,0,0,0,0,0,0,0,0,0,0,0,0,0,0,43,0,0,0,7,1,1,0,0,0,0,0,0,0,0,0,0,0,0,1,0,0,1,0,0,13,0,0,7,0,0,13,0,0,1,0,0,0,0,0,0,9,22,0,0,0,0,0,0,0,0,545,0,0,0,0,0,0,0,0,0,0,0,222,0,0,1142,26,0,0,0,11,0,0,0,0,0,0,0,0,0,1,0,61,0,0,0,0,0,0,0,0,0,0,0,0,0,0,0,0,0,0,474,0,0,0,1,0,0,2,0,0,1,0,0,0,0,0,0,0,0,0,0,0,0,0,0,0,0,11,0,0,833,0
"216",109,0,0,0,13,0,1,0,10,0,0,0,9,111,78,0,0,0,9,0,0,0,6,0,0,1,10,0,0,0,0,0,0,6,0,0,0,1,0,0,2,78,0,7,0,1,0,0,0,0,0,0,0,0,3,0,0,0,0,0,0,0,0,0,229,0,0,0,0,0,15,0,8,0,0,30,0,0,0,28,0,0,0,0,12,0,0,0,0,0,0,0,23,0,0,0,0,0,0,102,0,0,0,0,5,0,0,138,28,0,0,0,0,0,7,0,0,0,17,17,0,0,0,0,0,13,0,0,0,0,1,0,0,0,0,0,59,0,0,0,2,0,0,0,0,0,0,0,0,0,0,0,0,0,0,0,0,0,0,1,0,0,2,1,0,0,1,3,0,0,0,0,0,0,0,0,0,0,6,0,0,0,0,0,0,0,0,0,0,0,0,21,0,0,2,0,0,0,0,0,88,1,0,0,0,0,0,0,0,1,0,0,0,0,0,0,0,0,6,10,0,13,0,0,0,0,22,0,0,0,24,0,0,208,0,0,0,0,0,2,1,0,0,0,0,0,0,0,1,0,0,0,8,0,0,0,0,0,0,0,0,0,0,3,0,0,0,0,0,5394,0,10,206,0,0,0,0,0,1,2439,0,0,2,0,0,0,0,0,0,47,64,0,0,0,0,0,0,0,0,0,0
"217",0,0,0,0,0,0,13,89,0,0,1,1,0,0,27,0,0,0,0,0,8,1,0,0,0,752,0,0,2,4,82,0,0,12,0,18,5,1,0,0,0,0,0,34,0,37,0,0,0,0,0,0,0,0,0,0,0,0,0,0,0,0,0,0,0,0,49,0,0,11,0,0,1,0,0,0,0,0,0,34,0,0,0,0,6,0,535,0,0,17,0,0,0,0,12,0,0,0,19,0,0,0,0,0,0,0,65,421,1,17,0,4,0,107,1,0,1,1,2,0,7,91,0,0,0,1,0,0,0,0,0,1366,0,0,0,0,1,0,0,0,0,0,66,1,0,0,1,2,0,0,5,6,0,0,0,0,0,0,3,5,0,0,0,742,0,2,0,1,0,1,7,0,0,0,0,0,0,1,2,0,0,0,0,17,0,1,1,0,2,1,0,3,3,0,27,0,0,0,1,0,0,1,0,1,27,0,0,0,14,1,0,0,0,0,12,0,0,5,0,0,7,0,0,0,0,0,44,0,0,8,16,0,0,209,0,3,0,0,0,24,4,0,0,0,0,0,0,0,1,0,0,1,1,0,1,1,0,2,1,2,0,0,0,1,0,1,0,2,1,7,3,10,1944,0,0,0,0,0,1,1826,0,0,1,0,0,0,0,0,12,0,0,76,0,0,18,0,0,0,0,2,0
"218",132,0,0,0,24,0,0,0,458,0,0,0,6,0,13,0,0,0,0,0,0,1,0,0,0,1894,0,0,0,0,97,12,0,64,0,0,0,0,0,0,0,58,0,0,0,11,0,3,0,0,0,3,0,0,0,19,0,0,0,0,0,0,0,0,0,0,6,0,0,0,13,0,0,0,0,0,0,0,0,1,0,44,7,0,4,0,1,5,0,0,0,7,0,0,0,0,0,0,19,55,0,0,0,1,6,1,36,673,1,6,1,6,1,1,2,0,153,421,7,0,16,40,0,0,0,4,1,0,0,0,1,36,0,0,0,0,0,0,0,0,1,0,0,0,0,0,22,8,0,0,0,0,0,4,0,0,0,0,7,16,0,0,0,0,0,3,0,0,0,0,0,0,0,0,0,0,0,0,332,0,2,0,2,0,0,0,0,0,0,4,1,5,0,0,0,0,0,0,0,0,0,0,1,1,1597,8,0,0,0,0,0,0,2,0,12,0,37,0,0,0,105,0,0,8,0,1,0,0,46,0,11,0,0,50,0,0,0,0,0,0,1,0,259,0,1,0,0,0,1,0,0,2,0,0,6,1,2,0,0,2,0,0,0,0,0,0,0,0,0,359,0,0,12,2,0,0,0,0,0,1848,0,0,35,3,0,0,0,0,1,0,0,0,0,0,19,2,1,7,0,0,0
"219",0,1,3,0,0,2,1,12,1412,0,2,1,0,0,4,0,2,1,0,1,73,33,0,0,0,998,0,0,29,14,277,0,25,185,4,0,2,115,0,0,1,0,0,34,0,54,0,3,0,0,1,0,0,0,22,1,0,0,0,131,2,1,0,0,0,0,86,0,0,0,11,1,0,5,0,0,0,0,0,103,0,9,490,0,1,3,553,0,0,14,0,5,115,0,71,20,0,0,27,0,0,0,0,8,0,0,158,513,1,0,1,4,0,110,9,0,11,35,372,2,0,24,0,0,109,224,0,0,28,0,4,2,10,0,0,0,6,0,0,0,4,0,0,1,0,0,4,3,4,0,9,53,0,0,0,0,0,0,38,6,0,0,0,206,30,3,1,0,0,1,0,0,0,0,0,0,2,3,476,4,56,0,0,1,12,16,0,1,67,0,0,36,1,0,1,0,0,1,0,1,0,1,0,1,0,127,0,0,12,5,63,3,0,5,51,4,160,6,0,7,0,0,0,0,0,26,1,0,24,0,62,1,2,98,0,4,5,0,4,1,1,0,7,0,0,1,0,0,1,0,0,2,6,1,33,192,0,0,10,162,4,0,0,2,1,0,0,0,3,11,9,46,5,2,0,0,0,0,8,1,1,0,211,0,0,0,0,0,0,17,0,79,0,0,15,0,7,13,0,87,5
"220",0,0,0,0,0,0,3,0,0,0,1,4,0,0,29,0,95,0,0,0,1,31,0,11,0,3463,0,0,168,105,0,0,0,149,0,0,0,5,0,0,0,0,0,0,0,153,0,1,0,0,1,0,0,0,0,7,0,0,0,151,4,25,3,0,0,1,18,0,5,0,7,0,1,0,0,0,0,0,11,16,0,1,7,0,79,0,0,0,0,9,0,61,227,0,0,0,0,0,0,0,17,0,0,0,1,0,1,828,0,0,14,0,0,35,0,0,0,0,197,26,0,0,0,0,735,0,0,0,0,0,0,134,0,0,1,0,163,0,0,0,30,0,0,0,9,0,17,7,0,0,5,0,0,0,0,0,0,0,0,0,0,12,0,0,0,0,0,0,0,4,1,0,1,0,0,0,3,0,137,2,0,0,0,0,4,0,0,0,0,0,0,79,0,1,0,0,0,0,0,0,0,0,0,1,0,25,17,0,0,13,0,0,0,0,1,3,97,2,0,0,105,0,0,0,0,0,19,0,0,9,26,0,0,186,0,0,1,0,0,42,1,0,0,0,0,0,0,19,0,0,0,0,4,1,5,160,0,6,0,8,0,0,0,6,0,0,0,0,4,99,10,18,865,0,1,0,0,0,35,483,1,0,139,0,0,0,0,0,30,5,0,0,0,0,0,17,0,0,0,21,0
"221",4,0,0,0,0,0,1,0,0,0,0,0,1,0,10,0,0,0,0,0,0,0,0,4,0,5260,0,5,8,25,0,0,0,255,0,0,7,0,0,0,0,0,0,83,0,0,0,0,0,0,0,0,0,0,40,0,1,0,0,0,0,0,0,0,0,0,463,0,0,0,0,0,0,0,0,769,0,0,0,0,0,0,0,0,0,2,0,0,0,0,0,7,25,0,0,243,0,0,28,0,0,103,0,0,0,0,0,24,1,0,0,0,0,36,5,0,69,1,37,4,0,5,0,0,588,0,0,0,0,0,0,0,0,0,0,0,45,0,0,0,9,0,0,1,0,0,0,2,0,0,0,0,0,6,18,0,0,1,0,51,0,0,0,0,0,2,0,0,0,0,0,0,1,0,0,0,0,0,0,0,0,0,0,0,7,0,0,0,0,15,0,29,1,0,0,0,0,0,4,0,0,1,0,0,0,0,0,0,10,3,0,0,0,0,0,0,0,0,1,0,0,0,0,0,0,0,0,0,0,0,0,1,0,247,0,0,0,0,0,2,2,73,0,0,7,0,0,0,1,0,0,0,0,0,0,12,1,0,0,78,0,0,0,0,0,0,0,0,0,18,0,0,229,9,0,0,0,0,0,228,0,0,780,0,0,0,0,0,0,0,0,0,0,0,1,0,7,0,0,39,0
"222",106,0,0,2,23,0,0,0,362,0,0,0,0,156,1,2,0,0,0,0,0,3,0,0,0,357,0,0,5,188,1163,1,12,29,0,0,231,0,0,0,2,10,0,0,6,0,0,11,1,0,0,2,0,0,0,0,0,12,3,0,0,0,0,0,2,0,182,0,0,0,0,0,0,0,0,0,0,0,0,0,0,4,254,0,261,1,0,0,0,0,0,0,0,0,0,1,0,16,11,224,1,0,0,0,0,0,0,1514,1,5,0,2,0,106,8,0,0,2,371,1,0,5,0,0,0,6,37,0,0,0,0,95,0,0,0,0,1,3,0,6,1,0,0,1,0,0,0,2,0,0,20,0,0,26,0,1,0,1,185,21,0,0,0,0,0,1,0,1,0,0,0,0,0,0,0,44,0,0,228,0,0,0,0,0,19,0,0,0,0,1,0,182,0,0,0,0,0,0,5,0,0,0,0,16,1,0,0,0,5,1,0,0,0,0,0,0,96,0,0,0,0,13,0,0,0,0,0,0,46,0,53,0,0,29,0,0,0,0,0,51,1,0,1,0,2,0,0,0,1,0,0,0,0,0,0,4,5,0,0,0,0,0,0,3,5,0,0,96,0,3,0,0,114,0,0,0,0,0,1,2123,0,0,362,0,0,0,0,2,2,0,0,0,0,0,4,0,5,0,0,84,0
"223",0,0,0,0,0,0,1,0,0,0,0,0,0,0,80,0,0,0,0,0,0,16,0,1,0,1178,0,0,31,43,0,0,0,73,0,0,20,0,1,0,0,0,0,11,0,97,0,0,0,0,40,0,0,0,0,0,0,0,0,0,0,0,0,0,0,0,384,0,2,0,66,0,0,0,0,0,0,0,0,180,0,0,579,0,0,5,681,0,0,5,0,5,25,0,0,26,0,0,44,0,0,0,0,0,1,0,0,1965,0,0,0,0,0,42,0,0,0,0,85,0,0,0,0,1,1,402,0,0,1,0,0,592,0,1,0,0,22,1,0,0,0,0,0,0,0,0,0,0,0,0,6,0,0,0,25,0,0,0,0,17,0,0,0,0,0,0,1,0,0,0,19,0,0,0,0,0,0,43,19,0,0,0,0,0,18,0,0,0,0,0,0,60,1,0,0,0,0,0,0,0,0,0,0,1187,0,100,0,0,1,1,0,0,0,0,1,0,0,186,7,0,0,62,0,0,0,0,0,0,39,21,129,0,0,72,0,0,3,0,0,0,0,0,0,0,3,0,0,0,0,0,0,0,0,0,21,50,0,0,13,107,0,0,0,9,0,0,0,0,0,0,0,0,82,0,0,0,0,0,4,1,0,0,205,0,0,0,0,0,148,8,0,0,0,0,0,0,6,0,0,8,0
"224",0,0,0,0,0,0,123,0,0,0,0,0,0,0,84,0,0,1,1,0,1,1,0,9,0,0,0,0,53,11,1,181,0,0,0,0,5,1,0,3,1,0,0,0,0,7,0,1,0,0,1,0,0,0,0,1,0,0,0,1,1,1,3,1,0,0,23,0,2,0,6,0,0,0,0,0,0,0,1,1,0,18,109,1,0,31,0,1,0,5,1530,25,0,0,0,85,0,0,0,0,0,24,0,0,0,0,8,58,0,3,0,0,0,17,0,1,0,0,39,0,0,0,0,1,79,0,0,0,4,0,0,1,6,6,0,0,187,1,224,0,16,0,0,0,0,0,1,0,0,1,4,2,0,3,3,0,0,0,0,0,0,0,0,1,0,0,0,0,0,0,1,1,12,3,0,16,0,0,3,0,0,0,0,0,3,0,0,0,0,0,0,17,2,0,0,0,80,0,0,0,0,0,0,5,0,3,2,0,12,4,0,0,4,0,1,0,1,10,174,0,0,1,0,0,0,0,0,0,15,0,7,0,0,222,0,0,1,6,0,20,0,1,0,0,0,0,0,0,0,0,42,1,1,0,1,3,3,0,6,0,0,0,13,1,4,0,0,0,0,979,0,7,902,2770,14,0,0,3,1,777,0,0,0,0,0,0,0,1,3,0,0,0,1,0,1,0,0,0,0,25,0
"225",24,3,0,0,43,7,41,0,2831,0,0,0,3,0,2,0,0,0,0,0,0,0,19,60,0,1626,0,0,186,0,132,0,0,0,0,0,0,0,0,0,5,24,0,0,0,0,0,0,0,0,0,0,0,0,0,0,0,27,0,169,0,0,0,0,0,0,168,0,9,0,80,0,0,0,0,0,0,0,0,0,0,3,0,0,0,0,0,0,0,0,0,0,1,0,0,4,0,0,0,386,0,0,0,0,0,0,0,174,1,0,0,0,0,0,27,5,8,32,0,0,7,0,0,0,0,0,70,0,0,0,0,60,0,0,0,51,1,0,0,0,2,0,0,0,0,0,0,0,1,0,0,0,0,0,163,0,0,0,0,0,0,0,0,0,0,0,0,0,0,10,0,0,1,0,0,0,0,0,0,0,0,0,0,0,0,0,0,0,0,1,5,0,0,0,1,1,0,0,0,0,0,6,0,194,0,0,0,0,9,0,0,0,0,0,0,0,142,0,6,0,0,0,0,0,1,0,0,0,2,0,0,0,0,187,0,0,0,0,0,0,0,0,0,0,0,0,0,0,1,0,0,0,14,0,0,0,5,0,0,0,0,0,0,0,2,0,0,0,0,1,0,0,0,1,0,0,3,0,5,2043,0,0,6,0,0,1,0,0,35,0,0,0,0,0,0,0,0,0,0,0,0
"226",0,0,0,1,0,0,0,23,0,1,0,0,0,271,111,0,0,1,0,0,58,0,0,0,1,2852,0,0,100,7,107,0,0,38,0,0,23,425,1,0,0,0,0,0,0,757,0,0,0,0,0,0,0,0,0,0,0,0,0,77,0,0,0,0,0,0,445,0,0,0,0,0,0,36,0,54,0,0,0,298,1,0,0,0,40,0,0,0,0,0,508,0,0,0,0,0,0,0,83,0,1,0,0,0,0,1,0,114,1,39,0,0,0,331,3,0,0,1,142,0,0,27,0,56,0,35,0,0,0,0,5,150,0,0,0,0,19,0,0,0,1,0,0,1,0,0,0,3,0,0,0,16,0,6,0,35,0,1,3,0,0,0,2,0,0,0,0,0,0,0,0,0,1,0,0,0,0,0,0,8,0,0,0,0,0,0,0,0,0,1,0,48,0,0,1,0,0,0,0,0,1,0,0,0,0,12,0,0,0,85,0,0,9,0,0,0,84,8,0,0,0,0,0,0,0,0,0,0,25,0,96,1,0,58,0,0,0,0,0,275,15,0,0,0,1,0,0,0,1,0,0,0,0,0,0,1,3,0,0,54,0,0,0,8,0,0,0,0,0,49,0,17,5,0,0,0,0,0,0,652,1,0,390,0,0,0,0,0,0,31,0,0,0,0,0,0,8,0,0,162,0
"227",55,1,0,0,0,0,1,0,14,0,0,0,13,0,881,0,17,0,0,0,0,22,0,9,0,60,0,0,0,0,114,0,0,23,0,0,6,27,0,0,0,0,0,0,0,3,0,0,9,0,0,0,0,0,13,9,0,91,0,51,0,0,0,0,31,0,64,0,0,9,0,0,0,10,0,0,0,0,0,20,0,0,0,0,38,20,79,0,0,90,0,99,0,0,0,0,0,0,10,118,0,0,0,0,0,0,0,59,1,0,0,4,0,6,0,0,0,0,47,3,3,0,41,0,326,148,0,0,0,0,0,0,0,0,0,0,3662,0,0,0,12,0,39,1,0,0,0,0,0,25,12,0,0,0,0,0,4,0,222,7,0,0,0,0,0,0,0,0,0,0,0,0,0,1,0,0,0,0,62,0,0,0,0,1,0,0,0,0,0,0,0,107,10,0,71,20,0,0,0,0,0,2,0,584,259,196,0,0,8,0,0,0,0,0,0,0,39,0,373,0,0,0,0,0,0,0,0,0,3,0,20,0,0,282,0,0,0,0,0,18,0,3,0,0,2,0,0,0,1,0,2,0,0,0,0,52,0,0,0,3,11,0,0,27,0,0,0,0,0,118,0,0,3,0,1,0,0,0,0,88,0,0,287,0,0,0,0,0,0,0,0,0,0,0,7,0,21,0,0,64,0
"228",0,23,0,0,204,0,18,0,0,0,0,0,25,0,18,0,0,0,0,0,0,0,12,1,0,2946,90,0,21,13,0,0,0,0,0,0,0,0,0,0,9,112,0,0,0,91,0,22,8,1,0,0,0,0,0,108,0,41,0,0,0,0,17,0,0,0,0,0,0,27,0,0,0,0,0,4,0,0,0,1,0,0,164,0,0,18,146,0,0,0,0,4,0,0,0,0,14,44,0,337,0,0,0,0,0,0,0,7,0,0,0,0,0,0,75,0,0,0,60,0,0,0,0,15,0,0,0,0,0,0,0,10,0,0,0,0,603,0,0,0,13,0,0,0,0,0,0,0,0,0,0,0,0,0,0,0,0,0,0,0,4,0,0,0,0,0,5,6,0,0,0,0,17,0,0,0,0,0,0,0,0,0,0,0,26,0,0,0,0,1,0,108,1,0,0,1,0,0,0,0,0,0,0,0,1,208,15,0,0,1,115,0,0,3,0,0,0,0,105,0,0,23,0,0,0,0,0,0,0,0,0,1,0,545,37,0,0,0,1,84,0,0,0,0,9,0,0,0,0,0,0,0,27,1,0,140,10,0,0,0,0,0,0,6,0,0,0,0,0,6,0,0,442,0,0,0,0,0,0,2074,0,0,400,0,0,16,0,0,0,0,0,0,0,0,0,0,55,0,0,41,0
"229",0,0,1,0,0,0,0,20,0,0,0,0,0,0,12,0,0,0,1,0,75,51,0,0,0,0,0,0,0,0,0,0,0,220,4,0,4,592,0,0,1,0,0,116,0,702,0,0,0,0,0,0,0,0,30,0,0,0,0,335,0,86,0,0,0,3,52,0,12,0,7,0,0,307,0,0,0,0,0,17,0,0,0,1,0,33,146,0,0,19,0,129,23,0,0,0,0,0,66,0,0,5,0,0,0,0,0,82,0,0,0,0,0,14,0,0,0,0,129,19,0,0,0,0,53,0,0,0,0,107,28,43,0,0,0,115,20,0,0,0,0,0,0,0,0,0,3,0,0,0,25,0,0,8,1,0,0,0,0,107,0,0,0,0,126,0,0,0,0,0,0,0,33,0,0,0,0,0,150,0,0,10,0,0,7,0,0,0,0,0,0,51,0,0,0,0,0,1,0,0,0,54,0,16,0,27,0,0,1,0,24,0,0,0,0,0,0,0,0,7,0,0,0,0,0,0,0,0,32,0,197,1,0,1239,0,0,1,0,0,15,0,0,0,0,3,0,0,0,0,0,0,0,0,0,4,0,36,0,5,54,0,0,5,3,0,0,0,0,0,13,0,0,0,0,1,0,0,11,0,2646,0,0,549,0,0,18,0,0,108,0,0,0,0,0,55,0,4,0,0,244,0
"230",16,41,0,0,29,0,0,0,734,0,0,0,0,0,28,0,0,0,0,1,0,3,0,6,0,854,0,0,14,11,269,0,0,42,0,0,10,1,0,0,5,16,0,0,0,0,0,0,0,0,0,1,0,0,20,27,0,0,0,44,0,0,0,0,0,0,33,0,0,0,17,0,0,0,0,0,0,0,0,7,0,0,16,0,0,1,0,0,0,81,0,23,120,0,0,28,0,0,4,134,0,0,0,0,1,0,0,776,0,20,0,0,0,0,0,3,8,0,20,0,0,0,0,0,10,0,3,0,0,0,0,183,0,3,0,0,22,0,0,0,138,0,52,0,0,21,0,7,0,1,0,0,2,0,0,0,0,0,0,40,0,0,0,0,0,1,0,0,0,0,0,0,1,0,0,0,0,0,30,0,0,0,0,0,0,0,0,0,0,0,0,40,0,0,0,0,0,6,0,0,0,0,239,1,0,6,0,1,0,1,0,0,0,0,1,0,214,0,375,0,40,0,0,0,0,0,0,0,0,0,62,0,0,219,0,0,0,0,0,0,0,0,0,0,5,1,0,1,0,0,0,0,0,0,1,5,0,0,0,0,0,0,0,3,0,0,0,0,7,42,0,0,517,0,0,0,0,0,4,3858,0,0,66,0,0,0,0,0,0,3,0,0,0,0,80,0,46,0,0,15,0
"231",61,4,0,0,0,0,0,0,1452,0,0,0,0,0,245,0,0,0,0,0,0,1,0,2,0,1,0,0,21,0,423,0,0,90,0,0,0,10,0,0,0,0,0,0,0,1,0,0,0,0,0,6,0,0,0,0,0,0,0,0,0,0,0,0,0,0,0,0,0,1,0,0,0,0,0,0,0,0,0,0,0,0,96,0,0,3,15,0,0,0,0,0,0,0,0,4,0,0,96,439,0,0,0,0,0,0,0,49,0,0,0,0,0,0,471,0,21,8,2,32,8,0,0,0,0,0,50,0,0,0,0,0,0,0,0,306,1,3,0,0,152,0,0,0,0,0,0,0,0,0,0,0,0,0,0,0,0,0,0,68,0,0,0,1,0,0,0,0,0,0,0,0,0,0,0,0,0,0,5,0,0,23,0,0,0,0,0,0,0,2,0,15,16,3,0,0,0,0,0,123,0,1,0,0,1,25,0,0,20,0,0,0,0,0,0,0,10,0,0,0,0,0,0,0,0,0,0,0,0,0,0,0,0,15,0,0,0,0,0,341,0,0,207,0,2,3,0,0,135,0,0,0,0,0,0,0,0,0,0,0,3,0,0,0,0,0,0,0,0,1095,0,0,496,0,0,0,0,0,18,1402,0,0,215,0,0,0,0,0,0,0,0,0,0,0,246,0,12,0,0,13,0
"232",96,0,0,0,46,0,0,11,2385,0,0,0,13,0,3,0,0,0,0,0,0,20,23,0,0,1,99,0,0,73,13,152,0,24,0,0,0,117,0,0,0,39,0,101,2,50,0,45,1,0,4,0,0,0,75,0,0,0,0,0,0,0,0,0,0,0,54,0,0,0,75,0,0,0,0,1,0,0,0,0,0,4,1,0,0,0,0,0,0,180,0,3,0,0,0,0,0,0,16,209,0,0,0,0,0,0,0,288,0,0,0,258,6,13,35,0,0,0,48,0,0,13,0,1,7,0,0,0,0,0,16,30,0,0,0,0,4,0,0,0,11,0,0,0,0,0,0,0,0,0,11,0,0,7,1,0,0,1,7,53,0,0,0,0,0,0,1,4,0,0,0,0,1085,0,0,4,0,0,56,0,0,0,0,0,0,0,0,0,0,0,3,165,0,0,0,0,0,0,0,0,0,0,0,10,0,0,0,0,1,0,0,0,0,2,2,0,44,58,310,0,45,16,0,0,0,0,133,0,1,0,92,0,0,80,0,0,0,0,0,139,23,0,12,0,0,0,0,0,0,0,0,0,20,1,91,0,0,0,0,11,0,0,0,8,0,0,1,0,0,473,0,49,197,0,0,0,0,0,0,1173,0,0,86,0,0,0,27,0,0,0,189,0,9,0,40,0,0,28,0,119,0
"233",81,0,0,1,0,0,1,0,37,0,0,0,5,0,24,1,2,0,0,0,0,33,0,0,0,1817,32,0,41,11,0,0,0,20,0,0,0,0,0,0,0,0,59,0,0,0,0,0,0,0,0,1,0,0,0,13,5,14,0,0,0,0,0,0,0,0,0,0,0,0,0,0,0,0,0,0,0,7,0,0,0,0,4,0,0,1,0,0,0,0,0,15,1,0,0,0,1,0,0,829,0,26,0,0,0,0,0,22,1,0,0,0,1,0,0,0,36,0,0,0,3,0,0,0,61,217,2,0,0,0,0,0,0,0,0,0,0,5,1,0,2,1,68,4,0,1,8,0,0,0,0,0,3,26,0,0,2,0,0,0,0,2,0,0,0,0,0,0,1,0,0,0,1,0,0,75,0,0,0,0,0,0,0,1,0,0,0,0,0,0,0,65,0,6,0,0,0,0,0,1,0,1,0,530,0,7,0,5,15,4,0,0,0,0,0,0,0,0,1,0,0,19,0,0,0,0,0,0,0,0,0,0,0,2076,0,0,0,0,0,1,0,0,0,0,3,50,0,0,1,0,0,0,0,0,16,1,3,0,0,0,0,0,0,1,18,0,0,0,2,3,0,0,665,0,0,0,0,0,0,2406,0,0,30,0,0,0,1,0,0,4,0,0,0,0,0,0,45,0,0,0,0
"234",0,0,0,0,0,0,2,0,0,0,0,0,0,0,206,0,0,0,0,0,0,0,56,4,0,338,0,0,198,51,17,0,0,0,0,0,2,0,0,0,4,0,0,0,0,43,0,0,0,3,0,0,0,0,0,35,0,0,0,0,0,0,0,0,0,0,0,0,4,0,0,0,9,0,0,0,0,0,0,123,0,0,4,0,0,0,0,0,0,0,0,0,0,3,0,0,4,45,0,883,0,0,0,0,8,0,0,5,1,0,2,0,19,0,0,0,0,0,71,3,0,0,0,0,0,0,1,0,0,95,0,0,0,0,0,25,105,0,0,0,0,0,0,0,0,0,0,16,0,0,17,0,0,0,0,0,0,0,0,211,0,0,0,519,0,0,2,0,0,0,0,0,0,0,0,0,0,0,226,0,0,0,0,51,0,0,0,0,0,1,0,37,0,0,3,0,0,0,2,95,0,1,0,0,1,0,3,0,12,33,0,0,0,0,0,0,0,0,0,0,0,18,0,0,0,0,0,0,704,0,0,0,0,793,0,0,4,0,0,6,0,0,142,0,0,0,0,0,1,0,0,9,0,0,0,0,0,0,26,0,0,0,0,0,2,0,0,0,34,391,0,0,191,0,0,0,0,0,0,3248,0,1,0,0,0,25,0,0,0,0,0,0,0,0,338,0,4,0,0,97,0
"235",0,0,3,2,0,0,83,13,0,0,2,0,0,0,6,0,0,0,0,0,0,12,0,23,0,4994,1,0,52,0,12,0,0,9,0,0,1,0,1,0,3,0,0,151,0,0,0,3,0,0,3,0,0,0,10,0,0,1,0,4,0,6,2,0,43,0,0,0,0,0,4,0,2,0,0,1,1,0,0,1,0,1,3,0,0,1,2,0,0,0,0,35,6,0,0,0,1,0,0,0,0,33,30,0,0,0,0,99,1,8,1,0,0,0,3,7,0,2,74,0,0,36,0,0,0,0,23,0,0,0,0,1,0,0,0,31,860,0,0,0,11,0,0,1,0,0,3,27,0,0,0,0,0,50,1,0,6,1,0,42,0,1,0,1,0,2,0,0,3,0,13,0,1,3,0,0,5,0,0,9,0,0,0,0,4,0,0,0,0,1,0,10,0,9,1,0,0,35,1,0,0,0,0,37,0,12,25,0,0,1,0,0,0,0,0,3,30,206,14,6,0,18,8,0,1,0,88,0,3,0,61,1,0,360,0,0,0,0,0,11,1,0,0,0,0,0,0,0,1,0,0,0,22,0,4,3,1,0,2,0,2,0,0,1,1,0,0,0,6,726,0,3,331,0,0,0,0,1,1,769,0,0,3,0,0,0,0,1,1,8,0,0,0,0,6,1,15,0,0,71,0
"236",0,0,0,0,0,0,0,0,0,0,0,0,0,0,0,0,77,0,0,0,0,0,0,0,0,0,9,0,0,35,0,0,0,0,0,0,395,0,0,0,0,0,0,0,0,0,0,8,0,0,0,0,0,0,117,0,0,0,0,10,0,0,0,0,0,0,0,0,0,0,15,0,0,22,0,0,0,0,0,0,0,95,0,0,0,0,0,0,0,0,96,45,93,0,0,3,0,0,0,0,0,0,0,0,0,1,61,1585,0,0,0,0,0,0,0,0,0,0,168,0,0,0,0,0,79,0,0,0,0,82,0,0,0,0,0,130,33,0,0,0,52,0,0,0,0,0,0,0,0,0,0,0,0,0,0,0,0,0,0,62,0,49,0,0,0,0,0,0,5,0,3,0,0,4,0,0,0,0,0,10,0,19,0,0,0,0,4,0,247,174,0,0,0,0,779,0,0,0,0,0,0,0,0,8,0,32,26,0,0,0,0,0,0,0,1,0,4,35,0,0,0,0,366,12,0,0,0,0,0,0,0,0,0,17,0,0,14,0,0,0,0,0,420,0,0,0,1,0,0,0,0,0,0,0,0,10,15,0,6,0,0,0,0,0,0,0,2,95,397,348,0,0,0,2538,0,0,0,4,29,0,0,0,721,0,0,0,0,0,0,0,8,0,0,0,0,0,0,0,1,0,0
"237",0,5,0,0,11,0,1,8,1996,1,8,1,5,1,1,0,0,0,2,0,0,1,0,0,0,1369,14,0,1,0,129,0,1,21,0,0,2,1,1,0,2,9,0,58,0,334,1,3,0,0,1,0,0,0,2,10,0,0,0,3,2,8,5,0,0,2,68,0,0,102,10,0,3,5,0,0,0,0,0,1,0,2,114,0,3,1,0,0,0,15,0,1,0,0,0,0,0,76,43,84,1,0,1,10,6,0,30,1143,2,0,0,1,0,311,7,0,171,1,3,4,16,45,0,0,409,0,0,4,0,0,47,182,0,0,1,0,1,0,0,0,0,0,0,0,21,0,0,7,0,0,8,0,0,1,1,0,0,0,6,38,0,0,1,1,0,0,0,0,0,0,0,0,0,0,0,0,2,1,103,0,0,0,0,0,1,0,1,0,0,0,0,35,0,0,1,0,0,3,0,0,0,1,0,0,0,5,0,0,0,0,0,0,1,3,19,3,108,3,1,16,0,1,0,0,0,0,20,0,131,6,11,0,2,309,0,4,1,0,0,1,1,0,0,0,0,0,0,0,1,0,13,1,1,0,1,1,0,1,8,217,1,0,0,1,0,1,0,0,0,65,0,20,79,0,1,0,1,0,2,931,1,0,22,0,0,0,0,0,1,3,0,0,0,0,67,1,1,0,0,9,0
"238",0,1,3,1,0,0,0,12,109,0,3,0,0,73,2,0,0,0,0,16,38,46,0,0,1,1,1,0,16,3,2,0,0,186,0,0,12,373,5,0,0,9,0,220,0,104,0,2,0,0,3,0,0,0,79,0,0,1,0,1,1,12,0,0,0,0,10,0,0,46,50,0,0,0,0,0,0,0,0,36,0,1,0,0,61,0,0,0,0,104,0,0,30,0,0,0,0,0,851,0,0,0,0,0,0,18,0,612,1,17,0,0,0,60,8,0,2,2,141,3,0,41,0,0,1469,12,0,0,0,0,204,78,0,0,40,0,200,0,0,11,12,2,0,1,0,0,10,23,0,0,46,7,0,1,0,2,11,0,103,197,0,0,6,226,0,0,0,0,1,0,0,0,0,0,0,0,1,110,16,8,1,0,0,1,10,0,11,0,0,0,0,56,0,1,2,0,0,1,0,0,0,0,0,3,0,0,0,0,7,0,0,0,13,0,124,0,54,181,0,10,119,1,74,0,0,0,72,0,54,0,153,0,0,53,0,0,0,0,0,2,1,0,40,8,0,1,0,0,1,26,39,2,26,0,127,0,1,2,12,0,1,0,3,35,1,1,0,0,0,7,0,0,237,0,0,0,2,0,60,97,1,0,833,0,0,0,0,0,42,116,0,0,0,0,74,3,9,0,59,12,0
"239",0,0,1,1,0,0,0,0,0,0,0,0,1,558,9,0,0,0,0,0,0,0,0,1,0,1333,0,0,30,0,1,0,0,1,0,0,10,0,0,0,2,0,0,0,0,0,0,0,0,0,0,0,0,0,0,0,0,0,0,1,0,0,1,1,0,0,11,0,0,0,6,0,0,0,0,0,1,0,0,1,0,0,0,0,0,1,7,0,3,0,0,14,7,0,0,1,0,0,41,0,0,120,0,0,63,3,0,247,1,28,0,0,0,44,3,1,0,1,0,3,0,41,49,0,0,0,0,12,0,0,0,859,0,7,0,0,234,1,0,0,54,0,0,1,0,0,0,46,0,0,8,0,0,63,4,1,4,0,0,7,0,0,0,0,0,0,0,0,0,0,0,0,0,0,0,0,0,0,0,0,0,0,0,0,0,1,0,0,0,0,2,0,0,0,0,6,0,3,0,0,0,1,0,0,0,10,0,0,0,22,0,0,0,0,0,1,0,0,0,0,0,1,0,0,1,0,0,0,79,0,130,3,0,67,0,0,0,0,0,5,22,0,0,0,1,1,0,0,1,0,149,0,0,0,0,1,12,0,0,0,1,0,0,4,2,0,0,0,0,1,0,0,817,0,15,0,0,0,0,3950,0,0,0,0,0,14,0,19,1,0,0,0,0,0,64,0,3,0,0,13,0
"240",0,0,0,0,0,0,1,0,0,0,0,1,0,0,126,0,0,0,1,0,12,13,0,62,0,2908,0,0,5,20,0,36,0,136,0,0,38,3,0,0,0,14,0,0,0,10,0,5,0,0,0,0,0,6,0,1,0,0,0,1,0,0,0,0,0,0,39,0,0,0,9,1,0,7,0,0,0,0,0,16,7,0,359,0,7,0,174,0,0,33,0,11,56,0,0,227,0,0,0,0,0,0,0,0,3,0,0,55,0,0,0,0,0,2,1,0,0,0,36,0,0,0,0,0,170,0,0,0,2,0,0,40,0,0,0,0,295,0,0,0,317,0,0,0,0,0,17,1,0,0,3,3,0,3,0,0,0,0,0,50,0,0,0,0,0,0,0,0,0,1,1,0,0,0,0,0,0,0,386,0,0,0,0,0,4,0,0,0,0,0,9,0,6,0,0,0,0,0,0,0,0,0,0,1,0,37,2,0,0,5,11,0,3,0,0,0,85,3,281,0,0,1,0,0,0,0,0,0,33,0,67,1,0,1002,0,0,1,0,0,213,1,0,0,0,0,0,0,0,162,0,0,5,0,1,0,146,4,0,11,36,3,0,0,0,0,0,0,0,0,0,0,14,278,0,0,0,0,0,0,1423,0,0,0,0,0,0,0,0,0,0,0,0,0,0,0,0,15,0,0,33,0
"241",15,0,0,0,37,4,3,0,0,0,0,0,8,0,4,0,0,0,0,0,4,11,0,5,0,4574,40,0,8,35,0,0,0,21,0,0,449,0,1,0,4,30,0,0,10,0,0,0,0,0,0,0,0,0,1,0,0,0,0,0,0,7,200,0,0,0,0,0,0,0,42,0,3,0,0,78,22,0,0,10,182,0,34,0,0,54,0,0,0,10,0,0,4,0,0,0,0,0,0,122,0,0,10,0,0,1,0,136,1,0,0,0,0,0,13,0,0,1,24,0,0,0,4,0,469,0,0,0,0,0,1,1,0,0,0,236,3,0,0,0,1,0,0,1,0,0,0,5,0,0,1,0,0,0,1,0,2,0,0,0,0,0,3,0,0,0,0,0,0,0,0,0,22,0,0,0,2,0,0,0,0,0,0,0,1,0,0,0,0,1,0,0,0,3,1,0,0,1,0,0,0,1,0,0,0,0,0,0,0,13,0,0,0,0,0,0,0,0,1,0,0,0,0,0,0,0,0,7,39,0,0,0,0,0,0,0,0,0,0,0,2,0,0,0,0,0,0,0,1,0,0,0,8,0,3,0,5,0,0,0,0,0,0,1,0,0,0,0,0,657,0,0,468,0,0,0,0,0,5,926,1,24,220,0,0,0,0,0,0,0,0,0,0,0,3,0,1,0,0,0,0
"242",4,2,21,0,20,5,0,0,21,1,0,1,4,0,1,0,0,0,0,1,0,34,0,0,1,445,49,0,2,2,29,0,1,22,0,0,1,128,0,0,1,11,0,0,0,133,170,18,0,0,0,37,0,0,4,7,0,11,0,0,1,0,0,0,0,0,41,0,1,45,161,1,3,69,0,0,0,0,0,311,0,28,51,0,260,1,69,1,0,54,32,0,0,0,0,0,0,12,23,63,0,0,1,1,4,4,79,199,1,62,1,4,3,100,39,0,33,1,9,0,0,50,0,0,123,70,11,2,15,0,8,280,0,0,0,0,1,0,0,0,1,0,0,0,56,0,117,2,1,0,60,0,0,0,0,0,1,0,1,26,0,0,0,1705,0,1,0,0,0,0,7,0,0,0,0,0,2,233,14,24,11,0,2,0,6,0,0,87,0,1,0,91,0,0,1,0,0,1,2,0,91,0,0,230,0,40,1,0,0,1,3,0,0,7,53,1,45,102,63,0,0,15,0,0,0,0,16,0,46,3,380,0,1,86,0,2,2,0,0,2,1,0,0,0,0,0,0,0,1,0,0,1,15,0,6,4,8,1,9,0,17,0,0,4,0,1,0,0,7,1,4,48,2,0,0,0,0,0,2,2108,0,0,138,0,0,0,0,1,20,40,0,0,4,0,22,1,4,80,0,39,0
"243",0,0,5,0,0,0,1,38,0,0,0,0,0,0,22,5,0,1,0,0,2,23,0,23,0,1,0,6,14,9,0,0,0,58,0,0,2,30,0,1,0,0,0,0,0,63,0,2,0,1,0,0,0,0,0,1,0,1,0,1,0,7,1,36,0,0,12,0,0,13,0,0,0,8,0,0,0,0,0,12,0,0,0,0,13,0,2,0,0,0,0,12,20,0,0,0,0,0,56,0,0,14,0,0,0,0,0,1179,1,9,1,0,0,27,10,0,3,53,90,2,3,113,0,0,302,0,0,0,0,0,0,71,0,0,1,0,4,0,0,0,108,2,49,1,0,0,4,28,1,0,20,0,0,22,6,0,6,0,0,0,0,8,0,0,0,2,0,3,0,0,12,0,1,0,4,0,0,0,1,0,0,0,0,1,4,0,0,0,0,24,0,8,3,0,0,0,0,0,1,0,0,0,0,387,0,43,3,0,0,0,0,0,0,0,24,0,0,241,0,0,102,1,0,0,0,0,0,0,0,0,1,0,0,1,20,0,2,1,0,12,2,0,0,0,0,0,0,0,1,0,0,4,0,4,0,1,18,0,1,73,0,0,15,3,3,1,0,0,355,1,0,20,1038,0,0,0,0,0,3,4433,0,0,393,0,0,15,0,0,2,0,0,0,0,0,22,0,0,0,0,21,0
"244",340,0,0,0,31,0,0,25,27,0,0,0,20,314,249,0,0,0,0,0,56,129,0,0,0,1243,0,0,419,59,117,0,0,26,0,0,0,151,0,0,0,0,0,0,0,3,0,0,0,0,0,2,0,0,0,32,0,0,0,252,0,0,0,0,0,0,157,0,3,60,168,0,0,10,0,0,0,0,0,46,0,0,0,0,17,0,0,0,0,484,1,109,0,0,0,0,0,112,19,842,0,0,0,0,7,0,11,1,1,251,2,0,0,173,51,0,4,1,27,0,41,22,19,0,0,0,0,0,0,0,3,14,0,0,0,0,0,0,0,0,19,0,0,0,0,0,0,16,0,0,10,0,0,8,0,0,0,0,0,3,0,0,0,117,0,4,0,0,0,0,12,0,0,0,0,0,0,0,81,0,0,0,0,0,3,0,0,0,0,1,0,123,0,0,0,0,25,0,2,0,0,1,0,0,0,0,0,0,11,0,0,5,0,0,0,0,53,0,0,0,0,0,0,0,0,0,0,0,44,0,7,0,0,332,0,0,0,0,0,12,1,0,1,0,0,96,0,0,59,0,0,0,0,0,0,0,0,0,17,0,0,0,0,31,1,0,0,0,169,244,0,0,205,0,23,0,0,0,0,453,0,0,45,0,0,0,0,0,7,0,0,0,0,0,83,0,59,0,0,116,0
"245",105,0,0,11,12,7,1,0,296,0,0,0,0,0,11,0,0,0,0,0,0,3,3,3,0,0,13,0,3,0,0,0,0,20,1,0,4,0,0,0,1,0,0,0,0,0,0,0,0,1,0,0,0,0,0,9,0,0,1,1,0,1,8,1,0,0,24,0,10,36,0,0,5,0,1,0,0,0,0,1,0,14,0,1,0,326,0,0,0,0,1,1,64,0,0,16,0,32,0,258,1,293,1,0,0,0,0,176,0,8,1,1,0,0,24,0,25,0,0,0,13,34,0,1,11,0,604,0,0,0,0,1,0,1,0,2,1,0,0,0,0,0,18,0,0,210,0,0,0,1,1,0,0,0,0,0,0,0,0,5,0,0,0,0,0,0,0,0,0,0,3,0,1,6,0,0,0,0,29,0,0,0,0,0,2,25,0,0,0,0,0,15,1,0,0,0,1,0,1,0,0,0,0,1,140,60,0,0,0,4,0,0,0,0,1,0,52,0,0,1,24,1,0,0,0,0,0,0,0,0,5,0,0,878,0,0,1,1,0,20,0,0,0,0,0,0,0,1,0,0,7,0,0,0,1,91,0,0,0,0,0,0,0,1,4,0,0,19,16,4075,0,0,852,0,1,0,0,0,1,1,0,0,38,0,0,0,0,1,0,29,0,0,0,1,0,0,48,0,0,14,0
"246",0,0,0,0,0,0,3,10,0,0,0,0,0,21,4,0,0,0,0,0,8,1,0,3,0,404,0,6,0,2,163,0,0,172,0,0,1,31,0,0,0,0,0,50,0,253,0,0,0,1,0,0,0,0,0,0,0,2,0,159,0,0,0,0,0,0,80,0,0,0,2,0,0,7,0,0,0,0,0,66,0,0,707,0,0,2,4,0,0,0,0,2,130,0,0,303,0,0,0,0,0,5,0,0,0,1,0,2170,1,0,0,0,0,0,15,0,0,2,94,0,0,0,0,0,8,0,0,0,0,0,39,219,0,0,0,0,15,0,0,0,30,0,0,1,0,0,0,0,0,0,0,3,0,10,0,0,0,1,0,283,0,0,1,0,0,0,0,0,0,0,0,0,0,0,0,0,0,0,148,0,0,0,0,1,4,0,0,0,0,19,1,0,0,0,0,0,0,0,0,0,0,1,1,0,0,0,4,0,0,1,0,0,0,0,0,0,157,0,0,0,88,0,0,0,0,1,0,0,0,0,8,0,0,138,3,0,0,0,0,1,3,0,132,0,0,0,22,0,6,0,0,0,0,0,0,0,1,0,0,0,20,0,0,0,3,0,0,0,0,169,0,0,23,4,0,4,1,0,0,2958,0,0,0,0,0,94,0,5,0,0,82,0,0,0,47,1,9,0,0,0,0
"247",0,0,0,0,0,0,1,20,0,0,0,1,0,0,16,0,0,0,0,0,12,4,0,0,0,1492,0,0,14,0,0,0,0,1,0,0,1,1,0,0,0,0,0,1,0,24,0,1,0,0,0,0,0,0,3,0,0,0,0,37,0,1,0,0,0,1,639,0,0,0,1,0,0,6,1,0,0,0,0,23,0,0,0,0,26,0,0,0,0,11,454,6,101,0,0,0,0,0,0,0,0,0,0,0,1,0,0,2545,0,0,0,1,0,2,13,0,0,0,21,0,0,0,0,1,4,93,0,0,1,0,1,46,0,0,0,0,34,0,0,0,789,0,0,0,0,0,15,0,0,0,0,4,0,44,0,0,0,0,0,1,0,0,0,1,0,0,1,0,0,0,3,0,0,0,0,0,0,1,38,1,1,0,0,0,1,0,0,0,1,0,0,31,0,0,0,0,7,0,0,0,0,0,0,34,0,19,0,0,0,7,0,0,20,2,0,0,16,1,140,3,0,15,0,0,0,29,0,0,1,1,9,0,0,209,0,0,1,0,0,0,0,0,119,0,0,0,0,0,0,0,4,1,1,0,1,1,0,0,1,0,3,13,0,1,0,0,0,0,0,753,0,1,73,0,0,0,0,0,1,986,1,0,1,0,0,0,1,0,85,0,0,0,0,0,0,0,0,5,25,14,0
"248",36,24,0,1,14,0,0,0,22,0,0,0,14,0,5,0,0,0,0,0,8,4,0,0,0,4201,19,0,0,0,0,0,0,0,0,0,0,0,0,0,0,56,0,77,0,209,0,0,0,0,0,0,0,0,0,0,0,0,0,0,0,0,0,0,31,0,24,0,0,0,181,0,0,8,0,0,0,0,0,58,0,0,0,0,1,0,0,5,0,81,5,0,0,0,0,4,0,99,0,875,0,0,0,0,0,0,0,959,1,0,1,0,3,10,0,0,6,1,4,3,0,0,0,0,278,0,1,0,0,0,5,64,0,0,0,40,1,0,0,0,0,0,0,0,0,0,0,20,0,0,34,0,0,0,0,0,0,0,0,123,0,0,0,0,0,0,0,0,0,0,0,0,0,0,0,0,0,0,0,0,0,0,0,0,0,0,0,0,0,1,0,9,0,0,0,0,0,2,1,0,0,0,0,0,1,0,0,0,7,0,0,0,0,0,0,0,0,0,0,0,0,0,0,0,0,0,0,0,80,0,0,0,0,74,0,0,0,0,0,1,0,0,1,0,3,0,0,0,1,0,39,0,0,0,0,0,2,0,0,383,0,0,0,0,0,0,0,25,0,1,0,0,0,0,0,0,0,0,0,1142,0,0,362,0,0,0,0,0,0,8,0,0,0,0,0,0,3,34,0,16,23
"249",0,0,0,0,0,0,16,0,1,0,1,0,0,0,974,0,0,0,0,0,0,1,0,0,0,4823,0,0,0,0,0,487,0,147,0,35,13,47,0,0,0,0,0,9,0,220,0,1,0,0,0,0,0,0,0,0,0,0,0,12,0,56,0,0,192,7,16,0,0,0,13,0,0,6,0,0,0,0,0,7,0,0,0,0,29,0,66,0,0,33,0,0,51,0,0,0,0,0,19,0,0,0,0,0,0,0,0,328,1,0,0,0,0,0,1,0,0,62,32,0,8,28,0,0,247,0,1,0,0,4,0,26,0,0,0,0,6,0,0,0,30,0,0,0,0,0,1,0,0,5,5,0,0,0,1,0,0,0,0,2,0,0,0,194,0,0,0,0,0,3,8,0,0,0,0,0,0,13,57,0,38,0,29,0,0,0,0,0,120,1,5,0,0,0,1,0,0,0,2,0,0,14,2,2,394,180,0,0,0,0,0,0,1,12,18,0,44,4,24,7,0,1,0,4,0,24,0,0,6,8,16,0,0,439,0,0,0,0,0,0,1,1,0,0,0,1,0,0,1,0,0,1,1,0,2,0,4,0,1,0,4,3,0,1,0,0,10,0,0,103,0,0,85,0,0,0,0,0,10,1,0,0,35,0,0,0,0,0,7,2,0,0,0,0,30,2,0,14,0,42,0
"250",0,0,0,0,0,0,0,9,0,0,0,0,1,58,5,0,0,0,0,0,0,10,0,3,0,3132,0,0,2,33,0,0,0,57,0,0,8,0,1,0,0,0,0,0,0,495,0,0,12,0,0,0,0,0,0,0,0,1,0,24,0,1,0,0,0,0,12,0,0,0,0,0,0,2,0,42,0,0,0,2,0,0,6,0,4,4,42,0,0,21,0,4,1,0,0,14,0,0,55,0,0,0,0,0,0,0,0,3,1,0,0,0,0,698,5,1,0,0,20,7,0,0,5,36,362,0,0,0,0,0,0,4,0,1,0,0,253,0,0,0,3,0,0,1,70,0,1,0,0,5,3,0,0,12,0,0,0,0,0,10,0,2,0,999,0,0,0,0,0,0,0,0,3,0,0,0,0,31,26,0,0,0,0,0,0,0,0,0,0,1,0,38,4,0,0,0,0,0,0,0,0,0,0,1,0,7,0,0,16,2,0,0,0,0,20,0,58,0,1,5,0,21,0,0,0,0,0,0,71,0,10,0,0,250,0,0,0,0,0,1,1,0,0,0,0,0,0,0,1,0,116,0,0,0,4,3,5,0,0,0,1,0,4,1,0,0,0,0,0,32,0,0,836,0,0,0,0,0,0,1663,0,0,8,0,0,12,4,1,11,0,0,0,0,0,5,0,31,0,0,75,0
"251",116,0,0,2,0,0,11,10,3722,0,0,0,20,0,1,1,51,0,0,0,0,18,0,0,0,53,105,0,2,0,0,0,0,0,0,0,2,35,0,0,4,0,0,0,0,2,0,0,0,0,0,0,0,0,0,37,0,0,0,0,0,5,17,0,0,0,57,0,10,30,45,0,7,0,0,0,0,0,0,0,0,0,0,0,3,3,0,0,0,0,236,14,2,0,0,0,2,31,19,210,3,0,0,0,0,0,0,102,1,0,0,0,24,46,16,0,11,0,98,0,10,0,12,0,0,0,0,0,0,0,0,1,0,0,0,0,1,0,0,16,36,0,0,0,0,0,106,37,0,0,10,0,0,27,0,0,10,0,0,0,0,0,0,0,0,0,0,0,4,0,0,0,1,0,0,0,0,147,14,0,0,0,0,24,0,0,0,0,0,0,1,145,4,10,0,0,0,3,0,0,0,0,0,4,0,109,0,13,19,0,0,0,3,0,0,0,0,0,0,0,0,26,0,0,0,0,0,0,30,0,84,0,2,80,0,0,2,0,0,18,0,0,1,0,7,0,0,0,1,0,1,0,0,0,20,5,5,0,0,0,0,0,7,11,0,2,0,0,0,30,0,0,354,0,0,0,2,0,0,2368,0,0,76,0,0,0,0,1,3,0,0,0,0,0,64,0,103,0,0,36,0
"252",0,0,0,0,0,0,0,0,0,0,0,0,0,0,12,0,0,0,0,0,172,28,0,8,0,0,0,0,0,0,288,0,0,54,0,0,0,58,0,0,0,0,0,372,0,148,0,0,0,0,0,0,0,0,0,0,0,0,0,72,0,34,1,0,0,0,144,0,0,67,45,0,0,0,0,0,0,1,4,218,0,0,822,1,302,0,5,0,0,52,0,1,6,0,0,2,0,0,105,0,0,0,0,0,3,0,0,1441,0,87,0,0,0,20,0,1,0,11,141,0,0,0,0,1,0,0,4,0,0,0,7,1856,85,3,0,0,368,0,0,0,42,0,0,0,0,0,38,0,0,0,0,0,0,29,0,0,0,1,185,95,0,0,0,0,6,0,0,5,0,0,9,0,0,0,0,9,4,101,342,0,0,0,10,0,5,0,0,0,0,0,11,0,0,6,0,0,0,0,0,0,0,0,208,0,0,6,0,0,0,0,0,0,12,0,0,0,219,32,0,0,0,36,0,0,7,0,0,0,6,0,245,0,0,73,0,0,0,0,0,0,0,0,0,0,0,7,0,0,0,0,0,6,33,0,90,0,17,0,3,0,14,0,0,4,0,0,0,0,0,0,6,0,0,0,0,1,0,0,6,0,0,0,28,0,0,0,0,0,157,0,0,0,0,0,0,0,5,47,0,54,0
"253",19,0,0,0,24,0,0,0,1346,1,0,0,3,0,2,1,24,18,3,3,72,132,0,0,0,558,17,0,3,11,0,0,0,75,1,0,145,0,0,0,5,9,0,0,0,55,0,2,0,0,1,0,1,0,16,17,4,19,0,137,0,5,0,0,0,0,166,3,0,0,18,0,0,52,0,1,13,0,0,298,25,0,31,0,0,2,41,0,0,739,0,2,2,0,0,0,1,15,15,33,6,42,0,5,0,0,0,30,1,0,0,1,0,58,16,0,2,1,49,0,4,0,3,0,794,125,459,0,0,1,8,3,20,0,0,0,1,0,0,0,1,1,39,3,0,3,14,15,0,0,0,0,0,0,0,1,4,0,0,0,0,2,0,0,0,1,0,0,0,0,19,0,1,0,0,0,0,23,0,0,0,0,0,0,1,2,0,0,0,1,0,262,1,0,0,0,0,1,0,0,0,1,0,1,0,161,0,1,0,1,1,0,0,0,0,0,0,93,131,0,0,0,0,0,1,0,0,0,29,29,206,0,2,0,10,0,1,2,3,1,1,0,0,0,0,0,0,0,1,0,0,2,0,0,4,11,2,0,5,10,1,0,0,6,1,0,0,0,0,5,0,0,302,0,0,0,0,0,6,1241,0,1,254,0,0,0,0,1,13,62,0,0,0,0,52,0,22,0,0,171,0
"254",0,0,0,0,0,0,173,0,0,0,0,0,1,0,56,0,0,0,0,0,0,0,1,0,0,150,0,0,31,0,0,0,0,281,0,0,7,0,0,0,0,0,136,0,0,0,0,0,0,0,0,0,0,0,0,0,1,0,0,0,0,0,7,1,0,0,45,0,0,0,0,0,0,0,0,364,0,0,0,10,0,0,24,0,0,0,0,77,0,0,0,6,250,0,0,12,0,0,0,0,0,0,0,0,0,0,0,219,1,1,3,0,0,0,2,1,2,3,86,8,0,0,10,0,0,0,0,0,0,0,0,0,0,0,0,0,11,0,0,20,5,0,0,1,0,0,1,0,0,0,0,0,0,0,0,0,1,0,0,0,0,10,0,0,1,0,0,1,0,0,0,0,1,0,0,0,0,0,59,0,0,0,0,0,0,7,0,0,0,17,6,286,0,0,0,36,0,0,0,0,0,51,0,1,1726,13,0,0,0,0,0,0,0,0,0,0,0,0,278,0,0,0,0,0,1,0,0,0,0,0,63,4,0,0,0,0,0,0,5,1,1,0,0,0,6,0,0,0,1,0,0,0,0,0,9,0,0,0,0,0,0,0,0,0,0,0,0,0,0,3,0,0,1013,0,0,0,0,0,0,3509,0,0,552,0,0,0,0,0,19,0,0,0,0,0,0,0,0,0,0,0,0
"255",8,0,0,0,0,0,1,18,2185,0,0,6,19,100,81,0,0,0,0,0,4,13,0,1,0,665,54,0,0,27,20,211,0,7,0,0,5,1,1,0,0,17,0,12,0,269,0,0,0,0,0,0,0,0,21,0,0,0,0,22,0,20,0,0,22,0,284,0,0,39,40,0,0,0,0,0,0,0,0,20,0,0,14,0,0,0,0,0,0,17,1,5,40,33,0,0,0,0,27,232,0,0,0,0,0,0,132,1157,0,0,0,49,15,17,24,1,0,57,7,0,8,0,0,1,118,0,0,0,0,0,0,212,0,3,0,0,7,0,0,0,324,0,0,0,0,0,0,0,0,0,3,0,0,20,0,0,0,0,162,46,0,0,0,3,0,0,0,0,0,0,0,0,0,0,0,0,0,16,43,0,0,0,0,0,5,0,0,0,0,0,0,177,0,0,0,0,0,0,0,0,1,0,181,0,0,9,0,0,0,0,0,0,0,2,1,1,38,0,0,0,0,16,0,0,0,2,0,0,7,0,92,0,0,659,0,0,0,0,0,17,0,1,0,0,0,0,0,0,0,0,28,1,8,0,17,19,7,0,0,0,1,0,0,4,0,0,0,3,10,22,0,0,72,0,1,0,0,0,10,984,1,0,104,2,0,0,0,0,15,68,0,0,1,0,159,6,25,41,0,46,0
"256",0,0,0,0,0,0,1,0,0,0,0,0,0,0,20,0,0,0,0,0,0,32,0,0,0,3586,0,0,15,18,0,0,0,54,0,0,5,0,1,0,0,0,0,23,0,28,0,0,0,0,5,0,0,0,9,0,0,0,0,0,0,0,0,0,0,0,0,0,0,0,0,0,0,0,0,0,0,0,0,0,0,0,10,0,0,0,0,0,0,0,0,8,52,0,0,0,0,0,62,0,0,16,0,0,0,0,0,177,0,4,0,0,0,93,0,0,0,0,4,0,0,0,1,0,38,0,3,0,0,0,1,73,0,0,0,0,0,0,0,0,15,0,0,0,0,0,0,0,0,0,0,0,0,0,0,0,71,0,0,69,0,0,0,0,0,0,0,0,0,0,0,1,0,0,0,0,0,471,0,0,0,0,0,1,0,0,0,0,0,0,0,23,0,0,0,0,0,0,0,0,0,0,0,0,0,2,0,0,0,1,0,0,0,0,0,0,0,0,43,0,42,0,0,0,0,0,0,0,0,0,0,0,0,409,0,0,0,0,0,0,0,0,0,0,3,0,0,0,0,0,0,0,0,0,0,0,6,0,0,1,0,0,0,1,4,0,0,0,0,16,0,0,237,0,0,0,0,0,0,3729,0,0,20,0,0,0,0,0,0,8,0,0,0,0,0,0,1,0,0,52,2
"257",41,5,0,1,30,11,0,19,40,2,123,7,0,374,96,0,0,0,0,0,48,19,10,1,0,782,20,0,106,4,0,0,0,0,0,0,10,5,1,0,67,115,0,50,0,0,0,20,39,0,0,2,0,0,3,0,0,0,0,13,0,32,314,0,0,0,4,0,0,0,64,0,17,1,0,0,0,0,0,21,0,35,1,1,11,0,1,0,3,111,0,8,0,35,0,0,0,0,12,331,0,0,0,0,13,0,5,97,9,6,0,6,0,0,20,0,0,1,6,8,41,76,0,0,0,0,0,0,0,0,0,6,0,0,0,0,1,0,0,0,0,0,0,0,3,0,0,5,0,8,4,0,0,0,1,0,0,0,0,17,2,13,1,0,0,3,0,0,0,0,5,0,0,0,0,13,0,1,8,0,0,0,0,0,0,0,0,0,0,1,0,1,0,0,1,0,0,1,0,0,0,0,1,2,0,0,0,0,0,59,1,0,0,0,0,0,132,10,0,0,68,1,6,0,0,0,930,0,46,0,27,0,0,425,0,0,0,0,0,0,1,0,0,0,0,0,0,0,1,0,0,0,5,0,1,3,0,0,7,2,0,0,0,3,0,0,0,0,2,1478,0,0,557,0,0,0,0,0,2,1619,0,0,50,0,0,0,0,0,19,11,0,0,1,0,3,5,6,0,0,0,0
"258",4,0,0,0,0,0,0,0,0,1,0,0,1,0,4,0,0,0,0,0,0,18,0,8,0,2851,0,0,166,124,297,0,0,169,0,0,18,130,0,0,0,0,0,0,0,35,0,0,0,0,0,0,0,0,0,0,5,0,0,0,0,0,0,0,0,0,0,0,13,0,0,0,0,1,0,139,0,7,0,4,0,0,0,0,4,0,1,0,0,67,0,2,2,0,0,0,0,0,0,0,0,0,0,0,7,0,0,2267,1,0,0,0,0,38,1,0,0,0,131,6,6,30,0,0,175,0,0,0,0,0,0,2,0,0,0,0,1,0,0,0,9,0,28,1,0,0,0,15,0,0,0,0,0,0,0,1,0,0,0,2,0,0,0,0,0,0,0,0,0,0,0,0,0,0,0,0,0,0,370,0,0,0,0,0,0,0,0,0,0,18,0,28,0,0,0,0,0,0,0,0,0,8,1,4,1400,108,0,0,0,0,2,0,0,0,0,0,106,0,7,0,0,0,0,0,1,0,0,0,0,0,13,0,0,225,0,0,0,0,0,0,1,0,0,0,0,0,0,0,1,0,0,2,0,0,3,0,4,0,9,0,0,0,0,1,0,0,0,0,0,101,0,0,270,0,0,0,0,0,3,276,0,0,56,0,0,0,0,2,0,0,0,0,0,0,56,0,7,0,0,87,0
"259",15,0,0,0,0,0,164,0,24,0,0,0,14,0,0,0,0,0,0,0,0,41,0,0,0,2112,0,0,41,0,0,0,0,0,0,0,16,0,35,0,40,0,0,51,0,73,0,0,57,0,0,0,0,0,0,0,0,0,0,0,0,0,0,0,4,0,67,0,64,0,0,0,0,0,0,0,0,0,0,0,0,0,0,0,66,0,0,0,0,0,57,0,15,0,0,0,0,0,41,924,0,0,0,0,27,9,0,3,1,0,0,0,0,0,6,0,0,0,37,20,0,0,0,0,0,0,0,0,0,0,0,0,0,0,0,0,267,0,0,0,3,0,0,0,0,0,0,0,0,0,0,0,0,0,0,0,0,0,0,138,0,0,0,112,0,0,0,0,0,0,0,0,0,0,0,0,0,0,0,0,0,0,0,0,0,0,0,0,0,1,0,44,0,0,2,0,0,0,0,0,0,0,0,0,0,0,0,0,0,4,0,0,0,0,0,0,108,0,64,0,0,0,0,0,0,0,0,0,0,0,0,0,0,666,0,0,0,0,0,72,0,21,0,0,0,0,0,0,1,0,0,0,0,0,0,16,0,0,0,0,0,0,0,0,0,0,0,0,0,8,0,0,123,0,0,0,0,0,22,2917,0,0,564,0,0,0,0,1,0,0,0,0,0,0,66,0,9,0,0,331,0
"260",21,0,0,0,0,0,0,0,0,0,0,0,0,0,0,0,1,0,0,0,0,0,0,0,0,261,0,8,126,36,230,0,0,0,0,0,0,0,0,0,0,0,0,0,0,226,0,0,0,0,0,0,0,0,0,0,11,1,0,604,0,0,0,0,0,0,269,0,0,28,0,0,0,0,0,0,0,0,0,0,0,0,480,0,0,1,0,0,0,0,0,16,85,0,0,11,1,0,0,0,0,9,0,0,0,0,0,480,67,0,0,0,1,0,0,6,40,0,61,3,0,0,90,0,0,0,53,0,0,0,0,0,110,0,0,0,63,0,0,0,5,0,0,1,0,0,44,0,0,0,0,0,0,71,0,52,1,0,0,0,0,10,0,0,1,0,0,2,0,0,0,0,1,1,0,0,0,0,0,0,0,0,0,0,0,30,0,0,0,1,31,109,0,4,0,4,9,0,0,6,0,55,0,2,1818,0,0,0,13,0,3,0,0,0,0,0,0,0,9,0,0,0,0,0,3,0,0,10,0,0,0,0,0,82,0,0,0,0,5,0,0,0,0,0,6,12,0,0,2,0,0,0,0,0,0,2,22,0,0,0,0,0,0,8,0,0,0,0,0,11,0,0,95,0,9,7,0,0,0,2587,0,0,367,0,0,0,0,6,0,0,0,0,0,0,0,0,46,0,0,13,0
"261",6,0,0,0,9,0,1,0,0,0,0,0,0,0,0,0,0,8,0,0,1,1,0,1,0,950,13,0,15,0,0,0,0,11,1,4,7,1,0,0,3,0,0,0,0,1,0,5,0,0,0,0,0,0,0,0,0,0,1,1,0,0,0,24,4,0,40,0,0,3,1,0,0,0,0,0,0,0,0,1,0,7,0,1,0,0,0,0,0,0,3,14,64,0,3,5,0,0,0,72,16,0,0,0,0,0,0,358,137,137,1,11,0,1,13,1,0,0,21,0,0,0,0,0,9,10,0,0,1,0,0,0,0,1,0,2,73,0,0,1,271,0,42,85,15,0,0,1,0,0,1,0,1,0,0,0,0,0,0,1,0,0,0,0,0,1,0,0,0,0,0,0,953,0,0,0,0,0,1,1,0,0,0,0,0,0,1,0,0,0,0,6,1,0,0,0,0,0,0,0,0,0,0,42,0,49,0,0,1,8,0,0,1,0,1,1,6,0,56,0,0,3,0,0,0,0,0,0,0,0,0,0,0,1149,0,0,1,0,0,17,0,1,0,1,39,0,0,0,0,0,1,1,0,0,0,74,0,0,0,1,0,0,0,1,0,0,0,1,0,3213,0,1,702,0,0,0,0,0,0,84,0,0,9,7,0,0,0,1,0,0,0,0,0,0,0,1,0,0,0,16,7
"262",0,0,0,0,0,1,70,0,0,0,1,0,0,63,60,0,0,0,0,0,20,37,0,0,0,1541,0,0,0,1,1,0,0,0,0,0,5,0,0,0,0,0,0,57,0,58,0,1,0,0,0,0,0,4,3,0,0,0,0,72,0,125,0,0,0,0,24,0,3,0,95,0,0,2,0,0,0,0,0,0,0,0,0,0,14,1,65,1,0,150,501,0,0,0,0,0,0,0,64,0,0,0,0,0,13,0,0,1169,15,0,0,0,0,34,1,0,0,1,5,0,0,0,0,0,319,0,0,0,0,3,60,202,0,0,0,18,0,0,0,0,296,0,0,0,0,0,0,5,0,0,0,0,0,0,1,0,0,0,0,36,0,0,0,0,0,0,0,0,0,0,0,0,0,0,0,0,0,0,28,0,0,1,0,2,34,0,0,0,0,9,0,22,0,0,0,0,0,3,10,0,0,0,0,0,229,82,4,0,0,0,1,0,0,0,0,0,0,0,0,0,0,16,0,0,0,63,0,0,10,0,0,0,0,2440,0,0,3,0,0,3,1,0,0,0,1,0,0,0,1,2,0,0,0,0,12,5,2,0,11,0,0,0,0,12,1,0,0,0,20,7,0,38,30,0,0,0,0,9,37,1063,0,0,63,0,0,0,0,0,19,13,0,0,0,0,169,3,38,0,0,38,0
"263",0,2,0,0,45,8,0,17,0,0,0,0,18,256,4,0,47,35,0,0,0,11,0,0,0,1779,38,0,2,0,207,0,0,49,61,0,16,0,12,0,39,0,0,0,5,2,0,0,0,3,0,15,0,0,0,13,0,40,0,93,0,0,0,0,220,0,0,0,0,0,83,0,10,1,0,0,0,0,0,0,0,1,0,0,1,0,40,0,0,80,0,0,25,0,0,0,0,25,4,430,0,0,0,2,0,4,1,914,1,1,0,38,0,84,12,0,6,2,0,2,3,141,0,0,637,15,0,0,0,0,1,34,0,3,32,0,33,0,0,0,1,2,0,3,0,0,0,2,0,0,0,0,1,0,0,0,1,0,0,0,0,0,0,132,0,2,0,0,0,0,0,5,1,0,0,0,0,14,0,0,0,0,0,0,0,0,0,0,0,1,0,5,0,0,1,0,0,1,1,0,0,0,0,0,0,0,0,0,25,10,0,0,0,0,32,0,0,0,5,0,0,0,47,0,0,0,0,0,31,0,1,0,0,871,0,0,0,1,0,36,1,0,0,0,0,0,1,10,1,0,0,11,0,0,0,0,0,0,0,0,0,0,7,18,0,0,0,0,0,17,0,0,336,0,2,0,5,0,0,1752,0,0,53,0,0,0,0,0,0,3,0,0,0,0,9,0,18,0,0,16,0
"264",0,0,0,0,0,0,3,0,0,0,0,0,0,0,1,0,0,0,0,0,0,0,0,0,0,2652,0,0,1,0,0,0,0,0,0,0,11,0,0,0,0,0,0,0,0,218,0,0,0,0,0,0,0,0,0,0,6,0,0,551,0,0,0,0,0,0,0,0,0,0,0,3,0,0,0,183,0,0,0,0,0,0,0,0,0,1,206,0,0,0,0,0,4,0,0,0,0,0,0,0,0,1,26,0,0,0,0,91,0,0,0,0,0,0,0,0,0,0,126,1,0,0,0,1,36,0,0,0,0,0,129,0,0,0,0,0,9,1,0,0,1,0,0,0,0,0,0,0,0,0,0,0,0,0,0,0,0,0,0,126,0,0,0,0,0,0,0,0,0,0,0,0,0,0,0,0,0,0,0,0,0,0,0,0,0,0,0,0,0,0,0,73,1,0,0,5,0,0,0,0,0,0,0,0,0,15,13,0,0,0,83,0,0,0,0,0,0,0,0,0,0,0,0,0,0,0,0,0,0,0,0,0,0,88,0,0,0,0,0,17,0,0,0,0,1,0,16,0,0,0,0,0,0,0,0,8,0,0,0,0,0,0,0,4,0,0,0,0,0,6,0,0,33,0,0,0,0,0,0,4376,0,0,526,0,0,0,0,8,0,0,0,0,0,0,0,0,1,0,0,0,0
"265",0,0,0,0,0,12,1,0,1100,0,0,7,0,58,47,0,0,0,0,2,0,42,8,8,0,821,63,0,194,13,58,0,0,187,0,0,5,4,0,0,7,85,0,54,0,37,0,0,0,0,0,0,0,0,0,16,0,0,0,1,0,0,0,0,0,0,43,0,0,0,0,0,15,2,0,214,0,0,0,1,0,0,1,0,2,3,0,0,0,67,0,0,0,74,0,0,0,34,43,651,0,406,0,0,0,3,1,5,1,1,0,0,0,1,12,0,7,0,3,3,0,0,0,0,761,22,1,0,0,0,45,49,0,0,0,0,0,0,0,0,1,0,0,0,0,0,0,4,0,0,12,0,0,1,1,0,0,0,0,165,0,0,2,0,0,3,1,0,0,0,0,0,1,0,0,0,0,4,5,0,0,0,0,0,5,0,21,0,0,5,0,7,0,11,1,0,0,0,0,0,0,1,0,0,0,16,0,0,16,0,1,0,0,0,0,0,0,0,0,10,0,0,0,0,0,0,1,0,19,0,1,0,0,744,0,0,0,0,0,33,1,0,26,0,0,0,0,0,1,0,1,0,16,0,0,10,0,0,0,6,0,0,0,0,3,0,0,0,4,218,0,0,1332,0,0,0,0,0,0,2,0,0,834,0,0,0,0,0,0,10,0,0,0,0,0,0,1,0,0,144,0
"266",0,0,0,0,0,0,33,0,0,0,0,0,0,0,1,0,2,0,0,0,0,13,0,5,0,97,0,0,11,1,208,0,0,0,0,0,2,5,2,0,5,0,0,0,0,0,0,0,0,0,0,0,0,0,0,0,0,0,0,0,0,15,0,0,0,0,16,0,0,0,0,0,0,0,0,0,0,0,0,11,0,0,491,0,0,4,0,0,0,28,0,5,0,0,0,0,0,0,17,0,0,0,0,0,0,0,0,2616,6,0,0,0,0,0,0,0,0,2,19,0,0,0,0,0,0,0,0,0,0,0,0,226,0,0,0,0,1,0,0,0,26,0,0,5,0,0,0,0,0,0,17,0,0,0,2,0,6,0,0,0,0,0,0,225,0,0,2,6,0,0,0,0,1,0,0,0,0,26,46,0,0,0,0,0,0,0,0,0,0,0,0,29,9,11,0,0,0,0,0,70,0,9,0,6,461,79,0,0,19,3,0,0,0,0,0,0,0,0,12,0,0,0,0,0,0,0,0,0,0,0,114,0,0,312,0,0,0,0,0,4,4,0,0,0,6,0,0,0,20,0,0,0,0,0,5,7,0,0,0,2,0,0,0,4,0,0,0,0,0,1,0,0,306,0,0,0,0,0,6,3551,0,0,66,0,0,0,0,0,0,0,0,0,0,0,110,0,10,0,0,3,0
"267",0,0,0,0,50,0,0,77,481,0,0,5,7,202,1,0,0,0,0,1,0,18,5,39,0,9,0,8,20,6,0,0,0,56,0,0,0,187,0,0,2,10,0,0,0,125,0,0,0,0,0,0,0,0,47,16,0,0,0,0,0,0,0,0,0,0,16,0,0,0,48,0,0,0,0,1,0,0,0,0,0,0,181,0,0,1,1,1,0,172,0,6,159,0,0,1,0,24,19,67,5,0,0,2,0,0,11,1318,1,0,0,10,0,94,14,0,9,0,3,0,8,126,0,0,0,0,0,0,21,1,4,95,2,0,0,0,1,0,0,0,3,0,0,0,0,0,0,3,0,0,25,0,0,0,4,2,0,0,1,232,0,2,0,79,0,0,0,0,0,0,0,0,1,0,0,0,0,0,0,0,0,0,2,0,0,0,0,0,0,1,0,25,3,0,0,0,0,0,0,0,0,0,0,42,0,23,0,0,0,1,3,0,0,0,0,0,0,28,179,0,0,30,0,0,0,0,0,0,110,32,101,0,2,1110,0,0,0,0,4,12,1,0,0,0,0,0,0,0,1,0,0,0,8,1,0,2,1,0,5,0,0,0,0,2,0,0,0,0,0,1,197,61,269,1,0,0,0,0,1,3044,0,14,263,0,0,0,0,1,3,2,0,0,0,0,103,0,0,0,0,8,0
"268",0,0,0,0,0,0,0,0,0,0,0,0,0,212,0,0,0,0,0,0,0,32,0,0,0,2861,0,0,17,0,1,0,0,0,0,0,0,51,0,0,0,0,0,31,0,290,0,0,0,0,0,0,0,0,0,0,0,0,0,287,0,0,0,37,0,0,109,0,0,20,0,0,0,0,0,0,0,0,0,105,0,0,1,0,0,0,0,1,0,27,0,263,0,0,0,0,0,0,1,0,0,319,0,0,0,0,0,12,0,42,0,0,0,77,0,0,0,1,0,0,0,0,0,1,0,0,0,0,0,0,1,4,0,0,0,1,0,3,0,0,7,0,0,0,0,0,19,0,0,0,2,0,0,16,1,0,0,0,0,19,0,0,0,3,0,0,0,0,0,0,12,0,0,0,0,1,0,0,44,0,0,0,0,0,0,0,0,0,0,0,0,278,1,0,0,0,0,0,0,0,0,0,0,184,679,79,0,0,0,0,0,0,0,0,0,0,28,0,0,0,0,18,0,0,0,0,0,0,0,0,59,0,0,984,0,0,0,0,0,0,0,0,0,0,3,0,0,0,0,0,0,1,0,0,0,0,0,0,0,0,0,0,0,27,0,0,0,0,111,7,0,0,87,0,0,0,0,0,0,1966,0,0,93,0,0,0,0,4,8,0,0,0,0,0,6,0,25,0,0,0,0
"269",0,0,4,0,0,0,1,21,0,0,1,0,0,0,9,0,3,1,0,0,0,21,0,1,0,44,0,0,8,9,261,0,0,13,0,0,2,0,0,1,0,0,0,0,0,9,0,2,0,1,1,0,0,0,0,0,0,0,0,5,0,0,2,0,0,0,8,0,0,316,0,0,0,0,0,0,0,0,0,18,0,1,0,0,0,1,0,0,0,135,0,11,1,0,0,0,0,0,0,0,0,51,0,1,0,0,0,663,1,0,1,0,0,157,1,0,2,1,186,3,0,4,0,0,181,0,0,0,0,0,0,0,0,1,1,0,472,0,0,0,2,2,38,1,0,0,0,36,0,8,33,6,0,11,0,0,2,0,0,0,0,0,0,0,0,2,0,0,0,0,0,1,1,1,1,0,0,221,452,0,0,0,0,1,1,0,0,0,0,19,0,1,0,0,1,0,0,0,2,0,0,1,0,458,0,0,0,0,12,1,0,0,0,0,11,0,0,0,1,0,53,0,0,0,0,1,0,0,0,0,119,0,0,214,0,0,3,0,0,1,0,0,0,0,2,242,0,0,1,0,0,0,0,0,5,1,0,1,9,2,8,0,1,4,1,0,0,0,0,94,0,6,826,0,5,0,0,0,0,4521,0,0,71,0,0,0,0,0,0,0,0,0,0,0,0,0,0,0,0,13,0
"270",0,0,0,0,0,0,0,0,0,0,0,0,0,0,0,0,8,8,5,0,0,11,0,0,0,0,0,0,0,0,0,724,4,53,0,0,0,235,0,0,0,0,0,0,0,333,0,0,0,0,34,0,0,0,0,13,9,0,0,868,0,30,0,218,0,0,120,0,3,0,91,0,0,241,0,0,0,0,0,129,0,0,39,0,64,1,0,0,0,20,0,59,0,0,0,0,0,0,17,0,0,0,0,23,8,0,0,2571,0,0,0,0,0,6,0,0,0,0,252,0,0,0,0,1,26,0,0,0,0,0,0,86,0,0,0,24,15,0,0,0,67,0,0,0,0,0,66,0,0,0,34,0,61,0,0,0,0,0,0,0,0,36,0,0,0,0,0,0,0,0,0,65,65,0,0,0,0,4,0,0,0,0,0,16,0,0,0,0,0,0,0,67,0,0,0,0,0,9,0,0,0,0,0,0,0,67,0,0,18,0,0,0,0,0,2,0,0,0,448,0,182,0,0,0,0,0,0,0,0,0,233,0,0,0,0,0,8,0,0,9,0,0,0,0,16,0,2,0,0,0,0,0,41,0,9,33,28,1,0,0,0,0,0,0,0,0,0,0,0,209,0,0,0,0,0,0,1,0,5,0,0,1,371,0,0,0,0,0,16,0,0,0,0,0,15,0,0,0,0,59,0
"271",16,5,0,1,42,0,18,3,62,0,0,0,49,0,18,3,4,0,0,0,0,7,0,3,0,493,87,0,130,107,0,0,0,0,0,0,5,183,0,4,0,24,0,0,0,0,0,12,0,0,0,0,0,0,5,48,0,222,0,0,0,0,30,0,0,0,161,7,0,0,26,0,12,17,0,0,0,0,0,1,0,0,0,0,0,4,1,0,17,0,0,2154,1,0,0,1,0,54,1,394,0,0,23,0,0,0,0,0,0,0,0,0,0,0,68,0,40,1,54,0,0,38,0,156,1,0,0,0,0,0,0,0,0,0,0,0,1043,0,0,1,3,7,0,163,0,10,84,0,0,3,1,0,51,7,1,0,104,0,0,0,0,0,0,0,0,0,0,5,2,0,17,0,0,0,0,0,6,3,0,0,0,0,0,0,0,0,0,2,0,0,21,139,0,0,0,0,0,0,0,0,0,0,0,0,0,61,0,0,0,0,354,0,0,0,0,0,0,0,1,0,1,0,0,0,0,0,0,9,0,0,0,0,0,372,0,0,0,0,0,1,0,0,0,0,0,4,22,0,0,0,0,0,0,0,21,15,23,0,12,8,0,0,0,33,0,0,33,0,0,850,0,0,180,0,0,0,4,0,0,561,0,0,0,2,1507,0,0,8,5,0,0,0,0,0,15,0,6,0,0,48,0
"272",0,34,102,0,31,8,1,0,45,0,136,0,0,0,1,0,4,0,0,1,19,14,0,0,0,1,158,0,0,0,0,0,0,37,0,0,1,25,1,0,46,25,0,38,0,1,0,33,0,0,0,11,0,0,0,37,0,0,0,604,8,13,0,0,6,154,0,0,0,459,20,0,8,52,35,0,0,0,0,43,150,99,21,0,4,0,0,0,0,14,0,10,0,0,1,0,0,84,1,1200,0,0,0,0,1,4,3,656,0,18,0,0,0,0,0,0,11,79,34,0,0,78,0,1,1,54,45,147,1,0,1,17,0,0,0,0,2,0,0,0,30,0,0,0,0,653,0,23,0,0,5,2,0,30,1,0,0,0,0,3,0,0,0,101,0,0,0,0,0,0,1,0,1,0,0,0,0,43,513,6,53,0,0,0,9,0,0,1,0,0,0,67,5,0,77,0,0,0,24,5,0,0,0,1,0,409,4,0,0,1,0,0,20,4,1,0,377,51,0,0,70,0,276,0,0,0,9,0,3,0,28,1,0,70,0,0,0,5,0,0,1,0,0,4,0,47,0,0,0,0,0,3,8,0,11,7,0,0,7,7,10,0,0,10,0,0,0,0,0,1430,1,30,0,0,0,0,6,4,4,382,0,0,18,0,0,0,0,0,90,1,0,1,0,0,79,0,29,15,0,9,22
"273",195,0,0,7,0,0,1,0,47,0,0,0,0,0,9,0,0,0,0,0,0,8,27,9,0,16,58,0,13,0,0,0,0,7,0,0,0,0,0,0,0,18,0,0,0,1,0,0,13,0,0,0,0,0,0,0,0,0,0,0,0,0,0,0,0,0,169,0,2,0,0,0,0,0,0,0,0,0,0,0,0,0,14,0,0,0,0,0,0,0,1,8,143,0,0,169,0,27,0,464,0,0,0,0,0,0,0,3911,0,0,0,0,0,0,71,0,8,0,6,0,0,0,0,1,1,0,0,0,0,0,0,0,0,0,0,6,9,0,0,0,171,0,52,0,0,6,0,41,0,0,14,0,0,0,1,0,0,0,8,0,0,0,0,0,0,0,0,5,0,0,0,0,1,0,0,0,0,0,76,0,0,0,0,0,0,0,0,0,0,0,0,3,3,0,0,1,0,0,0,0,0,0,0,7,44,0,0,0,12,0,0,0,0,0,1,0,0,0,0,0,0,0,0,0,0,0,0,0,0,0,0,0,0,88,0,0,0,0,0,0,0,0,0,0,3,0,0,0,0,0,989,0,0,0,0,0,0,0,0,0,0,0,0,0,0,0,0,0,0,757,0,0,19,0,0,0,0,0,0,1328,0,0,0,0,0,0,0,0,0,0,0,0,0,0,0,0,16,0,0,17,0
"274",8,0,0,3,58,9,18,0,17,0,0,0,25,0,3,0,29,0,0,0,0,96,0,0,0,46,0,0,70,208,0,0,0,60,0,0,3,0,0,0,0,0,0,0,4,0,0,0,0,0,0,6,0,1,0,20,0,55,0,0,0,0,20,0,0,0,0,0,5,0,0,0,0,0,0,0,14,0,0,0,0,0,291,0,0,114,0,0,0,83,0,3,8,0,0,0,0,32,22,489,0,0,0,0,18,0,0,225,1,0,14,0,0,0,0,5,8,4,149,0,0,0,0,42,160,24,1,0,0,0,0,0,2,4,0,15,0,0,0,0,7,0,0,0,0,383,0,0,0,38,0,0,32,0,1,0,11,1,0,142,0,10,0,0,1,0,0,0,0,0,0,1,0,0,0,0,0,0,0,0,0,0,0,0,0,22,0,0,0,10,11,12,0,0,0,0,0,0,5,0,0,1,0,0,0,0,0,3,0,24,0,0,0,0,0,0,0,0,296,0,150,0,0,0,9,0,0,0,0,0,0,3,0,423,0,0,0,0,0,89,8,0,0,0,174,52,0,17,1,0,0,0,0,0,4,117,0,0,14,0,0,0,0,8,0,0,0,0,388,382,0,0,2518,0,0,0,0,0,0,855,0,0,863,0,0,0,0,0,6,0,0,0,0,0,21,0,7,0,0,22,0
"275",1,0,0,12,0,0,0,0,6,0,0,0,0,0,0,0,0,0,0,0,0,0,0,0,0,961,0,0,0,0,363,0,0,104,0,0,0,0,0,0,0,0,0,185,0,0,0,0,0,0,0,0,0,0,0,0,0,0,0,0,0,0,0,0,0,1,53,0,0,0,0,0,0,0,0,0,0,0,0,1,0,0,60,0,0,0,0,0,0,0,0,0,6,0,0,0,0,0,0,0,0,0,0,0,16,0,0,4,0,0,0,0,9,0,0,0,0,0,24,0,0,0,0,0,0,0,11,0,0,0,1,0,0,0,0,0,0,0,0,0,0,0,0,0,0,0,0,0,0,0,0,0,0,0,0,0,0,0,0,0,0,0,0,0,0,0,0,0,0,0,0,0,0,0,0,0,0,1,0,0,0,0,0,0,0,0,11,0,13,0,0,0,0,0,0,0,0,0,0,0,0,0,0,0,0,0,0,0,0,0,0,0,0,0,0,0,80,0,0,0,130,0,0,11,0,0,0,0,4,0,0,0,0,0,0,0,0,0,0,0,0,0,626,0,0,0,0,0,0,97,0,0,0,0,0,0,0,0,0,0,0,0,0,0,0,0,1,0,0,1911,0,0,4492,0,0,0,0,3,21,0,0,0,0,0,0,0,188,0,0,0,0,0,0,0,3,0,0,0,0,139,0
"276",61,0,0,0,0,21,12,27,25,0,0,0,22,1,27,0,0,0,0,0,0,1,0,0,0,71,31,0,117,0,0,0,0,1,0,0,2,1,0,0,13,173,0,1,0,3,0,7,0,0,1,0,0,0,3,0,0,0,0,4,0,1,0,0,8,0,53,0,0,0,9,0,0,2,0,0,0,0,0,1,0,0,0,0,4,1,0,0,0,24,0,132,98,0,0,0,0,0,1,173,0,287,0,0,14,0,0,7,1,0,0,1,0,42,38,0,14,2,39,11,39,91,0,96,123,49,0,0,0,0,1,0,0,0,0,0,10,0,0,0,332,0,0,0,0,0,0,108,0,0,7,3,0,0,1,0,0,0,0,43,0,0,0,0,0,4,0,0,0,0,0,0,1,0,0,0,0,1,15,0,0,0,0,0,0,0,0,0,0,0,0,5,0,0,155,0,0,2,0,0,0,1,0,0,0,247,1,16,19,0,0,0,0,0,13,0,111,1,0,7,1,0,0,0,0,0,0,0,1,0,1,0,0,150,0,0,0,0,0,1,10,0,35,0,0,0,0,0,5,0,2,2,0,0,1,4,8,0,2,1,0,0,0,4,0,0,0,0,7,35,0,55,4522,0,0,0,7,2,0,1037,0,0,20,0,0,0,0,0,5,7,0,0,0,0,1,0,2,0,0,16,0
"277",0,0,0,1,0,0,0,0,0,0,0,0,0,0,38,3,73,0,3,0,0,54,0,0,0,1247,0,59,4,20,318,0,0,0,0,0,12,0,0,1,0,0,0,0,0,15,0,0,0,0,9,0,0,11,0,22,0,0,0,0,5,0,0,42,0,0,47,0,0,0,0,1,0,0,0,3,3,0,0,21,0,0,13,0,0,39,227,0,0,0,0,135,10,0,0,0,44,11,0,0,0,80,3,0,0,0,0,1581,0,0,0,0,0,0,1,0,7,0,412,3,0,0,3,0,934,0,0,0,0,0,0,0,0,0,123,0,8,0,0,0,24,0,0,15,0,0,0,0,8,0,0,0,0,3,0,0,0,1,0,0,0,21,0,0,0,0,12,0,0,56,9,0,0,0,0,0,14,0,0,0,0,0,0,0,0,0,21,0,0,16,90,0,0,0,0,0,0,0,2,628,0,41,0,0,0,58,7,0,14,0,147,0,0,0,0,0,0,0,290,0,113,6,0,0,0,0,0,0,0,0,0,0,5,13,0,0,6,2,0,14,0,0,0,0,2,71,1,0,47,0,0,0,0,1,34,32,6,0,0,0,0,0,0,6,0,0,0,0,0,194,0,0,219,0,0,0,0,0,0,212,0,38,553,0,0,0,0,1,0,0,0,0,0,0,0,0,7,0,0,136,0
"278",0,11,0,0,0,0,0,1,0,0,0,0,0,2,638,0,14,2,0,0,0,10,0,0,0,1,0,3,22,15,1,0,0,43,0,0,2,8,0,0,0,0,0,0,0,107,0,1,0,0,0,0,0,0,17,0,0,0,0,43,0,0,0,0,0,0,22,0,0,0,0,0,0,0,0,0,1,0,0,19,0,0,3,0,0,1,1,0,0,30,0,0,59,0,0,10,5,0,18,0,0,18,0,0,0,1,0,147,0,12,0,0,0,69,1,0,5,0,51,0,0,0,2,0,0,0,2,0,0,17,5,2,0,0,0,0,1,0,2,0,28,0,0,1,0,0,1,3,0,0,0,0,0,1,0,0,0,0,0,38,0,18,0,1,0,2,1,0,0,0,1,0,0,0,0,0,0,40,0,4,0,0,0,1,0,0,0,0,0,1,0,28,0,0,1,0,0,2,0,0,0,0,0,0,0,24,1,0,0,0,1,0,0,0,0,0,29,5,0,0,0,3,0,0,0,0,0,0,0,0,81,0,2,283,0,0,1,0,3,140,2,0,0,0,1,0,0,0,1,0,0,1,0,0,4,6,6,0,1,0,1,0,1,1,1,0,0,3,7,8248,0,13,95,0,0,0,0,0,1,2,3,0,47,0,0,2,0,53,3,16,0,0,0,0,17,0,41,0,0,27,0
"279",22,0,0,14,0,18,1,0,0,0,88,0,0,0,90,0,0,0,0,0,0,18,5,12,0,512,0,0,82,253,48,0,0,147,0,0,4,30,0,1,0,9,0,0,0,0,0,21,0,0,72,0,0,0,0,15,0,0,0,9,0,0,0,0,0,0,0,0,0,0,0,1,3,1,0,0,0,0,1,0,0,0,222,0,1,0,0,0,0,186,0,28,47,41,0,0,0,18,21,0,0,0,0,0,0,0,0,197,0,0,0,0,0,0,91,0,0,32,56,2,0,0,0,0,0,0,0,0,0,0,0,0,0,1,1,0,0,0,0,0,0,0,0,0,0,325,0,5,0,0,0,0,0,0,0,0,0,0,0,23,0,0,1,0,0,2,1,0,0,0,0,0,2717,1,0,0,0,137,264,0,0,0,0,0,5,4,0,0,0,0,3,27,0,0,0,0,0,0,0,0,0,1,0,777,290,0,0,0,0,62,0,0,0,0,54,0,64,0,0,0,94,0,0,0,0,0,0,0,0,0,0,0,0,281,0,0,2,0,0,24,1,0,29,0,0,0,0,0,1,0,0,0,12,1,8,230,0,0,4,5,0,0,0,5,36,0,0,0,0,308,0,7,132,1,0,0,0,0,0,742,0,0,53,0,0,0,0,0,0,0,0,0,0,0,121,9,3,0,0,56,0
"280",0,0,0,0,0,0,2,0,0,1,0,0,0,2,1,0,0,1,0,0,1,1,0,0,0,4920,0,0,8,4,5,0,0,22,0,0,27,1,4,0,0,0,0,26,0,3,57,0,0,0,1,0,0,0,0,0,0,0,0,1,1,1,0,0,0,0,15,0,15,64,4,1,0,0,0,0,0,0,0,1,0,1,12,0,5,1,0,0,0,35,0,6,0,0,0,0,0,0,0,0,0,33,0,0,14,0,5,554,1,0,0,0,0,32,0,0,0,1,3,2,0,0,0,0,115,1,0,0,0,0,1,3,0,0,0,0,1,0,2,0,18,1,56,1,0,0,0,3,0,0,1,1,0,0,1,0,0,92,0,7,0,0,0,0,0,0,1,0,0,0,4,0,0,0,0,0,0,0,1,0,0,1,0,1,1,0,0,0,0,1,0,1,0,29,2,0,0,1,0,1,0,0,0,0,0,8,7,0,15,7,2,0,1,1,0,0,66,0,0,3,0,0,0,0,5,0,0,0,33,0,2,0,0,453,0,0,0,0,3,1,1,0,10,0,0,0,0,0,1,0,2,1,1,0,0,1,1,0,1,4,1,0,0,1,0,0,0,0,0,77,1,1,1513,0,0,0,0,0,2,1435,0,0,1,0,0,0,0,0,0,1,0,0,0,5,0,0,7,0,0,7,0
"281",12,5,163,0,0,0,0,54,13,0,0,0,0,0,1,0,12,0,0,0,0,9,0,35,0,1578,0,0,16,0,116,0,0,131,0,0,173,429,0,0,0,0,0,0,0,183,0,0,0,0,0,0,0,0,0,32,0,0,0,390,0,0,0,0,35,0,180,0,0,57,0,0,0,1,0,0,0,0,0,234,0,28,0,0,45,1,541,0,0,16,0,42,1,0,0,1,0,0,32,130,0,0,0,1,0,0,1,1043,1,0,0,0,0,4,26,0,0,0,88,2,22,0,0,0,32,193,0,0,0,0,2,27,0,0,0,0,1,0,0,0,199,0,0,0,0,0,0,7,0,0,26,0,0,54,1,0,0,0,2,0,0,0,0,0,0,0,0,0,0,4,0,0,0,0,0,0,0,0,24,0,0,0,0,0,0,0,1,0,0,0,23,59,7,0,0,0,0,6,0,0,0,0,53,36,0,0,0,0,21,0,0,0,0,0,40,0,52,0,610,0,0,0,0,0,0,0,0,0,0,0,234,0,0,40,0,0,0,0,0,1,0,0,0,0,6,0,0,0,1,0,0,11,0,0,32,0,0,0,11,0,20,0,0,0,0,0,0,0,0,1,0,0,38,2,0,0,0,0,0,756,0,0,683,0,0,0,0,0,225,0,0,0,0,0,19,0,10,0,0,64,0
"282",0,0,0,0,0,0,0,0,0,0,0,0,0,0,76,0,8,0,0,0,0,8,0,0,0,2559,0,0,0,19,1,0,0,0,2,0,1,0,0,0,0,0,0,0,0,0,0,0,0,5,0,0,0,0,0,1,0,0,0,1,0,0,1,0,0,0,179,0,0,27,1,0,0,92,0,0,0,0,0,3,0,0,0,0,0,0,0,0,0,8,0,5,0,0,0,0,0,0,1,0,0,0,0,0,0,0,0,520,0,0,0,0,0,0,0,1,0,0,62,0,0,0,0,42,0,3,0,0,1,0,0,0,0,2,1,0,4457,0,0,0,899,0,0,0,0,0,0,0,0,0,0,1,1,8,26,0,0,0,9,0,0,0,0,0,0,0,0,0,0,0,0,0,0,0,0,0,4,1,0,0,0,0,0,0,0,0,0,4,0,0,0,1,0,0,0,0,0,0,0,0,0,0,0,0,0,0,0,0,0,0,0,0,0,6,0,0,0,1,0,0,0,0,0,3,0,0,0,0,1,0,8,3,0,177,0,0,0,0,0,0,0,0,0,0,0,3,0,0,0,0,0,0,0,0,1,0,23,0,1,0,0,0,0,0,0,0,0,0,1,0,0,0,0,0,1,0,4,0,0,256,0,0,0,0,0,0,0,0,0,0,0,0,0,0,13,0,13,0,0,9,0
"283",0,10,0,0,0,0,7,0,0,0,0,0,0,303,21,0,0,0,0,0,0,0,0,0,0,1,0,0,0,0,0,0,0,52,0,0,4,0,0,0,0,0,0,256,0,5,0,0,0,0,0,0,0,0,0,0,0,0,0,83,0,119,0,0,0,0,8,0,0,0,50,0,0,0,0,1,0,0,0,116,7,0,0,0,0,1,1,0,0,258,0,1,60,0,0,0,0,0,0,54,11,1,0,0,0,0,0,85,70,0,1,0,0,118,0,0,2,0,58,0,0,5,0,0,289,0,0,0,0,0,0,0,0,7,0,0,0,0,0,0,0,1,0,0,13,0,0,27,2,0,0,99,0,0,0,0,0,0,148,0,0,0,0,0,1,0,0,0,0,0,0,0,0,0,0,0,0,0,6,0,0,0,0,0,0,0,0,0,0,1,0,0,0,0,191,0,0,0,0,0,0,1,0,3,0,0,0,0,0,36,0,0,0,0,0,0,0,0,60,6,0,0,50,0,0,0,0,0,49,0,142,0,7,22,0,0,3,0,0,1,1,0,0,0,0,67,0,0,1,32,0,0,57,30,0,0,7,0,11,0,0,0,7,0,0,1,0,0,0,61,0,0,0,0,0,0,837,1,2,4489,0,0,414,0,0,0,0,0,0,111,0,0,1,0,0,43,23,0,0,51,0
"284",37,0,0,0,52,0,1,30,23,0,0,0,0,0,0,0,0,0,0,0,21,29,0,1,0,1731,19,0,2,0,1,0,0,23,0,0,117,43,0,0,0,69,0,385,0,75,0,0,0,0,0,0,0,0,2,0,0,14,1,8,0,0,0,0,259,0,66,0,0,13,0,0,4,2,0,0,0,0,0,33,0,0,21,0,43,0,0,0,0,0,5,10,0,0,0,0,0,26,49,117,0,0,0,0,0,2,0,73,54,380,0,0,22,0,8,0,0,1,1,0,0,0,79,0,645,24,0,0,0,0,0,0,0,0,1,0,144,0,0,0,8,2,0,5,0,1,0,28,0,0,16,0,0,0,196,0,9,0,0,55,0,0,0,282,0,0,0,0,0,0,0,0,0,0,0,0,0,0,39,7,0,0,0,0,1,0,0,0,0,1,0,19,0,0,0,0,0,2,0,0,0,0,0,0,0,1,0,0,0,9,0,0,0,0,0,0,3,0,1,0,0,0,0,0,0,0,1,0,0,0,431,0,0,579,0,0,0,0,0,16,1,72,0,22,7,0,0,0,1,0,0,2,0,0,33,3,3,0,0,10,1,0,0,1,0,0,0,0,0,117,0,11,19,0,0,0,0,0,0,1623,0,0,68,0,0,11,0,0,0,59,0,0,0,0,105,1,171,0,0,19,0
"285",57,0,0,0,0,0,15,0,44,0,0,0,26,43,8,0,40,0,0,0,68,19,30,0,2,849,41,7,58,0,0,0,1,20,0,181,7,425,0,0,0,0,0,55,0,27,0,0,4,0,0,30,0,0,0,0,0,35,0,403,0,39,0,0,6,0,245,0,1,28,0,0,13,0,0,1,0,0,0,38,0,40,213,0,91,67,0,1,0,21,0,0,0,0,0,0,0,37,20,319,0,0,0,0,0,0,228,161,117,0,0,57,0,33,93,0,372,0,55,0,0,0,96,1,1,279,0,0,0,0,5,5,0,0,0,0,4,3,1,0,0,0,0,0,0,0,0,21,0,0,2,2,0,0,6,0,0,0,0,90,0,0,0,974,0,1,0,0,0,0,0,32,114,0,0,0,0,0,257,4,0,6,0,0,11,0,0,0,0,46,0,133,2,0,0,0,0,0,0,0,0,0,0,0,0,106,1,0,0,0,0,0,20,0,2,0,59,0,0,5,0,0,0,0,0,12,0,0,0,0,115,0,0,799,25,23,0,0,0,15,0,1,0,0,0,0,0,0,0,0,74,0,22,0,0,217,0,0,0,0,0,0,0,15,0,0,0,91,101,69,125,8,21,0,7,0,0,0,4,1144,0,0,137,0,0,3,0,0,0,0,2,8,0,0,0,0,38,0,0,60,2
"286",0,11,0,0,22,0,0,31,29,0,0,0,0,215,61,0,0,0,7,1,0,3,0,0,0,2979,45,0,0,18,17,0,0,37,0,0,8,0,0,0,7,27,0,0,0,15,0,0,0,0,0,0,0,0,0,28,0,0,0,10,0,0,0,1,0,0,45,0,0,0,15,0,28,1,15,0,0,0,0,8,0,1,0,0,46,3,0,0,0,0,0,0,0,111,0,0,0,0,4,529,5,9,1,0,0,0,0,258,0,3,1,0,1,0,43,0,0,0,4,0,27,16,0,0,0,0,1,1,0,19,0,844,0,0,0,0,0,1,0,0,308,0,107,0,0,0,70,0,0,0,1,0,0,0,0,0,0,0,1,34,0,0,0,443,0,0,0,1,0,0,4,0,0,0,0,0,0,2,1,1,0,8,0,0,6,0,0,0,0,0,0,79,0,5,0,0,0,0,0,0,0,0,0,0,0,10,1,0,7,0,0,0,0,0,1,0,64,1,0,3,1,0,0,0,0,0,0,0,24,1,86,0,0,249,0,0,0,10,0,1,0,0,0,0,0,0,0,0,0,0,0,0,0,0,10,0,0,0,3,25,5,0,1,4,1,0,0,0,0,126,0,0,95,0,1,0,0,0,0,2629,0,0,21,0,0,3,0,0,1,0,0,0,1,0,0,0,22,0,0,19,0
"287",0,0,0,0,0,0,36,0,0,0,0,0,0,0,0,0,0,0,0,0,0,0,0,10,0,2760,0,0,107,14,0,0,0,0,0,0,74,266,0,0,0,0,0,0,0,0,0,0,0,0,0,0,0,0,0,0,0,0,0,27,0,0,0,0,0,0,0,0,0,0,0,0,0,0,0,415,0,0,0,0,0,0,122,0,0,0,0,0,0,0,0,170,130,0,0,0,8,0,0,0,0,1,0,0,0,0,0,1051,0,0,0,0,0,0,0,0,0,0,0,0,0,0,0,1,0,0,0,0,0,0,0,0,0,8,0,0,80,0,1,0,0,0,0,0,0,1293,0,0,0,0,0,0,7,0,0,0,0,0,0,0,13,0,0,0,0,0,0,0,0,0,0,0,0,0,0,0,0,0,0,0,0,0,0,0,0,0,0,0,0,0,0,0,0,0,0,0,0,0,0,0,0,0,0,0,0,0,0,0,0,0,0,0,0,0,0,0,0,0,431,0,8,0,0,0,0,0,0,0,0,0,0,0,0,0,0,0,0,0,0,0,0,0,0,0,0,0,0,0,0,0,0,0,0,0,0,0,0,0,0,0,0,0,0,0,4,0,0,0,0,23,0,0,0,0,8,0,0,0,0,2248,0,0,0,0,0,0,0,0,0,0,0,0,0,0,0,0,0,0,0,74,0
"288",0,0,3,0,0,0,5,10,154,0,4,0,0,0,81,3,0,0,0,0,108,74,0,0,0,3045,0,0,49,0,50,0,0,0,0,0,0,160,0,0,0,0,0,33,0,88,0,0,0,0,0,0,0,0,5,5,0,0,0,356,0,51,0,4,43,0,616,0,0,149,6,0,0,0,0,0,0,0,0,0,0,0,89,0,46,4,0,0,0,13,0,3,0,0,0,0,0,0,36,0,0,0,1,0,0,0,46,606,0,53,0,127,0,11,0,0,1,0,175,0,0,0,0,75,86,0,0,0,0,0,18,190,0,0,0,0,0,0,1,0,400,0,0,0,0,0,85,1,0,1,19,25,0,30,4,0,0,0,0,4,0,0,0,0,0,0,0,0,1,0,0,0,0,0,0,0,0,10,106,10,93,0,0,0,0,0,9,0,1,0,0,0,0,0,0,0,0,1,0,0,0,0,1,41,0,0,0,0,0,0,0,0,7,0,0,0,93,18,0,1,70,42,0,0,0,0,42,0,24,0,149,0,0,125,0,0,6,0,0,9,0,0,0,68,0,0,0,0,0,0,52,0,11,0,3,0,0,0,0,4,26,0,0,0,0,0,0,0,4,549,7,8,0,0,0,0,9,0,0,468,0,0,185,0,0,3,0,0,93,110,0,0,0,4,8,0,0,0,0,99,0
"289",0,0,11,4,0,0,36,0,0,0,0,0,0,0,70,0,3,0,0,65,0,51,3,0,0,476,0,0,23,0,0,0,0,303,0,0,0,0,0,0,0,0,0,0,0,164,0,0,3,0,0,0,0,0,0,0,0,0,0,499,10,0,0,0,0,0,37,0,0,0,0,0,0,0,0,0,0,0,0,518,0,0,607,0,0,12,0,115,0,0,0,0,348,0,0,25,0,0,0,0,0,3,0,0,0,0,0,1205,0,0,0,0,0,0,0,0,0,27,233,11,0,0,0,0,190,0,0,0,0,0,3,0,0,0,0,115,17,0,0,0,0,0,26,0,0,0,0,69,0,0,25,0,0,12,0,0,0,21,0,0,0,0,0,0,0,0,8,0,0,0,0,0,1,0,0,0,0,0,0,14,0,0,0,0,0,0,0,0,0,0,0,182,38,0,0,1,0,0,0,0,0,0,0,0,1,456,0,0,12,0,0,0,0,0,0,0,0,0,725,0,0,0,0,0,0,0,0,0,0,0,0,0,0,702,0,0,0,0,0,591,0,0,0,0,7,0,22,0,0,0,0,0,0,0,0,246,0,0,0,0,0,0,0,0,0,0,0,0,42,409,0,0,220,0,0,0,0,0,0,50,0,0,197,0,0,8,0,0,0,0,0,0,0,0,0,0,20,0,0,113,0
"290",0,0,0,1,0,0,0,0,0,0,0,0,0,163,43,0,0,0,0,0,0,0,0,292,0,1807,0,0,917,87,0,0,0,69,0,0,548,0,0,1,0,0,0,52,0,275,0,0,3,0,0,0,0,0,0,0,0,1,0,0,0,78,60,0,0,0,50,0,0,0,0,0,0,9,0,0,0,0,0,0,0,0,0,0,0,0,0,1,0,0,179,60,3,0,0,4,0,0,0,0,0,1,0,0,13,0,282,238,0,0,0,0,1,0,0,0,0,0,0,0,0,0,0,1,0,0,0,0,0,0,0,50,0,0,0,0,0,0,0,0,3,0,0,0,16,0,2,0,0,0,3,0,0,0,1,0,0,0,45,15,0,0,0,395,0,0,0,0,0,0,0,0,0,0,0,0,0,102,817,0,0,0,0,0,0,0,0,0,0,0,1,0,3,0,0,0,0,0,0,0,0,0,0,0,0,28,1,0,0,24,0,0,0,0,0,0,0,0,30,0,0,0,0,0,7,0,0,0,0,0,0,0,0,135,0,0,0,0,0,0,0,0,0,0,0,0,0,0,0,0,210,0,0,0,0,5,9,0,0,0,0,0,0,0,0,0,0,0,291,24,0,0,82,0,0,0,0,3,0,1964,0,0,182,0,0,0,0,19,19,0,0,0,0,0,32,0,0,0,0,215,0
"291",0,0,0,1,0,0,0,0,0,0,0,0,0,0,0,0,37,0,0,0,0,97,0,0,0,4505,0,0,29,0,0,0,0,0,0,0,0,0,0,0,0,0,0,0,0,0,0,0,0,0,0,0,0,0,0,0,0,7,0,0,0,0,7,0,0,0,209,0,12,78,0,0,0,0,0,0,0,0,0,0,0,0,0,0,0,5,0,0,0,0,0,0,0,0,0,0,0,0,125,0,0,12,1,0,0,0,0,0,0,0,0,0,0,0,0,0,0,0,150,0,0,0,0,0,0,277,0,0,0,0,0,0,0,0,0,0,0,0,0,0,9,0,0,0,0,0,28,0,0,0,0,0,3,0,1,0,0,0,13,0,0,0,0,0,0,0,0,0,0,0,0,0,0,0,0,0,0,0,0,1,0,0,0,0,0,0,0,0,0,0,0,0,4,0,0,0,0,0,0,0,0,0,0,0,0,175,0,0,0,0,0,0,22,0,0,0,0,0,0,0,0,0,0,0,0,0,0,0,0,0,0,0,1,1067,0,1,0,0,0,105,0,0,0,0,6,0,0,0,0,0,0,0,0,0,0,19,18,0,0,0,0,0,0,15,0,1,0,0,0,13,0,0,0,0,0,0,0,0,0,2327,0,0,0,2,0,0,0,0,19,0,0,0,0,0,19,0,0,0,0,0,0
"292",0,0,0,0,0,0,0,0,0,0,0,0,0,0,46,0,0,0,0,0,0,14,0,0,0,2782,0,0,0,0,0,0,0,48,0,0,0,8,0,0,0,0,0,1,0,15,0,0,0,0,0,0,0,0,0,0,0,0,0,72,0,29,0,0,0,0,121,0,0,0,0,0,0,30,0,0,0,0,149,46,0,0,0,0,0,0,0,0,0,16,38,113,43,0,0,0,0,0,12,8,0,0,0,0,0,0,0,1614,0,0,0,0,0,2,0,1,0,0,3,0,1,0,0,4,8,24,0,0,0,0,4,0,84,260,0,0,0,0,0,0,0,0,0,0,0,0,18,0,0,0,0,0,0,0,0,0,0,0,42,148,0,0,0,0,0,0,0,0,0,0,0,0,0,0,0,0,0,0,51,0,6,0,0,0,0,0,0,0,0,0,0,29,0,0,0,0,0,0,0,0,0,0,208,551,0,0,0,0,0,0,0,0,3,0,0,0,0,0,58,0,0,0,0,0,0,12,0,0,17,0,18,0,0,0,0,0,0,0,0,0,0,0,0,0,0,0,0,0,0,0,21,0,0,0,0,0,0,0,0,1,0,0,0,0,0,0,0,0,0,49,0,0,0,6,0,0,0,0,0,2760,0,0,0,0,0,0,0,0,17,10,0,0,0,0,0,0,0,12,0,0,0
"293",39,223,0,0,50,29,1,0,96,0,0,0,0,0,18,0,8,12,0,0,0,13,0,0,0,2184,34,0,0,0,109,0,0,77,0,0,0,1,0,0,0,55,0,0,0,7,0,7,0,0,1,0,0,4,0,25,0,0,0,1,1,0,0,0,8,0,58,0,0,1,22,1,0,0,0,0,0,0,0,1,0,0,75,0,0,4,0,0,0,49,0,8,0,0,0,0,0,24,20,926,0,0,0,0,3,0,0,8,0,0,0,0,8,0,78,0,68,0,34,0,0,159,0,1,61,63,47,0,1,0,27,3,0,0,0,44,389,0,4,0,361,1,0,0,0,0,72,0,0,0,14,1,5,7,0,0,0,0,0,222,0,22,0,0,0,0,1,0,0,0,4,0,0,0,0,0,5,17,110,0,0,9,0,1,1,0,0,85,0,0,8,3,0,19,0,0,0,0,0,1,0,0,0,1,0,125,4,7,1,0,0,0,5,0,1,0,0,2,114,0,5,3,0,0,0,1,0,173,44,0,88,0,0,846,0,0,3,0,1,1,0,0,1,0,4,61,0,0,0,0,0,1,3,0,4,4,15,0,0,0,0,0,0,3,0,0,0,0,1,4,15,59,200,0,6,0,0,0,4,1421,0,0,191,0,0,0,0,0,1,37,0,0,0,0,93,0,10,0,0,43,4
"294",17,75,0,0,0,0,20,0,0,0,0,0,22,0,5,0,0,0,0,0,0,32,0,71,0,9,0,0,84,0,2133,0,0,52,0,0,0,0,0,0,2,28,0,0,0,0,0,11,0,0,0,0,0,0,0,13,0,0,0,0,0,0,0,0,0,0,0,0,4,0,1149,0,8,0,0,0,0,0,0,550,0,55,0,0,0,2,0,0,0,0,0,17,2,0,0,0,1,0,0,163,0,10,0,0,0,0,0,1357,8,0,0,241,0,0,26,0,242,1,80,5,10,0,0,0,0,0,0,0,0,0,0,0,0,0,0,0,1,5,0,0,1,0,90,0,0,2,0,6,0,0,0,0,0,0,0,0,1,0,0,0,0,0,0,0,0,3,0,0,0,0,0,0,0,16,0,0,0,0,532,0,0,0,0,0,0,1,0,0,0,0,0,0,0,0,0,0,0,0,0,0,0,1,0,0,0,15,0,0,0,7,0,0,0,0,0,13,0,0,278,0,0,120,0,0,0,0,0,0,0,0,0,0,0,49,0,0,2,29,0,2,0,0,0,0,0,0,0,0,1,0,0,0,0,0,0,0,0,0,0,8,0,0,0,3,8,0,0,0,0,7,0,0,6,0,0,0,0,0,0,1670,0,0,0,0,0,0,0,3,0,0,0,0,0,0,0,0,2,0,0,102,0
"295",86,0,0,0,154,0,1,0,40,0,0,0,6,218,11,0,0,0,0,0,0,0,0,0,0,53,19,0,5,212,101,0,0,18,0,0,25,34,0,0,0,0,0,0,28,0,0,83,0,0,4,2,0,0,0,34,0,0,0,44,0,0,0,0,0,0,82,0,0,0,0,0,0,0,12,0,0,0,0,20,0,0,21,0,0,1,0,0,0,0,10,0,0,0,0,0,1,25,0,189,7,0,0,0,16,0,0,780,1,0,0,0,3,38,23,0,4,0,98,0,0,0,0,0,0,2,82,0,0,43,0,3,0,0,31,150,0,0,1,0,1,0,57,0,0,454,77,0,0,0,5,0,3,0,0,0,14,142,0,14,0,0,0,0,0,0,0,0,0,0,0,0,1,0,0,0,0,0,668,0,0,1,0,1,0,0,0,0,0,1,0,17,0,1,1,0,0,0,9,0,0,1,0,563,0,0,0,0,0,4,0,0,0,0,0,0,652,0,150,0,0,20,0,0,0,7,0,0,93,0,0,0,0,1013,0,0,0,0,0,29,0,0,65,0,1,3,0,0,1,0,0,0,0,0,52,0,3,0,0,0,0,0,0,2,0,0,0,0,69,933,0,0,84,0,0,0,0,0,0,731,0,0,152,0,0,0,0,0,0,46,0,0,0,0,0,0,0,0,0,46,0
"296",0,0,0,0,0,0,0,0,0,0,0,0,4,0,0,33,25,1,0,1,1,14,0,0,3,0,0,0,53,97,166,0,0,0,0,0,4,1,0,0,0,0,0,0,0,102,0,0,0,1,0,0,1,0,0,0,0,0,0,1,0,0,1,0,0,0,160,0,0,0,3,0,0,0,0,66,0,0,0,1,0,0,5,0,0,25,0,1,0,28,632,0,7,0,1,11,0,0,14,0,0,0,0,0,1,0,0,1428,0,9,0,0,0,2,0,1,1,0,217,0,0,0,10,1,23,0,0,0,1,0,0,126,0,1,0,0,175,3,98,0,870,0,0,0,0,0,0,0,0,1,1,1,1,0,0,0,0,0,54,4,0,0,0,0,0,0,1,0,0,13,9,0,683,0,0,0,0,7,0,0,0,0,0,35,1,0,0,1,0,0,0,16,1,6,0,4,1,0,0,0,0,0,0,0,0,42,1,1,18,16,0,0,0,3,1,0,0,0,9,0,0,0,0,0,0,4,0,140,16,0,0,0,0,423,0,0,1,0,0,24,0,0,0,0,96,28,0,0,0,0,1,0,0,0,1,62,192,0,1,0,1,0,0,3,0,0,0,0,28,443,0,0,340,338,1,0,0,0,5,1044,0,0,23,0,0,0,0,1,0,0,0,0,0,0,127,0,10,0,1,61,35
"297",172,0,0,0,136,10,10,10,20,0,0,20,6,1,30,0,3,0,19,0,0,8,15,10,0,1,36,14,10,49,32,0,0,112,0,0,0,251,0,1,2,84,0,125,0,29,0,42,0,0,10,77,0,0,0,16,1,0,0,0,0,0,15,0,0,0,15,1,0,0,80,3,0,0,0,579,0,0,0,0,0,0,32,0,877,1,1,1,0,110,0,56,23,0,0,0,0,0,0,408,4,0,0,0,62,0,0,285,1,0,1,0,0,8,42,0,4,4,7,0,0,56,4,30,39,0,0,0,0,0,23,4,0,0,0,0,1,0,0,0,2,0,0,0,0,1,0,0,0,5,18,0,0,22,0,0,0,1,0,191,1,5,0,0,0,3,2,0,0,0,0,0,3,0,53,0,0,0,40,0,0,0,0,0,28,0,0,0,0,2,0,46,3,0,108,0,0,0,0,0,0,1,0,0,0,12,1,1,6,4,1,0,0,0,0,0,18,0,196,14,0,0,0,0,0,0,0,0,0,0,117,0,2,2,0,0,0,0,0,10,1,0,1,0,0,0,0,0,1,0,0,7,21,1,0,1,2,9,4,48,0,0,0,1,43,0,0,0,11,8,0,2,5,0,5,0,0,1,8,3929,0,0,180,0,0,0,0,1,12,60,0,0,0,0,72,0,0,0,0,92,0
"298",0,0,0,0,0,0,1,0,0,0,0,0,0,0,1,0,0,0,0,0,0,0,0,21,0,1,0,0,3,5,55,0,0,0,0,0,12,0,0,0,0,0,0,0,0,0,0,0,0,0,0,0,0,0,0,0,0,1,0,180,0,0,1,118,0,0,0,1,0,0,0,0,7,0,0,452,0,0,10,165,0,0,146,0,0,3,0,0,0,18,480,2,6,0,0,3,0,0,0,0,0,2,0,0,0,0,0,4474,1,22,0,0,0,0,0,1,12,4,0,12,0,0,0,0,76,0,0,0,0,0,0,77,0,6,3,0,10,0,0,0,9,0,34,1,0,313,0,0,0,0,8,0,0,0,17,0,2,0,0,0,0,0,0,0,0,0,0,0,0,0,0,1,0,0,9,0,0,0,0,0,0,0,0,0,0,1,0,0,0,19,0,0,6,0,0,0,0,3,1,0,0,1,0,0,196,0,0,0,10,1,0,0,0,0,0,0,62,0,206,0,0,0,0,0,0,0,0,7,0,0,0,0,0,92,0,0,0,2,0,0,1,0,0,0,0,0,12,0,1,0,0,0,5,0,34,8,0,0,48,0,0,0,0,7,0,0,0,0,192,4,0,0,30,7,0,0,0,0,1,2709,0,0,0,0,0,0,0,0,0,0,0,0,0,0,5,0,126,0,0,0,0
"299",30,11,0,0,0,20,1,6,0,0,0,0,22,0,10,0,0,0,0,0,15,13,0,49,0,2796,0,0,62,66,124,0,0,94,0,0,10,1,0,1,0,0,143,58,0,75,0,0,4,1,0,3,0,0,0,0,0,163,0,60,0,0,0,0,0,0,246,0,1,24,0,0,0,7,0,0,0,0,0,17,0,0,0,0,0,3,0,0,0,0,0,0,4,0,0,0,0,0,11,174,0,0,0,0,0,0,0,2024,0,0,1,0,0,37,174,0,19,0,126,0,0,0,0,1,293,0,0,0,0,0,6,0,0,0,0,0,42,0,0,0,0,0,60,0,40,0,0,0,0,2,6,0,0,0,0,0,0,0,15,5,0,0,0,6,0,1,0,4,0,0,0,0,0,0,0,0,4,1,63,0,0,0,0,0,8,0,0,1,0,0,0,176,0,0,84,0,0,0,0,0,0,0,0,0,0,0,2,0,12,0,0,0,0,0,0,0,100,0,0,2,38,0,0,0,0,0,0,0,54,0,68,1,0,813,0,0,0,0,0,0,0,0,0,0,0,0,0,0,0,0,0,3,0,0,0,0,0,0,0,4,0,0,2,9,4,0,0,0,4,15,0,18,404,0,3,0,0,0,0,105,0,0,130,0,0,1,0,0,0,0,0,0,0,0,11,0,11,0,0,143,0
"300",0,0,0,0,0,0,1,2,0,0,0,0,4,0,0,1,0,0,0,0,30,9,0,1,1,3,1,0,6,16,8,0,0,33,0,0,43,8,1,1,0,0,0,8,0,3,0,0,0,0,0,0,0,0,25,0,0,0,0,29,0,5,1,0,0,0,143,0,0,46,4,2,0,89,0,0,0,0,0,1,0,0,110,0,45,0,0,0,0,51,0,110,78,0,0,0,0,0,46,0,0,0,0,7,0,0,5,4441,1,0,0,0,0,99,6,0,0,1,10,0,0,25,0,38,197,0,0,0,0,0,3,1,0,0,0,0,1,0,0,0,18,0,0,0,0,0,0,30,1,1,0,13,0,0,1,0,0,1,2,61,0,0,2,1,0,0,0,0,0,1,0,0,1,0,0,0,0,1,0,0,0,0,0,0,4,0,1,0,0,1,0,408,0,0,1,0,0,0,0,0,3,0,0,1,0,45,0,0,0,1,0,0,0,3,32,0,80,5,84,3,0,3,0,0,0,0,6,0,13,0,22,2,0,198,0,0,0,0,0,0,1,0,0,19,0,0,0,0,1,0,13,1,1,0,16,7,12,0,4,0,0,0,0,1,0,0,0,0,0,38,0,20,664,0,0,0,0,0,1,2832,0,0,62,0,0,0,2,0,15,15,0,1,1,0,174,0,0,0,0,42,0
"301",0,9,10,0,31,0,1,0,427,6,44,0,9,0,1,0,13,0,0,0,140,95,4,1,5,293,25,0,11,0,0,0,0,24,1,5,1,61,0,0,4,30,0,37,0,92,0,26,0,0,1,1,0,0,7,11,0,0,0,241,0,71,6,61,0,0,101,0,1,82,77,0,13,0,376,0,0,0,17,234,0,3,65,1,353,1,0,1,0,62,0,5,0,0,0,0,0,16,37,289,0,4,0,1,47,1,70,376,0,22,0,36,0,0,22,0,11,1,229,0,0,52,0,0,2,57,1,0,1,59,6,864,0,0,0,18,1,0,0,0,0,1,15,0,0,273,0,7,0,0,53,3,1,0,1,0,0,1,0,34,0,0,0,0,0,1,0,0,1,0,24,0,1,8,0,0,0,0,334,1,0,0,0,0,14,0,7,0,4,1,0,75,0,0,0,1,0,0,0,1,0,0,0,10,1,87,2,0,0,1,0,0,12,0,28,1,258,74,0,42,102,12,30,0,0,0,89,0,71,0,318,1,0,234,8,0,4,0,1,38,0,0,114,0,0,0,1,0,0,0,80,4,25,0,28,95,9,0,12,84,0,18,0,20,1,0,0,3,31,1,5,65,70,0,0,0,0,0,9,1502,0,0,214,0,0,0,0,0,106,17,1,0,0,2,0,0,14,0,0,75,0
"302",0,3,0,0,0,0,107,0,0,0,0,0,0,0,116,0,16,0,0,0,0,23,0,13,0,0,0,0,63,0,5,0,0,699,0,0,0,0,0,0,0,0,0,0,0,0,0,3,0,0,3,0,0,0,0,0,0,0,0,7,7,0,18,0,5,0,114,0,0,0,0,0,0,0,0,0,0,3,0,18,0,6,0,0,427,5,0,0,0,0,0,10,195,0,0,0,0,0,0,0,0,5,0,0,0,0,0,2878,0,0,0,0,0,0,0,3,0,0,0,0,0,0,0,0,0,0,17,0,0,0,0,0,0,4,0,0,25,0,0,0,129,0,0,0,0,0,9,0,0,1,24,0,0,0,0,0,0,0,0,822,8,40,0,0,0,0,0,0,4,0,1,0,4,0,0,0,0,7,62,2,0,0,0,7,0,0,0,0,0,0,0,0,0,2,0,0,0,0,8,0,0,0,0,0,0,135,7,0,7,0,0,0,0,0,0,0,0,0,4,0,0,0,0,0,1,0,0,0,0,0,0,0,0,1515,0,0,0,0,1,0,0,0,542,0,0,5,0,0,0,0,0,0,6,0,15,9,33,0,0,0,22,0,0,0,0,0,0,0,5,44,0,0,0,4,0,0,0,3,23,0,0,10,0,0,0,0,0,0,78,0,0,0,0,0,0,0,0,0,2,0,0
"303",39,5,0,0,0,0,1,0,0,0,0,0,0,368,12,0,0,14,0,0,220,59,0,7,0,0,0,0,15,218,761,0,0,131,0,0,53,0,1,0,0,0,0,0,0,0,0,0,0,0,0,0,1,6,0,0,1,0,0,119,0,0,3,1,0,0,66,0,0,91,52,0,0,0,0,0,1,0,0,159,0,5,0,0,0,1,0,0,0,0,0,198,126,0,0,0,0,0,0,0,0,0,0,0,0,0,0,209,0,0,0,0,0,0,19,0,0,25,0,50,8,0,0,0,0,0,0,0,0,0,0,0,0,1,0,0,18,0,0,0,0,0,0,0,0,0,50,0,7,14,6,0,0,0,0,0,0,0,0,0,0,0,0,0,0,0,0,0,4,0,0,0,0,0,18,0,0,0,0,0,0,0,0,0,0,0,0,0,0,0,0,0,0,0,0,0,0,0,0,0,0,0,0,279,0,4,4,33,0,4,0,0,0,0,0,1,171,36,150,0,0,0,0,0,0,0,0,0,0,0,0,6,0,92,0,0,0,0,0,0,0,29,0,0,0,37,0,0,0,0,0,0,0,0,24,0,0,0,0,0,0,0,0,6,0,0,0,0,0,173,0,0,137,248,4,0,0,3,0,4819,0,0,0,0,0,0,0,0,0,0,0,0,14,0,0,0,18,0,0,124,0
"304",0,7,3,0,0,0,16,0,0,0,1,0,0,0,0,1,0,0,0,0,0,10,0,0,3,765,0,0,8,71,4,0,0,176,0,0,6,20,0,0,0,0,0,0,0,12,496,1,0,0,20,0,0,4,50,1,0,1,0,13,0,0,0,1,0,0,36,0,0,20,4,0,1,0,843,0,0,0,0,1,0,8,3,0,6,9,0,1,0,0,0,49,0,0,0,0,0,0,35,0,0,0,11,0,14,0,0,3,1,21,0,4,1,0,8,0,3,1,159,0,0,0,0,0,0,0,32,0,0,0,9,0,0,0,1,0,0,1,0,0,5,0,0,1,0,0,1,2,0,0,7,0,3,26,0,0,11,0,128,31,0,5,2,0,0,2,0,0,0,0,4,0,0,0,0,0,0,108,89,7,0,0,0,0,7,0,0,0,105,1,1,73,0,0,137,0,0,3,8,0,0,1,0,1,0,20,11,0,0,1,0,0,5,0,0,3,36,62,5,0,114,11,0,6,0,0,0,0,0,8,49,1,2,70,0,4,10,0,0,237,0,0,43,0,1,7,0,0,1,0,0,1,0,0,1,5,3,11,10,0,1,0,0,1,0,0,1,0,9,90,0,13,1971,0,0,0,0,0,3,2121,0,0,11,0,0,0,4,0,67,3,193,1,0,1,40,4,3,0,0,36,0
"305",12,0,0,0,10,5,0,0,513,0,0,4,5,0,93,0,0,0,0,0,0,7,0,181,0,622,13,0,208,37,4,0,16,72,0,0,0,225,0,0,8,18,0,59,0,15,159,15,0,0,27,2,0,0,3,11,0,0,0,0,0,0,45,0,0,0,0,0,0,1,58,0,5,17,0,0,0,0,0,6,0,0,1,7,0,1,0,0,0,142,0,149,2225,0,0,0,0,18,29,133,0,0,0,1,3,0,7,1,1,0,1,2,0,20,29,0,65,1,4,0,0,7,0,0,885,0,0,0,0,0,1,1,0,0,0,0,263,0,0,0,1,0,0,0,3,317,0,3,0,0,7,30,0,0,1,0,0,1,4,0,0,0,4,0,0,2,1,0,0,0,0,0,1,0,0,0,0,0,69,0,10,0,0,0,1,0,0,0,0,1,0,15,0,0,21,0,0,0,0,0,0,1,0,0,0,49,9,0,0,233,0,0,2,22,0,0,62,0,574,0,52,1,0,0,0,3,0,0,10,0,56,0,0,182,0,0,2,0,0,3,1,0,0,0,0,0,0,0,1,1,13,2,12,0,2,4,0,3,0,10,0,0,0,1,1,0,0,0,13,9,0,5,112,0,20,0,0,0,17,80,0,0,241,0,0,0,0,0,0,42,0,0,0,0,75,20,0,0,0,181,0
"306",27,5,0,1,37,0,0,0,19,0,0,0,5,0,11,0,0,0,0,0,0,3,0,61,0,4046,0,0,0,5,4,0,0,3,0,0,0,1,0,0,0,49,0,0,0,60,0,6,8,0,2,0,1,0,8,0,1,0,0,0,10,0,0,0,0,0,23,0,0,0,17,0,0,0,0,0,0,0,0,4,0,1,4,8,0,0,41,5,0,7,0,33,1,0,0,3,0,0,0,99,0,30,0,2,0,0,0,92,1,3,10,8,0,504,3,0,81,1,17,2,17,33,0,0,163,12,0,0,0,0,13,0,1,0,0,0,67,0,0,0,1,0,0,0,1,0,0,5,0,0,1,0,0,6,1,0,0,1,6,0,0,0,0,0,0,2,0,0,0,0,0,0,0,0,0,0,0,37,2,0,31,0,2,0,0,0,0,0,0,1,1,0,0,0,1,0,0,0,0,0,0,0,0,1,1,8,0,0,15,1,0,0,0,11,0,1,0,9,1,0,0,32,0,0,2,0,0,0,152,0,41,0,0,94,0,0,3,0,0,0,1,0,0,0,0,0,0,0,1,0,0,1,0,1,3,4,3,0,0,0,1,0,0,0,0,0,0,0,0,1,0,0,76,0,0,0,0,0,0,3485,0,0,5,0,0,0,0,3,0,28,0,0,0,0,9,0,6,32,0,6,0
"307",34,0,0,0,53,0,0,0,533,0,0,0,0,0,1,0,1,0,0,0,0,16,0,0,0,737,0,0,7,0,0,0,0,79,0,0,7,61,0,0,0,0,0,0,0,168,0,0,2,0,0,0,0,0,0,22,0,0,0,91,0,0,0,0,278,0,0,0,0,33,0,0,0,24,0,0,0,0,0,84,0,4,0,0,0,0,0,0,0,0,0,0,0,0,0,0,0,60,20,124,0,0,0,0,0,0,0,73,0,17,0,0,0,14,0,0,16,0,1,0,0,85,0,1,108,51,41,0,0,0,26,0,0,2,0,0,0,0,0,0,0,0,0,0,0,0,50,0,0,0,0,0,0,0,0,0,0,0,0,59,0,0,0,3203,0,0,0,0,0,0,1,0,1,0,0,0,0,0,159,1,0,0,0,0,3,0,0,0,0,0,7,53,1,0,0,0,0,0,0,0,0,0,0,0,0,7,0,0,0,0,0,0,0,0,0,0,0,0,4,76,12,0,0,0,0,0,0,0,0,0,82,0,0,230,0,0,0,0,0,0,0,0,0,0,0,8,2,0,0,0,0,0,4,0,0,0,0,0,0,0,1,0,0,11,0,0,0,0,0,13,0,0,37,0,0,0,0,0,1,2708,0,0,105,0,0,0,0,0,0,19,0,0,0,0,1,0,3,0,0,14,0
"308",0,0,0,0,0,0,38,0,0,2,0,0,0,23,23,0,0,0,0,0,80,28,0,0,0,2350,0,0,20,0,0,0,0,16,4,0,17,442,0,0,0,0,35,58,0,90,0,0,0,0,0,0,0,0,0,0,0,0,0,0,0,14,0,0,0,0,15,7,0,0,0,0,0,8,0,0,0,1,0,9,0,0,26,0,97,0,0,0,0,74,209,0,4,0,0,0,0,0,40,0,0,2,0,0,11,0,0,627,1,303,0,2,0,67,0,0,0,2,2,8,0,0,0,80,128,2,0,0,0,0,0,274,0,1,0,0,15,0,0,0,0,0,102,0,0,0,0,0,0,11,0,0,0,0,0,0,34,1,0,20,0,0,0,0,0,3,0,0,0,0,0,29,1,0,0,0,0,16,0,0,0,0,0,0,0,0,3,0,0,28,0,59,8,0,0,0,0,0,0,0,0,0,0,0,0,0,0,0,16,2,0,0,0,0,0,0,0,0,1,0,0,0,0,0,0,0,0,0,6,0,31,0,0,4,0,0,0,0,0,0,2,0,667,0,0,0,34,11,1,0,139,0,0,0,0,7,0,0,0,0,0,0,0,0,0,0,0,34,90,484,0,0,111,2,0,0,0,0,0,1545,0,0,2,0,0,0,0,3,0,20,0,0,0,0,18,0,11,0,0,22,66
"309",22,0,0,0,13,10,1,0,0,0,0,0,10,0,18,1,0,0,0,2,47,18,0,0,0,1,14,0,2,0,49,0,2,167,0,0,4,12,0,0,0,0,0,130,3,7,0,13,0,0,0,0,0,0,36,0,0,0,0,119,0,88,0,0,0,0,20,0,6,0,133,0,0,158,0,0,0,0,0,215,0,5,0,0,463,1,0,0,0,97,0,4,46,0,0,0,0,0,75,175,0,0,0,0,32,0,0,172,1,24,0,10,0,22,33,0,2,38,74,0,0,0,0,0,362,0,1,0,15,0,15,254,0,0,0,0,1,0,0,0,25,0,0,0,0,0,0,3,0,0,41,90,0,3,0,0,0,1,0,205,0,0,0,0,0,0,0,0,0,0,0,0,0,0,0,0,0,200,13,0,0,0,26,0,0,0,0,0,0,0,1,5,6,4,39,0,0,1,1,0,0,1,0,524,0,29,0,0,0,1,0,0,0,0,0,0,90,0,6,0,18,0,0,0,0,55,0,0,121,0,166,0,0,348,0,0,1,0,0,0,0,0,58,0,0,0,1,0,1,0,123,1,0,0,5,4,19,0,0,9,5,0,0,0,0,0,0,0,0,107,0,0,718,0,0,0,0,0,32,2299,0,0,211,0,0,0,0,0,28,0,0,0,0,0,374,0,32,16,0,20,0
"310",0,0,0,0,0,0,1,0,0,0,0,0,0,0,15,0,0,0,0,0,10,13,0,0,0,5377,4,0,0,0,0,0,0,0,0,0,0,0,0,0,0,0,0,44,0,79,0,1,0,0,0,0,0,0,1,0,0,0,0,0,0,1,0,0,73,0,184,0,0,0,18,0,0,20,0,0,0,0,0,1,0,0,6,1,0,0,1,0,0,9,0,0,0,0,4,0,0,0,31,0,0,0,0,0,0,1,12,255,0,31,0,0,0,10,0,0,0,0,24,0,0,0,0,32,422,54,0,0,4,0,1,8,0,0,0,0,226,0,0,0,0,0,0,0,0,0,1,1,0,0,1,45,0,30,1,0,0,0,0,0,0,0,0,0,0,0,0,0,0,3,0,0,7,0,0,0,0,1,0,0,43,0,0,0,0,0,0,0,0,0,0,30,0,5,0,0,0,0,0,0,0,0,4,0,0,5,0,0,0,0,0,0,12,1,3,0,0,4,0,0,0,5,0,0,0,0,42,0,36,0,18,0,0,179,0,0,0,0,0,0,0,0,0,1,0,0,0,0,0,0,7,0,3,1,0,0,0,0,8,51,0,32,0,0,0,0,0,0,0,111,51,8,0,0,0,0,0,0,0,1572,0,0,0,0,0,0,0,0,6,25,0,0,0,0,17,0,1,55,0,208,15
"311",0,0,0,0,0,1,84,49,0,0,0,0,0,3,6,1,0,0,0,0,88,52,1,6,0,724,0,0,8,12,76,0,0,78,0,0,1,0,27,1,0,0,0,61,0,13,0,6,0,0,6,0,0,4,55,0,5,0,0,284,0,35,1,18,0,1,20,0,0,3,81,5,32,347,0,0,0,0,0,66,0,0,183,0,53,0,0,0,0,104,0,136,38,0,0,0,0,0,27,0,0,0,0,0,8,0,10,1004,0,0,0,51,0,336,0,0,1,15,44,1,0,0,0,1,30,0,1,0,4,0,0,7,0,0,0,0,0,0,0,0,0,0,0,0,0,0,15,0,3,7,16,0,0,0,1,0,0,0,0,118,0,0,0,1,0,0,0,0,0,0,6,0,1,0,0,0,0,33,157,0,0,1,0,7,19,0,0,0,0,0,0,145,0,24,0,4,0,0,0,0,0,0,0,0,0,21,3,0,0,9,0,0,0,0,13,0,5,137,0,4,40,96,0,0,1,0,149,0,0,0,142,1,0,833,0,1,0,0,0,0,0,0,0,0,0,0,0,0,0,0,0,5,18,0,17,1,0,7,10,45,0,0,0,1,10,0,1,0,13,9,0,41,0,0,7,1,0,1,1,2281,0,3,339,0,7,0,0,0,43,40,0,231,0,0,29,5,9,0,0,170,26
"312",0,0,1,1,0,0,0,0,0,0,0,0,0,0,5,0,0,0,0,0,0,0,1,5,0,1620,0,0,7,0,769,0,0,196,0,0,0,306,0,0,0,0,0,0,0,0,0,0,0,0,0,0,0,0,0,0,0,0,0,0,0,0,0,0,0,0,0,0,0,0,0,0,0,0,0,0,1,0,0,0,0,0,0,0,0,5,0,0,0,0,0,3,3,0,0,0,0,0,0,0,0,0,0,0,0,0,0,2188,0,0,0,0,0,0,0,0,0,64,180,0,0,0,0,0,677,0,5,0,0,0,0,0,0,1,0,2,2,0,0,0,18,0,0,0,0,0,0,0,1,0,0,0,0,0,1,0,0,0,0,0,0,0,0,0,0,0,0,0,0,0,0,0,0,0,0,0,0,0,0,0,0,0,0,0,0,1,0,0,0,0,0,0,1,0,0,0,10,0,0,0,0,0,0,0,61,0,0,0,0,1,0,0,0,0,0,0,0,0,0,0,0,0,0,0,0,0,0,4,0,0,0,0,0,0,0,0,0,0,0,0,0,0,0,0,0,0,0,0,0,0,0,0,0,0,0,0,17,0,0,0,17,0,0,0,0,0,0,0,0,4,0,0,222,1,0,0,0,0,0,2897,0,60,0,0,0,0,0,0,0,0,0,0,0,62,52,0,25,0,0,131,0
"313",15,0,55,3,0,6,0,0,648,0,0,0,61,0,267,1,33,0,0,0,3,8,0,0,1,1132,63,6,50,92,341,0,0,0,0,0,4,3,1,0,3,0,0,0,0,18,109,12,0,0,0,0,0,5,0,20,0,42,0,3,1,0,0,13,0,0,254,6,2,7,19,0,8,3,0,0,0,0,0,1,0,12,1,0,37,1,0,0,0,0,0,73,0,0,0,0,0,0,0,558,0,0,15,0,1,3,0,1677,0,18,1,0,0,7,59,15,19,1,54,0,13,0,0,1,26,31,7,0,0,0,0,14,0,0,1,0,20,0,1,0,30,0,0,0,0,0,19,1,1,0,0,0,0,4,0,30,84,0,0,1,0,0,0,0,0,0,0,0,0,1,1,0,0,1,0,0,0,5,110,2,0,0,0,0,1,0,0,0,0,0,0,97,3,1,0,0,0,0,8,5,0,0,0,0,0,48,3,0,18,22,17,0,0,0,1,1,28,0,33,0,82,0,0,0,0,0,0,0,53,0,10,0,0,412,0,0,3,0,0,109,0,0,0,0,3,0,0,3,0,0,0,1,1,0,5,99,29,0,1,7,1,0,0,3,0,0,0,0,33,1754,0,1,84,0,0,0,0,0,1,398,1,0,41,0,0,0,0,37,0,10,0,1,0,0,23,0,7,0,0,51,0
"314",187,0,0,0,0,0,0,0,950,0,0,4,16,0,0,0,0,0,0,0,0,0,18,0,0,1757,89,0,0,0,0,0,0,88,0,0,0,422,0,0,0,73,0,0,0,5,0,0,0,0,0,3,0,0,0,42,0,0,0,0,0,0,0,94,0,0,45,0,1,0,0,0,16,0,455,0,0,0,12,13,0,11,263,0,0,4,0,0,0,0,1,49,0,0,0,0,0,37,0,172,0,541,0,1,1,0,0,573,0,21,0,0,0,0,61,0,16,0,10,0,0,0,0,0,806,0,0,0,0,0,0,0,0,0,0,8,1380,0,0,0,0,0,70,0,0,30,0,87,0,0,11,0,1,0,0,0,0,0,0,0,0,0,0,0,0,0,0,0,0,0,0,0,2,0,0,0,0,0,0,2,0,0,0,0,0,0,0,0,0,0,0,0,0,0,533,0,0,1,0,0,13,161,0,0,0,6,0,0,0,1,0,0,11,0,0,1,0,0,50,0,0,0,0,80,0,0,0,0,0,0,0,1,5,0,0,0,7,0,1,0,0,0,0,0,3,0,0,0,0,0,0,0,0,0,8,15,0,0,0,0,0,0,0,0,0,0,0,0,0,185,0,0,510,0,0,0,0,0,0,0,0,0,145,0,0,0,0,0,0,0,0,0,0,0,0,0,0,0,0,34,0
"315",0,1,0,1,0,0,3,11,0,0,0,0,0,3,1,32,1,6,0,0,59,12,0,1,0,470,1,0,1,1,49,0,0,88,0,0,5,14,1,0,0,0,0,108,0,2,0,0,0,0,1,0,1,0,91,0,0,0,0,66,1,41,0,0,0,0,43,0,0,38,33,1,0,17,371,0,0,0,0,578,0,0,411,0,32,1,2,0,0,26,362,0,0,0,0,0,0,0,57,0,4,0,0,0,9,33,0,508,1,0,0,0,1,14,0,0,13,0,89,2,0,0,0,0,53,0,37,0,0,0,102,119,0,0,1,67,3,0,0,0,13,0,0,0,0,0,50,27,0,0,8,35,1,27,2,0,9,0,4,34,0,0,3,0,0,2,6,0,0,10,10,0,1,0,0,0,0,117,40,10,0,4,0,1,0,0,1,0,0,2,0,12,0,3,48,0,0,2,0,1,0,0,0,0,0,10,0,0,7,0,0,0,0,30,33,0,79,135,146,15,0,16,2,0,0,0,0,0,0,5,324,1,3,37,0,0,10,0,3,1,1,0,2,0,1,1,0,0,1,0,0,11,55,0,111,2,2,2,0,0,0,0,5,7,0,0,0,0,0,2199,0,0,121,0,0,3,4,0,10,1080,0,3,9,0,30,0,0,0,83,25,0,3,0,0,73,3,1,0,1,2,25
"316",0,1,1,0,0,0,52,12,0,0,0,0,0,0,7,0,0,0,0,0,31,32,0,0,0,4354,0,0,19,0,0,0,0,47,4,317,0,1,0,1,0,0,0,62,0,3,0,1,0,1,1,0,0,0,3,0,0,0,0,1,0,15,2,0,0,60,5,0,0,63,0,0,0,0,2,0,0,0,0,1,0,5,3,0,0,1,0,1,0,22,666,7,313,0,0,6,0,0,75,2,0,10,0,2,11,0,117,131,1,20,3,0,0,19,12,0,261,3,49,0,0,7,0,0,109,0,2,0,0,0,8,9,0,7,1,0,23,0,0,0,14,0,0,0,0,0,15,0,6,1,23,45,1,0,0,0,0,0,4,8,0,0,0,1,48,4,0,0,3,0,0,0,7,0,0,0,0,8,20,0,2,0,0,0,0,0,0,0,2,14,0,1,0,0,1,3,0,1,0,0,0,0,0,5,0,12,0,0,0,0,0,0,0,0,0,0,6,0,0,8,0,27,0,4,0,41,0,0,64,0,42,2,0,136,0,0,11,0,0,1,0,0,30,0,0,1,0,0,2,0,33,1,4,0,1,1,6,0,0,0,1,28,0,1,1,0,0,242,8,45,6,0,321,0,41,0,6,0,1,645,0,0,10,0,0,0,0,0,4,9,0,0,0,0,37,2,0,0,0,95,0
"317",0,0,0,0,0,0,55,0,0,0,0,0,0,0,0,4,23,0,0,0,0,0,0,26,0,315,0,0,106,6,943,0,0,117,0,0,0,0,0,0,0,0,0,0,0,0,0,0,0,0,0,0,0,0,0,0,0,0,0,273,0,0,105,0,0,0,0,0,0,159,0,0,0,0,0,0,0,0,0,0,0,0,55,0,0,0,6,0,0,0,0,9,153,0,0,0,0,0,0,0,0,10,0,0,0,0,0,626,0,0,0,0,1,0,0,13,0,0,36,69,0,0,0,0,0,0,0,0,0,0,0,0,0,0,0,0,4,0,0,0,5,0,0,0,0,0,0,0,0,0,0,0,0,0,0,0,0,0,0,0,0,0,0,0,0,0,0,0,0,0,0,0,2859,0,0,0,0,193,0,0,0,0,0,0,0,0,0,0,0,0,0,0,0,0,0,0,0,0,0,0,0,0,0,0,33,70,0,0,0,0,0,0,0,0,12,0,0,0,385,0,635,0,0,0,0,0,0,0,0,0,0,0,0,0,0,0,0,0,0,0,0,0,0,0,0,0,0,0,0,0,0,0,0,0,0,8,4,0,0,8,0,0,0,0,0,0,0,0,0,6,0,0,0,1,0,0,0,0,0,0,0,0,0,0,0,0,0,0,41,0,0,0,0,0,0,0,0,0,0,247,0
"318",0,0,0,8,0,0,1,0,0,0,0,0,0,0,134,0,74,0,0,0,0,20,0,2,0,807,0,0,88,13,34,0,0,22,0,0,4,343,0,0,0,0,0,33,0,78,0,0,0,0,0,0,0,0,13,0,0,0,0,135,0,0,1,0,0,0,89,0,0,0,12,0,0,0,0,0,0,0,0,140,0,0,38,0,0,2,0,0,0,42,135,9,32,0,0,0,0,0,18,0,0,1,0,0,0,1,194,3554,1,0,0,0,0,262,4,1,0,2,138,3,0,0,6,0,42,0,0,0,0,0,1,0,0,0,0,0,263,1,0,0,13,0,0,1,0,0,0,4,0,0,0,0,0,0,1,0,0,0,0,5,0,0,0,290,0,0,1,1,0,0,12,0,0,0,0,0,0,4,364,0,0,0,0,0,17,5,0,0,0,0,8,46,0,0,0,0,0,2,0,0,0,1,0,664,0,29,0,0,7,6,0,0,0,0,0,0,30,321,80,0,0,0,0,0,0,0,0,0,3,0,0,0,0,44,0,0,0,0,0,18,4,0,14,0,1,0,1,0,1,0,0,0,0,0,32,136,1,0,10,0,0,10,0,3,0,0,0,43,0,11,0,16,9,0,0,4,0,0,3,673,0,0,252,0,0,0,0,1,10,0,0,0,0,0,5,0,29,0,0,46,0
"319",0,0,0,0,17,0,1,29,16,0,0,0,11,0,109,0,0,0,0,0,0,21,0,0,5,1934,13,0,33,0,0,265,0,19,0,0,11,101,0,0,5,28,0,0,0,14,0,3,0,0,0,0,0,0,0,20,0,17,1,9,0,9,11,1,36,0,506,0,0,38,56,0,4,0,0,1,0,0,0,91,0,1,0,0,38,1,62,0,2,0,1,25,0,0,0,0,0,115,0,496,7,0,2,0,0,0,0,351,1,0,1,1,0,139,28,0,6,1,22,5,0,166,0,0,0,290,0,1,0,0,0,0,0,0,1,0,10,0,53,10,12,1,56,7,0,0,22,7,0,7,28,0,0,3,1,0,0,6,8,0,0,0,0,1,0,2,0,0,0,0,0,0,0,0,0,0,0,0,123,4,1,0,0,0,0,0,1,0,0,19,0,41,12,0,0,0,0,5,0,0,1,0,0,2,4,23,1,0,11,4,0,0,16,0,15,3,3,4,0,4,0,20,0,0,0,21,1,0,29,0,71,0,2,978,0,0,0,21,0,44,0,0,0,1,0,39,0,0,1,0,21,7,0,0,2,2,19,0,3,0,5,0,0,2,0,1,0,0,0,144,0,17,371,0,2,0,1,0,0,1171,0,0,115,0,0,1,0,0,9,0,0,0,0,0,0,1,0,0,7,116,0
"320",34,0,0,0,154,0,31,0,59,0,0,2,0,0,1,0,1,0,0,0,0,4,0,0,0,497,0,0,0,0,41,0,0,23,4,0,0,2,0,0,0,0,0,9,0,11,0,0,0,1,0,0,0,0,1,17,0,24,0,0,0,0,0,0,68,14,1,1,0,0,0,0,0,1,1223,0,0,0,0,0,0,0,0,0,6,0,7,0,0,41,554,0,6,0,35,156,0,25,1,477,6,0,0,38,0,0,202,103,13,0,1,16,0,1,0,0,156,6,0,2,27,28,0,0,42,5,0,0,0,0,34,40,0,0,0,148,1,0,0,0,0,0,0,0,0,1,0,3,0,0,0,0,0,0,1,0,1,0,2,16,0,0,0,0,0,0,0,0,0,5,0,0,0,0,0,0,0,1,0,0,19,0,0,1,0,6,1,0,134,3,0,1,0,0,1,0,0,0,1,0,0,20,0,0,239,0,0,0,0,0,0,0,0,0,22,0,0,0,0,5,0,0,1,0,0,1,0,0,0,0,0,0,0,19,0,0,0,0,0,1,0,0,507,0,0,0,0,23,1,0,0,0,0,0,0,4,0,0,4,6,0,0,0,0,0,0,0,1157,13,85,0,0,134,0,2,0,0,0,4,893,0,0,158,0,0,0,0,0,0,7,0,0,0,0,1,0,0,53,0,3,25
"321",0,23,49,0,35,0,0,17,850,0,0,0,93,0,69,0,0,0,0,11,0,24,0,3,0,820,0,0,5,0,17,0,0,143,0,0,11,0,0,0,6,35,0,0,0,741,0,8,23,0,6,6,0,0,0,40,0,60,0,36,0,1,0,0,0,0,298,0,0,0,60,0,0,38,0,0,0,0,0,69,0,0,3,0,0,18,17,0,0,17,0,0,29,0,0,2,4,0,24,255,0,0,0,0,0,4,0,182,0,0,0,0,0,13,42,0,0,0,122,0,0,132,0,1,109,134,0,0,0,0,0,0,0,1,0,7,2,0,0,0,1657,0,0,0,0,0,0,0,0,0,9,44,0,30,0,6,0,0,0,0,0,0,0,115,0,0,0,5,0,0,0,0,0,0,0,0,3,0,14,6,0,0,0,0,0,0,0,0,0,0,0,87,2,17,0,0,0,0,0,0,0,0,0,1,0,232,0,0,1,1,1,0,0,0,1,0,0,0,481,0,0,1,0,0,0,0,0,0,24,0,107,0,0,30,0,0,0,0,0,49,0,0,0,0,9,0,0,1,0,0,58,0,0,1,1,58,0,0,0,203,3,0,0,0,0,0,0,0,0,0,13,102,535,0,3,0,1,0,0,348,0,0,393,0,0,0,0,8,0,0,0,0,0,0,0,0,5,0,0,33,0
"322",0,1,0,1,0,0,123,39,0,1,0,0,1,60,6,0,0,0,0,0,20,37,0,0,0,1865,0,0,30,21,0,177,0,120,0,0,10,0,4,0,0,0,0,49,0,141,0,0,0,0,1,0,0,0,15,0,0,0,0,99,0,33,0,1,0,0,32,0,0,0,22,0,0,2,1395,0,0,0,0,14,0,0,28,0,66,0,0,0,0,49,9,11,1,0,0,3,0,0,0,0,0,0,0,0,14,0,181,33,8,0,0,0,0,26,0,0,4,1,158,0,0,0,0,0,163,0,0,0,0,0,5,54,0,0,0,0,1,0,0,0,82,2,0,0,0,0,0,0,0,0,7,0,1,0,0,0,0,0,1,23,0,6,0,0,0,0,1,0,0,0,0,0,0,0,0,3,0,219,26,0,0,0,0,1,0,0,0,0,0,7,0,69,0,0,0,0,0,0,0,0,0,0,0,0,0,43,0,0,0,7,1,0,0,16,0,0,27,0,99,0,0,0,0,0,0,0,0,0,2,0,109,0,0,49,0,0,0,0,5,0,4,0,0,0,0,0,0,0,1,0,3,1,0,0,4,2,3,0,0,36,0,0,0,0,6,0,0,0,53,871,12,0,345,9,6,0,0,0,14,1237,0,6,222,0,0,0,0,0,0,12,0,0,0,0,1,0,1,0,0,81,0
"323",0,0,0,0,26,0,1,0,367,0,0,2,0,1,2,0,0,0,0,0,0,1,0,0,0,301,8,0,0,0,0,0,0,2,0,0,1,1,0,0,0,0,0,4,0,0,0,3,8,0,0,0,0,0,0,9,0,0,0,4,0,2,0,0,2,0,20,0,0,0,0,0,17,1,0,0,0,0,0,2,0,2,0,0,1,0,0,0,0,31,1,0,0,0,0,0,0,0,2,61,0,0,0,0,5,3,1,307,1,15,0,1,3,13,0,0,0,0,5,2,0,0,0,0,45,0,0,0,0,0,1,1,0,0,0,0,0,0,0,0,0,0,0,0,0,0,0,2,0,0,4,0,0,6,0,0,1,0,1,0,0,0,0,0,0,0,0,0,0,0,0,0,31,0,0,0,0,0,0,0,0,0,0,0,1,0,1,0,0,1,0,2,0,0,1,0,0,0,0,0,0,0,0,0,0,0,0,0,0,0,0,0,0,0,0,0,0,0,14,4,0,0,0,0,0,0,0,0,6,0,46,0,0,1811,0,0,0,0,0,4,1,0,0,0,0,0,0,0,1,0,9,0,0,0,2,0,0,0,0,0,0,0,0,0,0,0,0,0,1,6889,0,0,123,0,0,0,0,0,0,367,0,0,1,0,0,0,0,0,1,0,0,0,0,0,3,0,3,1,0,8,0
"324",0,36,0,1,130,15,1,33,648,10,0,0,18,258,21,0,0,0,6,0,20,29,0,221,0,1,35,0,220,31,0,0,0,35,0,0,0,351,0,0,0,78,0,71,0,1,0,12,0,0,8,0,0,0,132,25,0,0,0,147,0,1,0,0,0,0,98,0,21,0,42,9,4,10,0,1,0,0,0,3,0,6,41,0,1,4,0,1,0,0,0,0,132,108,0,25,0,0,47,557,0,0,0,0,0,7,0,1630,0,0,0,0,0,474,59,0,25,0,49,0,28,0,0,1,5,45,0,0,0,69,1,0,0,0,0,132,128,0,4,0,1,0,0,0,0,0,0,23,0,0,4,9,0,3,38,0,0,0,0,20,0,1,1,0,0,0,20,0,2,0,14,0,0,0,0,0,7,22,301,0,0,0,0,0,1,0,0,0,0,0,28,55,28,6,0,0,0,1,0,0,0,0,0,1,0,3,3,0,0,66,0,0,0,0,1,0,0,23,256,0,0,44,0,0,0,0,1,0,5,0,1,13,0,128,0,1,5,0,0,24,60,0,0,0,0,0,0,0,0,41,1,4,0,0,54,0,16,0,23,0,4,0,1,0,6,0,0,0,0,16,7,0,98,0,0,0,73,1,5,1321,0,0,352,0,0,1,0,0,3,1,0,0,0,0,51,9,40,0,0,115,0
"325",265,0,0,0,52,0,0,66,0,0,0,0,22,0,0,0,0,0,0,0,0,84,0,55,0,1199,45,0,23,54,0,0,0,0,0,0,93,0,0,0,12,40,0,0,4,0,0,9,0,0,0,0,0,0,0,71,0,45,0,0,0,0,11,0,0,0,49,0,53,0,54,0,4,2,0,0,0,0,0,0,0,21,273,0,0,0,1,0,0,0,0,3,291,0,0,0,18,0,24,117,0,0,0,0,0,19,0,1824,1,35,1,0,0,0,24,49,0,1,0,0,0,0,16,0,587,67,0,0,0,0,0,132,0,0,48,0,18,0,0,15,25,3,0,13,0,0,0,12,0,0,0,0,82,52,0,0,34,1,0,0,18,0,0,0,0,0,0,0,0,0,0,0,1,1,87,0,0,0,0,0,0,0,0,0,0,28,0,0,0,1,6,1,1,0,1,0,0,0,14,0,0,1,0,2,0,0,0,0,0,5,0,0,0,0,0,0,0,0,265,0,0,0,0,0,1,0,81,0,0,0,0,0,0,149,0,0,0,0,0,0,1,0,0,0,0,44,0,0,1,0,0,0,0,0,4,0,0,0,0,0,0,0,0,1,2,0,0,0,0,108,0,0,324,0,0,0,0,0,66,1137,0,0,383,0,0,0,51,2,0,0,0,0,0,0,1,2,1,0,0,0,0
"326",355,0,0,0,28,0,0,0,1382,0,0,0,0,242,203,0,0,0,0,0,3,3,15,10,0,1,0,0,3,220,328,0,0,4,0,0,31,2,0,0,0,46,0,0,0,61,0,6,0,0,0,0,0,0,6,0,0,0,0,1,0,0,0,0,0,0,362,0,0,0,26,0,138,83,1,0,0,0,0,5,0,0,328,0,30,0,0,0,0,103,0,7,27,132,0,48,0,0,0,365,0,44,0,0,0,0,8,557,1,0,0,9,20,0,23,0,0,1,61,0,0,0,0,0,58,0,0,0,0,0,1,0,0,0,0,0,1,0,0,0,0,2,0,0,0,865,0,15,0,0,1,0,0,0,0,0,0,0,3,63,0,15,0,1,0,0,0,0,0,0,0,0,0,0,0,0,0,178,105,0,0,0,4,24,0,0,0,0,12,11,0,17,0,0,0,0,0,0,0,0,0,108,0,6,0,0,0,0,0,4,0,47,6,0,0,0,78,9,0,0,106,45,0,23,0,0,0,0,2,0,6,0,0,31,0,0,1,11,0,72,11,0,32,0,5,3,0,0,2,0,0,0,0,0,27,8,0,0,12,10,0,0,0,0,2,0,0,0,13,534,16,15,455,0,1,0,0,5,0,215,0,0,36,0,0,0,1,0,64,1,0,0,0,0,0,0,7,32,0,78,0
"327",0,0,0,0,0,8,1,0,31,0,0,1,6,0,321,0,0,0,0,0,0,6,8,0,0,3332,0,0,0,19,0,0,1,15,0,0,0,0,0,0,3,0,0,0,0,2,0,3,0,0,0,0,0,0,1,65,1,0,0,1,0,1,12,0,0,0,0,0,0,0,18,0,3,0,0,0,0,0,0,1,86,0,0,0,5,0,0,5,0,0,2404,0,36,75,0,0,0,0,3,64,0,99,0,2,5,0,0,25,1,0,1,58,0,30,9,0,3,2,0,0,18,0,0,0,0,4,0,0,0,38,1,1,0,0,0,0,0,3,0,0,1,0,71,0,0,1,0,0,0,0,0,0,0,0,0,0,0,0,9,0,0,0,1,1335,0,0,0,0,0,0,0,0,0,0,0,0,0,8,11,0,0,0,0,0,1,3,0,0,20,1,0,1,0,0,0,0,0,1,0,0,0,1,0,0,171,1,0,0,0,1,0,0,0,0,0,0,38,5,0,17,0,0,0,6,0,87,0,0,110,0,3,0,0,303,0,8,1,2,0,2,0,0,0,0,0,0,0,0,1,1,5,0,1,0,1,7,0,3,1,2,0,0,0,1,35,0,0,0,7,141,0,0,189,0,0,0,0,9,1,129,0,0,2,0,0,0,0,13,0,1,0,0,0,0,16,0,5,0,0,6,0
"328",61,0,0,0,25,0,0,57,503,0,0,0,5,87,4,0,0,0,0,0,135,2,0,0,0,1,13,0,2,0,30,231,16,7,0,0,1,95,0,0,0,0,0,73,1,80,0,15,0,0,0,0,0,0,118,13,0,0,13,370,0,0,0,0,174,24,121,0,1,0,131,0,0,29,0,0,0,1,0,527,0,21,41,0,452,1,2,1,0,37,241,3,1,0,0,0,0,16,10,622,0,0,0,1,5,30,66,51,1,18,0,25,0,190,7,0,3,1,63,12,0,0,19,0,17,164,0,0,0,3,22,763,0,0,1,10,1,0,0,0,4,0,0,1,0,0,0,5,0,0,12,42,6,18,1,0,0,0,0,1,0,0,0,602,0,0,0,0,1,0,0,0,0,0,0,0,0,171,129,5,59,0,0,0,0,0,1,0,5,1,0,118,0,0,1,0,0,3,0,0,3,0,0,54,0,51,0,0,0,1,0,0,46,0,0,3,303,81,1,12,36,32,0,0,0,0,17,0,50,0,33,0,0,1,0,0,1,0,0,14,1,59,10,0,1,0,233,0,1,0,92,1,11,0,4,3,3,0,0,0,30,11,0,8,0,0,0,0,49,22,0,40,4,0,0,0,18,1,1,648,1,0,4,0,0,0,0,1,58,26,0,0,0,0,5,49,21,42,0,2,0
"329",0,267,0,0,19,0,0,0,18,0,0,0,0,0,85,0,0,0,0,0,0,13,9,0,0,3123,36,0,26,20,1,0,0,64,0,0,36,0,0,13,0,13,0,0,0,5,0,5,7,0,3,0,0,0,0,17,0,51,0,0,3,0,0,0,59,3,43,0,0,77,48,0,0,7,0,0,0,0,0,6,0,2,0,0,0,24,539,0,0,0,0,0,0,0,0,0,0,81,2,109,0,0,0,0,0,0,0,1075,1,0,0,0,0,126,18,0,8,0,13,0,0,53,0,44,0,80,0,0,22,0,0,131,0,0,0,0,242,0,0,0,25,0,0,0,0,0,0,4,0,0,0,1,0,12,1,0,0,1,0,9,0,0,0,1,2,0,2,0,0,0,7,0,1,0,0,0,0,3,27,0,53,0,0,1,0,0,0,0,0,0,1,27,0,0,1,0,0,0,0,0,0,0,0,0,0,69,0,0,0,3,0,0,1,5,0,0,0,0,31,7,0,1,0,0,0,0,0,0,76,0,5,0,0,439,0,0,1,0,0,6,1,0,0,0,0,21,0,0,1,0,0,0,3,0,0,6,5,0,0,0,3,0,0,5,0,0,0,0,0,244,0,9,253,0,0,0,0,0,0,1057,0,0,99,0,0,0,0,0,0,26,0,0,0,0,1,1,463,0,0,2,0
"330",0,0,0,0,26,0,0,59,393,0,0,0,16,35,19,0,0,0,0,0,24,26,4,0,0,908,30,0,15,0,0,1,0,80,0,0,12,186,0,0,2,0,0,62,0,78,0,3,0,0,0,64,0,0,0,0,0,16,0,37,0,44,0,0,165,0,25,0,0,0,61,0,0,17,0,0,0,0,0,9,0,0,91,0,28,1,0,0,0,241,0,50,26,0,0,1,2,0,54,312,0,0,0,0,0,0,0,33,1,0,1,0,0,173,32,0,169,0,5,0,8,99,0,0,1008,0,0,0,0,0,0,148,0,0,0,0,1,0,0,7,18,0,70,2,0,0,80,34,1,67,18,72,0,0,0,0,0,1,0,96,0,0,0,108,0,2,0,0,0,0,9,4,1,0,0,0,0,67,75,0,24,0,0,0,9,0,0,0,23,1,0,123,11,0,0,0,0,0,1,0,0,0,0,1,0,50,0,0,11,0,0,0,3,0,45,0,25,0,2,0,51,0,0,0,0,0,0,0,81,0,119,2,0,465,0,0,2,0,0,1,1,3,0,0,0,0,0,0,1,0,5,4,0,0,2,211,2,0,9,287,1,0,0,8,0,0,0,0,0,1,0,36,198,0,1,0,590,0,6,65,1,0,479,0,0,0,0,0,31,0,0,0,0,0,67,0,0,0,0,49,0
"331",3,0,0,3,0,0,1,0,0,0,0,0,0,0,18,0,0,0,0,0,0,0,0,0,0,110,0,0,5,111,313,0,0,50,0,0,5,0,0,0,3,0,0,0,0,0,0,0,0,0,0,0,0,0,0,0,0,0,0,77,0,0,0,3,0,0,0,0,0,0,74,0,0,0,0,0,0,6,0,0,0,0,0,0,0,0,0,0,0,30,0,11,5,0,0,1,0,0,0,0,0,26,0,0,0,0,0,1080,0,58,0,0,0,0,0,3,0,11,0,0,0,46,0,0,0,39,0,0,0,0,0,0,0,1,0,0,1,0,0,0,732,0,0,0,0,0,55,0,0,0,0,0,3,0,0,0,0,0,0,97,0,0,0,0,0,0,0,0,0,0,5,0,0,32,0,0,0,0,70,0,0,0,0,0,21,0,0,0,0,0,0,0,3,0,0,0,0,0,0,0,0,0,0,335,0,0,0,50,1,1,0,0,0,0,10,0,449,42,269,0,0,0,0,0,1,66,0,0,38,0,0,0,0,204,0,0,0,0,0,0,0,0,0,0,0,1,0,0,0,0,0,5,0,0,0,251,9,0,0,595,0,0,0,9,0,0,0,0,0,23,0,0,920,0,0,6,0,0,0,2154,0,0,221,0,0,0,0,0,0,0,0,0,0,0,180,0,1,0,0,278,0
"332",0,0,0,0,0,0,1,0,0,0,0,0,0,0,1103,0,2,2,0,0,0,3,0,1,0,1,0,0,8,0,73,0,0,48,0,0,23,54,1,0,1,0,0,0,0,40,0,0,0,0,0,0,0,0,0,0,0,0,0,1,0,0,0,1,0,0,26,0,0,0,19,1,0,0,0,0,0,0,0,6,0,0,1,0,0,0,1,0,0,48,0,11,2760,0,0,0,0,0,0,0,0,0,0,0,0,0,2,85,1,0,0,0,0,44,1,0,0,0,8,7,0,55,0,0,446,0,0,0,0,0,0,3,0,0,0,0,11,0,0,0,32,0,0,0,0,0,5,0,0,0,1,0,0,3,0,0,0,0,0,0,0,0,0,169,0,0,1,0,0,0,4,0,1,0,0,0,0,0,25,0,0,0,0,0,0,0,0,0,0,1,3,17,0,0,27,0,0,0,0,0,0,0,0,46,0,16,0,0,13,12,1,0,0,0,17,0,1,12,26,0,0,0,0,0,0,0,0,0,110,0,20,0,0,37,0,0,0,0,0,2,1,0,0,0,0,0,0,0,1,0,0,1,5,0,0,6,0,0,1,0,1,0,0,6,0,0,0,0,0,3756,0,0,23,0,0,0,0,0,3,243,0,0,86,0,0,0,0,10,1,43,0,0,0,0,0,0,5,0,0,7,0
"333",15,0,0,0,5,0,0,0,0,0,1,1,0,1,6,0,0,2,0,0,0,46,0,0,0,350,0,0,0,7,0,0,7,66,3,0,8,0,0,0,0,7,0,44,0,104,0,3,0,0,2,0,0,0,139,0,0,0,0,199,0,0,0,0,0,0,861,0,0,0,74,0,0,0,29,0,0,0,0,335,0,0,514,0,14,0,0,0,0,18,0,1,2,0,0,0,0,0,60,0,0,0,0,17,4,0,0,2559,1,181,0,0,0,41,8,0,3,3,45,3,0,28,0,0,40,0,0,0,0,0,4,15,10,0,0,0,3,0,0,0,3,0,35,1,0,0,0,8,0,0,0,0,0,8,0,0,0,0,6,0,0,5,0,0,0,2,3,0,0,0,0,0,0,1,0,0,0,35,146,0,0,0,0,0,21,1,0,0,0,1,18,42,0,0,0,0,0,0,0,0,0,1,0,1494,0,68,0,0,8,0,0,0,0,0,0,0,151,128,50,0,0,0,0,0,0,0,7,0,39,36,3,0,2,230,0,0,0,0,2,111,10,0,0,0,6,40,0,0,1,0,1,0,4,0,44,14,0,0,0,79,0,0,0,2,0,0,0,0,0,2,4,48,4,0,0,0,0,0,2,600,0,0,168,0,0,0,0,1,0,5,0,0,0,0,62,0,12,0,0,40,0
"334",0,0,1,5,0,0,2,0,0,0,0,0,0,0,13,2,0,0,0,0,0,0,0,1,0,1,0,0,5,0,0,0,0,135,0,0,2,0,0,0,3,0,0,0,0,402,0,0,0,0,0,0,0,0,0,11,0,0,0,4,0,0,0,1,0,0,17,0,0,67,0,0,0,0,0,0,0,0,0,0,0,0,0,0,0,0,0,0,0,0,0,6,1,0,0,0,0,0,0,0,0,2,0,0,0,0,0,5306,0,0,0,0,0,0,0,0,6,0,100,0,0,0,0,0,0,0,46,0,0,0,0,0,0,1,6,0,0,0,0,0,1038,0,110,1,0,0,33,58,0,0,0,0,0,11,0,0,0,0,0,0,0,10,0,0,0,3,0,0,0,0,0,0,1,0,0,0,0,0,109,0,0,0,0,0,0,0,0,0,0,0,4,406,0,0,0,3,0,0,0,0,0,1,0,0,0,141,0,0,0,0,0,0,0,0,0,0,0,0,0,0,71,0,0,0,0,0,0,0,0,0,0,0,0,46,0,0,0,43,0,3,6,0,73,0,0,0,0,0,1,0,0,0,0,0,0,0,9,0,0,0,2,0,0,0,1,1,0,0,0,89,50,0,208,0,1,0,0,0,0,1707,0,0,0,0,0,32,0,0,25,0,0,0,0,6,0,0,0,0,0,79,0
"335",0,0,0,0,0,0,9,0,1,1,2,0,0,117,102,0,0,3,2,0,2,53,0,0,0,583,0,0,0,4,18,0,0,6,0,0,0,1,0,0,0,0,0,6,0,12,0,0,4,0,1,0,0,0,0,1,0,0,0,0,1,14,0,0,0,0,30,0,0,0,3,0,0,0,0,0,0,0,0,18,0,0,0,0,0,0,0,0,0,6,0,15,0,0,0,0,0,0,2,1,0,0,0,0,11,0,2,1704,1,66,3,5,0,10,0,0,20,0,1,33,0,0,0,0,104,0,0,0,33,95,1,1,0,0,0,0,1153,0,0,0,0,0,0,0,3,0,3,3,0,0,1,0,0,2,0,0,0,1,18,8,0,0,1,0,0,3,8,0,0,0,0,0,5,0,0,0,0,7,151,6,0,0,6,0,0,0,0,0,0,1,0,7,0,0,267,0,27,0,0,0,0,1,0,1,0,0,0,0,0,28,0,0,15,0,0,0,0,1,0,0,0,63,0,0,0,0,0,0,1,26,1,0,0,103,0,0,22,0,0,0,4,0,67,0,0,0,0,0,1,1,0,4,13,0,15,132,6,0,30,1,4,0,0,0,0,0,0,0,7,4129,6,1,333,0,0,0,0,0,15,1,0,0,8,0,0,0,0,0,0,17,0,0,0,0,1,0,0,0,0,11,0
"336",0,0,0,0,0,0,12,0,0,0,0,0,0,0,0,0,0,0,0,0,0,0,0,12,0,1,0,0,18,0,109,25,0,44,0,0,0,0,0,0,0,0,0,0,0,228,0,0,0,0,11,0,0,0,0,0,0,0,0,0,0,0,0,0,83,0,47,0,0,6,0,0,0,39,0,710,0,0,0,1304,0,0,0,0,0,0,0,0,0,0,0,0,0,0,0,0,0,0,0,0,0,5,0,0,0,0,0,1077,1,0,1,119,0,0,3,0,103,0,0,8,0,0,0,0,410,0,0,0,0,0,0,0,0,0,0,0,14,0,0,0,2,0,58,1,14,0,3,0,0,0,27,0,0,0,1,0,0,0,0,31,0,0,0,0,0,3,0,0,0,0,0,0,0,0,0,0,0,0,0,0,0,0,0,35,0,0,1,0,0,31,0,42,0,0,0,0,0,0,0,0,1,1,0,0,0,0,0,0,0,11,1,0,0,0,0,0,1,0,92,0,0,0,0,0,0,0,0,0,0,0,0,0,0,108,0,0,0,0,0,2,1,0,0,0,0,0,0,0,10,0,0,0,0,0,0,0,0,0,0,4,0,0,0,0,2,0,0,0,0,60,0,0,100,0,10,0,0,0,0,4648,0,100,0,5,0,9,0,0,0,0,0,0,0,0,18,0,0,0,0,0,0
"337",12,69,0,0,58,0,0,0,0,0,0,0,6,0,30,0,1,0,0,15,0,10,0,1,0,1,0,0,24,0,0,0,0,40,3,0,5,26,0,12,4,0,0,0,0,101,0,30,6,0,2,0,0,0,0,15,0,0,0,1,0,0,0,0,0,0,36,0,0,0,17,0,0,0,0,0,0,0,0,44,0,9,4,0,0,1,0,1,0,42,0,8,1,0,36,0,0,32,20,184,0,83,0,0,0,0,0,12,15,13,6,14,0,1,0,0,7,1,181,2,0,46,0,0,48,546,0,0,0,0,34,101,4,5,0,0,1,3,0,0,1,2,0,0,0,7,0,0,0,39,0,0,3,0,1,0,0,0,0,32,0,0,0,0,0,0,1,0,0,0,1,1,4136,26,0,0,0,0,0,0,0,0,0,6,0,0,1,0,0,10,0,117,4,0,0,0,0,0,0,0,0,1,0,0,0,10,0,9,8,7,0,0,0,0,30,0,1,0,4,0,0,0,0,0,0,1,0,0,2,0,0,0,0,4,0,0,0,0,0,40,0,0,0,0,1,1,1,0,1,0,0,0,0,0,0,1,7,0,0,206,1,0,0,10,0,0,0,0,0,1064,0,0,82,0,1,0,0,0,10,782,0,0,19,0,0,0,0,1,0,37,0,0,0,0,0,0,4,0,73,53,0
"338",25,33,0,0,27,12,1,3,3081,0,0,0,35,0,59,0,53,31,8,1,3,3,0,50,0,1980,47,0,60,0,154,0,0,20,0,0,0,1,0,0,5,94,0,0,0,1,0,41,0,0,3,56,0,0,1,32,0,0,0,31,3,0,0,0,358,29,28,0,3,77,23,0,0,23,0,0,23,1,0,18,0,22,5,0,1,0,577,0,0,6,0,5,8,0,0,0,0,31,1,282,0,0,0,0,1,3,0,253,0,1,8,0,0,1,68,5,0,0,10,0,15,54,0,0,0,65,1,0,2,0,0,3,224,0,0,369,13,0,0,0,37,0,134,93,0,26,16,91,0,0,1,71,0,3,0,0,0,0,0,5,0,0,0,1,1,0,4,0,0,0,1,0,4,1,0,0,4,2,9,8,0,3,0,0,1,22,0,0,0,0,4,1,1,19,0,0,0,3,0,6,0,42,0,4,0,39,37,0,0,39,0,0,0,0,1,1,43,3,11,2,1,25,0,0,5,44,0,0,8,1,4,0,0,262,0,0,1,0,0,140,0,0,0,0,6,25,0,0,0,0,0,3,4,0,5,154,43,0,0,4,3,0,1,5,4,0,0,0,3,273,0,23,108,0,0,1,0,1,1,1,0,0,15,0,0,0,0,4,0,14,0,0,0,0,14,0,22,0,0,56,44
"339",0,0,0,0,0,0,1,0,0,0,0,0,0,0,2,0,0,0,0,0,0,32,0,0,0,2690,0,0,13,0,0,0,0,27,0,0,209,0,0,0,0,0,0,0,0,209,0,0,0,0,0,0,0,0,0,0,0,0,0,784,0,0,0,0,0,2,91,0,0,0,25,0,0,0,0,0,0,0,0,0,0,0,0,0,17,0,0,0,0,41,0,0,9,0,0,3,0,0,0,0,0,17,0,0,23,0,0,1557,1,0,0,0,0,0,16,0,0,0,30,8,0,0,0,0,0,0,0,0,0,0,0,0,0,0,0,138,3,0,0,0,16,0,0,0,0,0,0,0,0,0,35,0,0,0,0,0,0,1,0,46,0,0,0,0,0,0,0,0,0,0,0,0,0,0,0,0,0,76,488,0,25,0,0,0,0,0,0,0,0,5,0,0,0,0,2,0,0,0,0,0,0,40,0,1,0,0,0,0,0,0,4,0,6,0,0,0,0,0,0,0,0,0,0,0,0,1,0,0,66,0,122,0,0,116,0,0,0,0,0,18,1,25,1,0,0,0,0,0,8,0,4,0,0,0,0,14,0,0,0,21,2,0,0,0,0,0,0,0,0,4,0,0,238,0,1,0,0,0,0,1407,0,0,316,0,0,0,0,0,0,0,0,0,0,0,8,0,0,0,0,60,0
"340",0,0,2,4,0,0,0,0,0,0,0,0,0,5,107,0,0,0,0,0,43,0,0,7,0,2328,1,0,21,180,0,0,0,0,0,0,0,28,0,0,4,0,0,0,0,0,0,1,0,0,7,0,0,0,33,0,0,0,0,1,0,3,1,0,0,0,37,0,0,0,0,0,0,5,0,0,0,0,0,0,0,0,76,0,0,0,6,0,0,24,0,11,0,0,0,0,0,0,0,0,7,0,0,0,0,0,100,1424,0,0,0,0,0,48,0,0,0,0,151,1,0,0,0,1,0,0,0,0,0,1,40,97,0,0,0,0,619,0,0,0,44,0,0,0,0,0,6,41,0,0,11,0,0,88,3,0,0,0,0,0,10,0,0,0,0,0,0,0,0,0,0,0,1,0,0,116,0,0,0,0,0,0,0,0,0,0,0,0,0,1,0,65,6,0,0,0,0,5,0,0,0,0,0,0,0,2,13,7,0,0,0,0,0,0,0,0,0,23,0,5,0,37,0,0,0,0,0,0,0,0,35,1,0,0,0,0,0,0,0,0,0,0,0,0,0,0,0,0,0,0,0,0,0,0,0,11,9,0,21,0,0,0,0,4,0,1,1,0,11,413,0,0,1222,0,0,0,0,1,0,1722,0,124,21,0,1,0,0,0,3,15,0,0,0,0,40,47,0,0,2,0,0
"341",0,1,1,0,0,0,1,38,0,0,0,0,1,114,1,0,0,0,0,13,0,34,0,1,0,1162,0,0,40,12,159,0,0,35,0,0,18,283,0,0,0,0,0,0,0,106,64,5,0,0,4,0,0,0,0,0,0,0,0,225,3,0,0,13,0,0,133,0,0,21,0,0,0,0,0,1,0,0,0,82,0,0,87,0,560,0,33,0,0,0,0,0,1,0,0,0,0,0,0,0,0,1,0,0,0,0,0,561,0,0,1,0,0,168,0,0,0,0,112,0,0,0,0,1,16,0,0,0,0,0,25,251,0,0,0,0,3,0,1,0,14,0,0,0,89,0,29,0,0,0,35,0,0,7,0,4,0,0,0,0,0,0,0,0,0,0,0,0,0,3,21,0,0,0,0,0,0,103,56,1,0,0,0,0,8,0,0,0,0,0,0,124,1,0,0,0,0,3,0,0,0,0,154,1239,0,4,1,0,1,1,0,0,0,9,0,15,36,50,103,0,8,35,0,0,0,0,57,0,103,0,276,0,0,44,0,0,5,0,0,1,23,0,0,0,0,0,0,1,0,0,0,1,32,1,23,1,6,0,7,0,6,0,3,0,0,0,0,976,0,0,6,62,19,0,0,0,0,0,0,1479,1,0,247,0,0,0,0,1,108,0,0,0,0,0,0,0,3,0,0,59,0
"342",0,0,0,68,0,0,0,0,21,0,0,0,7,0,0,0,0,0,0,0,0,0,0,0,0,1195,20,0,36,165,283,0,0,0,0,0,3,599,0,0,0,0,0,0,0,106,0,0,0,0,0,0,1,0,0,110,0,29,0,0,0,0,0,0,0,0,0,0,0,0,37,0,0,7,0,0,0,0,0,0,0,0,170,0,0,1,68,1,0,88,3,0,0,0,0,0,0,27,0,176,0,0,0,0,0,0,0,88,1,0,0,10,0,0,0,0,0,0,91,18,0,0,0,0,0,0,0,0,0,83,74,134,0,0,0,0,1,0,0,0,627,0,0,3,0,0,0,7,0,0,47,0,0,0,1,0,17,1,0,0,0,0,0,0,0,0,0,140,0,3,0,0,1,0,0,0,0,114,0,0,0,0,0,0,0,0,0,0,0,2,0,160,0,0,39,0,0,1,0,0,0,2,0,1,394,0,0,0,14,1,0,0,0,0,0,0,0,0,540,0,116,0,0,0,0,0,0,0,0,0,128,0,0,116,0,0,0,0,0,34,0,0,0,0,0,0,0,0,1,0,0,0,0,0,0,0,0,0,0,0,0,0,0,0,0,0,0,0,0,4,5,0,35,0,0,0,0,0,0,2243,0,0,257,0,0,0,0,0,0,0,0,0,0,0,26,0,289,0,0,298,0
"343",73,0,0,0,0,0,0,0,0,0,0,0,0,0,106,0,0,0,0,0,0,147,0,0,0,1,0,0,6,0,0,0,96,80,0,0,5,720,1,0,0,0,0,0,1,19,0,0,0,0,0,0,0,0,0,0,0,0,0,999,0,0,0,0,0,0,0,0,0,0,0,0,0,0,0,0,0,0,0,254,0,0,0,0,0,0,0,0,0,46,0,320,33,0,0,0,0,0,7,0,0,2,0,0,0,0,0,11,1,0,2,0,0,0,0,0,0,2,300,44,0,0,0,0,166,0,0,0,0,0,0,0,0,0,0,0,15,0,0,13,12,0,126,7,0,0,0,0,0,0,0,0,168,0,0,0,0,0,6,0,0,0,0,0,0,0,0,55,0,0,0,0,0,0,0,0,0,0,0,0,0,0,0,0,0,1,15,0,0,0,0,79,0,0,1,0,0,0,0,0,376,1,0,0,524,0,0,0,26,0,0,0,0,0,0,0,180,0,867,0,0,0,0,0,0,0,0,0,80,0,0,0,0,0,0,0,0,0,0,0,0,138,0,0,0,0,1,72,1,0,2,0,0,0,0,0,0,0,0,0,1,0,0,0,0,0,0,0,0,255,0,0,8,0,0,0,0,0,0,1900,0,0,924,0,0,0,0,0,0,0,0,0,0,0,0,0,39,0,0,242,0
"344",31,0,0,0,85,0,0,11,0,0,0,0,56,85,54,0,0,0,0,1,56,29,0,0,0,2141,0,0,0,52,98,0,0,1,0,0,27,432,0,0,0,72,0,73,0,15,0,0,0,0,7,0,0,0,0,40,0,0,2,203,0,0,0,0,0,0,151,0,0,0,173,0,134,400,0,0,0,0,0,75,0,0,0,0,50,0,0,0,0,151,0,0,1,0,0,0,0,0,3,201,14,0,0,0,0,3,0,57,0,0,0,0,12,10,109,0,25,0,125,0,14,256,0,1,3,40,0,20,0,0,7,762,0,8,0,0,18,0,0,0,0,0,173,0,392,0,0,25,0,0,46,0,0,47,1,0,0,0,16,76,0,0,0,0,0,0,0,0,0,0,22,0,0,0,0,0,0,0,64,0,0,0,0,0,0,0,0,450,0,0,0,20,0,0,0,0,0,0,0,0,0,0,0,0,0,0,0,0,0,51,0,0,0,7,13,0,46,0,368,0,0,0,0,0,0,0,0,0,5,5,240,0,0,405,0,0,0,0,0,0,1,0,0,0,0,15,0,0,0,0,0,0,0,1,54,0,0,0,14,21,4,0,0,17,0,0,0,0,0,0,0,56,27,0,12,2,63,0,0,21,0,0,270,0,0,0,0,0,122,15,0,0,0,0,0,0,6,0,0,239,0
"345",14,0,0,0,27,0,0,0,477,0,0,0,0,75,6,0,0,0,0,0,0,10,4,0,0,1801,0,0,0,0,0,0,1,0,0,0,0,1,0,0,0,0,0,16,0,36,0,0,2,0,0,0,0,0,0,38,0,0,0,0,0,0,0,0,159,0,45,0,0,33,18,0,0,5,0,0,0,0,0,1,0,44,128,0,15,8,0,1,0,27,0,1,0,0,0,0,0,15,20,301,0,0,0,1,0,0,27,179,0,6,0,1,1,0,45,0,16,0,9,0,16,0,0,1,181,0,19,0,0,0,0,0,0,0,0,0,0,0,0,0,0,0,0,0,0,305,0,0,0,0,0,0,0,0,1,0,0,0,10,0,0,0,0,286,0,0,0,0,0,0,0,0,5,0,0,0,0,4,3,0,0,0,0,0,0,0,0,0,0,0,0,18,0,0,0,0,0,0,0,0,0,0,0,12,1,3,0,0,0,0,0,0,3,0,1,0,33,10,0,0,24,0,0,0,0,0,0,0,80,0,52,0,0,934,0,0,0,1,0,119,0,54,0,0,0,0,0,0,0,0,89,1,6,0,1,0,0,0,0,12,0,0,0,0,0,0,0,0,0,243,0,0,1799,0,1,0,0,0,0,1985,0,0,180,1,0,0,0,0,5,5,0,0,0,0,7,0,3,0,0,16,0
"346",0,1,5,0,0,0,1,0,0,0,0,0,0,0,8,0,0,0,0,0,1,10,0,7,0,2809,0,0,14,2,2200,0,0,167,0,0,32,0,0,0,0,0,0,0,0,143,0,0,0,0,1,0,0,1,0,0,0,0,0,0,2,0,0,0,0,0,18,0,0,0,0,0,0,0,0,0,0,0,0,5,0,0,36,0,0,1,101,0,0,0,0,44,6,0,0,0,0,0,0,0,0,0,2,0,0,0,0,689,0,0,6,0,0,0,1,0,0,1,11,2,0,0,0,0,0,0,0,0,0,0,0,3,0,0,0,0,15,0,0,0,14,0,0,1,0,0,0,0,0,0,29,0,0,0,0,0,0,0,0,0,0,1,0,0,0,2,0,0,0,0,0,0,0,0,0,0,2,0,0,0,0,6,0,4,4,0,0,0,0,1,0,77,3,0,0,0,0,0,1,0,0,0,0,0,0,0,10,0,13,2,6,0,0,0,0,0,0,0,139,0,71,11,0,0,0,0,0,0,45,0,47,2,0,42,0,0,0,0,0,8,1,0,0,0,47,0,0,0,1,0,0,0,0,0,1,4,6,0,0,8,0,0,0,1,2,0,0,0,0,3,0,2,93,0,0,0,0,0,0,2313,0,1,450,0,0,0,0,0,0,0,0,0,6,0,0,0,9,0,0,180,0
"347",0,0,0,0,0,0,0,0,0,0,0,0,0,0,0,0,57,0,0,0,0,0,0,4,0,5265,0,0,0,0,0,0,0,0,0,0,0,55,0,0,0,0,0,0,0,0,0,0,0,0,0,0,0,0,0,0,0,1,0,0,0,0,1,0,0,0,10,0,0,36,0,0,0,0,0,0,0,0,0,0,0,0,0,0,0,11,215,0,0,0,0,7,0,0,0,0,0,0,0,1,0,0,0,0,0,0,0,104,0,0,0,0,0,0,0,0,0,0,0,0,0,0,0,1,0,0,0,0,0,0,0,0,0,1,0,0,0,0,0,0,0,0,0,0,0,0,2,0,0,2,0,0,0,0,0,0,0,0,0,0,0,0,0,203,0,0,0,0,0,0,0,4,0,0,0,0,0,0,0,0,0,0,0,0,0,0,0,0,0,0,0,0,1,0,0,0,0,0,0,0,0,0,0,0,610,60,0,0,0,0,0,0,0,0,0,0,0,0,0,0,0,0,0,0,0,0,0,0,0,0,0,0,0,477,0,0,0,0,0,0,0,0,0,0,0,1,0,0,0,0,0,0,0,0,0,240,7,0,0,0,1,0,0,0,0,0,0,0,0,296,0,0,943,0,0,0,0,0,1,711,0,0,0,0,0,0,0,15,5,0,0,0,0,0,15,0,0,0,0,0,0
"348",0,0,0,0,105,0,0,11,2469,0,0,0,53,0,8,0,36,0,0,0,25,10,0,1,0,64,102,0,1,129,112,0,0,52,0,0,7,73,1,0,5,20,0,0,0,4,0,21,0,0,4,1,0,0,32,15,0,39,0,38,0,1,0,0,0,95,35,0,0,0,33,0,0,3,596,0,0,0,0,0,0,11,13,0,1,764,311,0,0,0,0,3,1,0,0,0,6,0,0,189,0,0,0,0,0,4,59,80,0,0,0,0,0,1,30,0,0,0,43,0,0,135,0,1,53,20,0,0,0,90,1,1,0,0,0,0,108,0,0,0,259,0,0,0,0,0,52,49,0,0,8,36,1,4,0,0,0,0,0,1,0,0,0,306,0,0,0,0,1,0,2,0,0,0,0,0,4,26,0,0,91,0,0,0,20,0,0,0,0,0,15,12,0,0,330,0,0,0,0,0,0,0,0,0,0,99,0,0,0,0,13,0,0,0,1,0,61,12,150,0,0,0,186,0,0,0,129,0,13,3,138,1,0,58,0,0,0,0,0,770,0,0,0,0,0,0,0,0,0,0,96,1,11,0,18,148,23,0,18,5,6,0,0,31,0,0,0,0,0,683,0,0,36,0,0,0,0,1,6,302,0,0,20,0,0,0,0,0,67,8,0,0,0,0,7,40,95,0,0,21,0
"349",149,46,0,0,0,7,0,0,0,0,0,0,27,1,10,0,0,0,0,0,0,0,0,0,0,2175,0,0,13,465,39,0,0,166,0,0,34,0,1,0,0,0,0,0,6,0,0,0,0,0,0,0,0,0,0,0,0,0,0,0,0,0,0,0,0,0,4,0,0,0,0,0,0,0,0,0,36,0,0,1,0,0,0,0,0,6,0,0,19,0,0,0,87,0,0,0,0,0,0,151,0,129,0,0,0,0,0,5,1,0,0,0,0,0,37,17,12,116,226,46,0,0,2,0,0,0,1,0,0,0,0,0,0,0,0,0,48,0,0,0,5,0,0,0,0,0,0,0,0,0,0,0,0,0,0,0,0,1,0,0,0,0,0,0,0,0,0,0,0,0,0,0,0,0,0,0,0,0,69,0,0,0,0,0,0,0,0,0,0,4,0,544,0,0,0,0,0,0,0,0,0,0,0,0,0,0,0,79,12,26,0,0,0,0,0,0,1,0,1200,0,21,0,0,0,0,0,0,0,0,0,0,0,0,84,0,0,0,0,0,4,23,0,0,0,3,0,0,0,42,0,0,0,0,0,0,0,5,0,0,0,0,0,0,6,0,0,0,0,0,188,0,0,112,2890,10,0,0,0,0,2,0,23,0,6,0,22,0,0,0,0,0,0,0,0,0,0,8,0,0,368,0
"350",34,0,0,0,37,0,3,0,29,0,0,0,72,0,0,0,0,0,0,0,0,0,0,0,0,1807,200,147,5,23,0,32,0,0,0,0,0,0,0,0,0,22,101,0,0,58,0,0,0,0,0,10,0,0,0,0,0,0,0,0,0,0,0,0,0,0,0,0,0,0,0,0,0,0,0,98,0,0,0,0,0,0,29,0,0,0,0,0,0,0,0,0,2,0,0,1,0,57,0,248,0,974,0,0,0,0,0,410,1,0,0,0,22,0,46,0,16,0,63,5,16,0,27,0,0,0,0,0,0,0,33,389,0,0,0,0,1,0,2,0,54,0,0,0,0,0,0,0,0,0,0,0,0,0,1,0,0,1,0,0,1,0,0,1,0,0,0,3,0,0,0,0,0,0,0,0,0,0,0,0,0,0,0,0,0,0,0,0,0,1,0,0,0,0,166,0,0,0,0,0,0,137,0,0,0,0,0,0,0,1,0,0,0,0,0,0,0,0,200,0,0,0,0,0,0,4,0,0,57,0,0,0,0,0,81,0,0,0,0,0,1,0,0,0,0,0,0,0,5,0,613,0,0,0,0,2,1,0,0,4,0,0,0,0,0,0,0,0,0,69,0,0,2059,0,0,0,0,0,0,284,0,0,0,0,0,2,6,0,0,0,188,0,0,0,16,0,0,0,0,12,0
"351",0,0,0,0,0,0,19,0,0,0,0,0,0,0,16,0,0,0,0,0,0,0,1,0,0,4476,0,2,28,0,0,0,0,525,0,0,12,170,0,1,0,0,0,0,0,0,0,0,0,0,0,0,0,0,0,0,0,0,0,0,0,0,0,0,0,0,0,0,0,0,0,0,0,0,0,0,0,0,0,41,0,0,0,0,0,179,0,0,0,0,0,0,0,0,0,6,2,0,0,0,0,5,0,0,0,0,0,0,1,0,0,81,0,79,0,0,25,0,37,8,0,0,0,0,0,0,0,0,0,0,0,11,0,0,0,0,0,0,0,0,25,1,49,0,0,0,0,0,0,99,0,0,0,0,0,0,0,1,0,0,0,0,0,154,0,0,0,0,0,0,0,1,7,0,0,0,0,0,0,0,0,0,0,1,0,0,0,0,0,1,0,178,9,0,0,1,0,0,5,0,0,1,0,0,0,0,0,0,12,0,0,0,0,0,0,0,0,0,5,0,0,0,0,0,0,0,0,0,0,0,0,0,0,0,1,0,0,0,0,0,0,0,0,0,0,0,0,0,1,0,0,0,0,0,0,0,0,0,0,23,0,0,0,0,0,0,0,0,0,8,0,0,45,3,0,0,0,0,3,2182,0,0,383,0,761,0,0,0,0,0,0,0,0,9,0,0,0,0,0,95,0
"352",8,2,0,0,44,0,1,8,0,0,0,0,8,0,343,0,0,0,0,0,0,0,8,3,0,6192,0,0,0,0,2,0,0,0,0,0,11,32,0,1,4,0,0,87,0,0,0,0,0,1,0,0,0,0,3,22,3,39,0,0,0,2,13,0,2,0,15,0,0,0,21,0,5,2,0,41,0,0,42,0,0,0,0,0,0,1,0,0,0,62,0,51,193,0,0,19,0,30,4,139,0,0,0,0,5,0,0,13,1,0,0,2,0,38,5,0,6,1,0,17,4,0,92,183,225,4,0,0,0,0,0,0,0,0,1,112,158,0,0,0,2,0,0,0,0,0,0,0,0,0,0,0,0,0,1,0,0,5,0,3,0,0,0,0,0,4,0,0,0,0,0,0,0,0,0,0,0,16,15,0,0,0,0,0,0,0,0,0,0,1,0,7,0,0,1,0,0,1,0,0,0,25,0,0,0,0,0,0,0,0,0,0,0,0,0,0,3,0,109,0,0,0,0,0,0,0,0,0,43,0,10,0,0,153,0,5,0,0,0,2,1,22,0,0,0,0,0,0,1,0,0,0,0,0,0,0,1,0,0,0,0,0,0,4,0,0,0,0,0,1116,0,0,35,0,0,0,0,0,6,1,0,85,0,0,0,0,0,0,0,14,0,0,0,0,37,0,0,0,0,0,0
"353",20,60,0,0,12,0,1,8,399,0,0,4,7,1,2,0,0,0,0,0,5,0,19,58,19,1671,15,0,13,67,279,0,0,45,0,0,6,7,0,0,2,8,0,10,0,92,0,3,0,0,8,0,0,0,2,27,0,20,0,16,0,1,13,0,183,0,51,0,0,0,5,0,4,2,0,0,0,0,0,19,0,1,171,0,1,0,1,0,0,0,0,8,1,15,0,0,0,0,22,154,0,0,0,1,34,0,47,39,1,21,9,0,0,33,18,0,77,2,74,0,0,20,0,0,282,0,0,0,0,1,0,55,0,0,0,0,1,0,0,0,0,0,0,0,53,0,0,4,0,0,19,0,0,0,0,0,0,0,2,12,0,0,1,155,0,2,0,0,0,0,0,0,5,0,0,0,0,0,189,8,0,0,0,0,4,0,0,0,2,1,0,60,3,0,51,0,0,1,0,0,0,0,0,0,0,45,7,0,19,11,0,0,0,0,0,0,44,1,0,4,0,46,2,0,0,0,0,0,0,0,58,0,0,842,0,3,14,0,0,8,1,0,0,0,0,0,0,0,1,1,19,2,12,1,4,1,1,3,8,1,2,0,0,0,2,0,0,0,9,41,0,6,61,0,2,0,0,10,3,2602,0,0,29,0,0,0,0,35,6,0,0,0,1,0,13,0,112,0,0,83,0
"354",0,0,0,0,0,0,0,0,0,0,0,0,0,0,0,0,0,0,0,0,0,55,0,0,0,784,0,0,0,0,0,0,0,0,0,0,0,0,0,0,0,0,0,0,0,823,0,0,0,0,0,0,0,0,0,0,0,0,0,263,0,0,0,0,0,0,0,0,0,177,0,0,0,0,0,0,0,0,0,508,0,0,0,0,0,1,0,0,0,0,0,0,0,0,0,0,0,0,0,0,0,3,0,32,0,0,0,134,0,63,0,0,1,13,0,0,88,0,186,0,0,0,0,0,30,0,29,0,0,0,0,0,0,0,0,0,0,0,0,0,0,0,0,0,0,0,31,38,0,1,0,0,0,0,0,0,0,0,16,100,0,0,0,1626,0,1,0,0,0,0,0,0,1,0,0,0,0,216,130,0,0,0,0,0,0,0,0,0,0,1,0,140,0,0,0,0,0,0,0,0,0,0,0,173,0,0,0,0,1,0,0,0,0,0,117,0,209,0,79,0,0,0,0,51,0,0,0,0,71,0,0,0,0,0,0,0,0,0,0,0,0,0,0,0,0,14,0,0,0,0,0,6,0,0,39,0,0,0,0,0,0,0,0,1,318,0,0,0,161,1,0,0,0,0,0,0,0,0,0,2622,0,1,373,0,0,0,0,0,0,86,0,0,0,0,0,0,0,0,0,0,0
"355",0,1,1,0,0,1,1,21,0,1,2,0,3,0,12,0,4,1,3,0,20,32,0,5,0,1688,0,0,87,60,1,0,0,29,0,0,1,79,1,0,0,0,0,22,0,216,0,3,0,0,17,1,1,0,20,1,0,0,0,188,2,67,0,4,0,5,269,0,0,132,22,0,0,0,0,0,0,5,0,44,0,0,234,0,15,14,16,0,0,40,0,12,1,0,0,0,0,0,4,6,0,0,0,0,11,1,0,13,1,0,0,0,0,20,12,0,2,0,410,0,0,14,0,0,38,22,0,0,9,0,17,111,0,0,0,0,26,0,1,0,14,1,0,1,0,0,51,13,0,0,15,1,0,29,0,0,1,1,0,52,0,0,0,0,1,0,1,0,3,0,27,0,0,0,0,0,2,141,259,3,0,0,0,1,14,0,0,0,0,0,23,77,0,3,1,0,0,1,1,151,0,1,0,1006,0,88,0,1,5,1,70,0,0,0,0,8,0,218,233,21,41,11,0,0,0,1,1,0,5,0,42,9,2,197,0,0,3,0,3,6,4,0,0,0,3,0,0,0,1,0,0,2,12,0,4,48,156,0,1,5,2,0,1,8,1,0,0,0,16,2,0,3,386,1,0,0,0,2,7,1506,0,0,211,0,0,0,0,0,0,82,0,0,0,0,0,0,6,0,0,200,0
"356",0,0,0,0,0,0,1,10,0,0,0,0,0,236,47,0,0,0,0,0,0,28,0,1,0,2814,0,3,2,0,71,340,0,273,0,0,9,0,2,0,0,0,186,0,0,528,0,0,0,0,0,0,0,0,0,0,1,0,0,224,0,9,0,0,0,0,61,0,0,0,27,0,0,0,0,0,0,0,0,49,4,0,9,0,0,1,82,0,1,38,0,0,3,0,0,6,0,0,49,0,0,0,0,0,0,3,57,22,1,0,0,0,11,125,17,0,2,0,0,0,4,17,0,0,0,0,0,0,0,0,19,6,0,0,0,0,8,0,0,0,45,0,0,0,0,0,9,0,0,0,10,0,0,7,2,0,0,0,0,35,0,4,0,100,0,0,0,2,0,0,5,0,0,0,0,0,1,45,319,0,0,0,0,0,0,0,0,0,0,2,1,215,0,1,1,0,0,0,0,0,0,0,0,1,0,35,0,0,10,1,0,0,0,0,0,0,198,3,67,0,0,6,0,1,0,0,0,0,207,0,41,0,0,11,0,0,0,0,0,2,2,1,0,0,0,0,0,0,1,0,0,4,0,1,1,92,22,0,9,0,4,0,0,1,0,0,0,0,0,1,0,0,8,0,2,1,0,1,3,2096,0,0,339,0,0,0,0,1,2,0,0,0,0,0,276,0,80,0,0,44,0
"357",0,0,0,0,40,10,1,37,0,0,0,0,20,69,12,0,0,0,0,0,86,33,0,0,0,763,114,0,1,99,359,0,0,193,0,0,7,19,1,0,0,18,0,59,0,156,0,11,0,0,5,5,0,0,34,22,0,0,2,52,0,84,0,0,3,0,39,0,7,50,90,0,4,104,0,64,0,0,0,48,0,55,0,2,26,0,0,0,0,58,1,3,0,0,0,0,0,60,324,238,4,0,0,0,13,1,3,445,0,0,0,0,0,53,33,0,278,0,51,0,0,161,0,1,1256,161,43,8,0,14,35,0,0,0,0,0,1,0,0,0,18,0,0,0,72,0,67,13,0,0,0,150,0,0,3,0,0,0,0,70,0,0,0,332,0,1,0,0,0,0,1,0,0,0,0,0,4,0,329,1,0,3,0,0,21,0,0,0,0,1,0,63,0,0,353,0,0,0,0,0,0,0,0,0,0,21,2,0,0,0,1,0,4,0,0,1,66,25,352,0,0,14,0,0,0,0,0,0,198,6,110,1,0,227,0,0,0,0,0,221,53,0,0,0,0,0,0,0,0,4,0,3,28,0,0,11,15,0,19,9,0,0,4,3,0,0,0,64,55,10,0,74,132,0,0,0,0,0,0,980,0,0,434,0,0,0,0,0,74,17,0,0,0,2,0,0,3,0,0,100,0
"358",0,3,0,0,0,0,1,0,0,0,1,0,0,0,4,0,0,0,0,0,15,41,0,12,0,2254,1,0,8,0,159,0,0,0,2,0,31,111,0,0,0,0,0,56,0,32,0,0,0,1,0,0,0,0,0,0,0,1,0,0,0,0,0,0,0,0,0,0,0,0,0,0,0,17,0,0,0,0,0,32,0,1,0,0,0,1,1,0,0,0,0,3,4,0,0,0,21,0,28,0,0,36,0,0,0,0,0,1426,0,0,0,0,0,131,0,0,0,1,105,0,0,0,0,0,339,0,0,0,0,0,41,773,0,1,0,0,8,0,0,0,26,0,0,18,0,0,0,1,0,0,0,9,0,16,0,0,58,0,0,20,0,0,0,0,0,1,0,0,0,137,0,0,0,0,0,0,0,38,0,2,0,0,0,0,8,0,0,0,0,0,0,45,2,0,0,0,0,0,0,0,0,0,0,1,0,6,0,0,0,3,0,0,0,0,0,0,0,0,47,0,0,0,1,0,0,0,0,0,0,0,43,1,0,69,0,0,0,0,0,12,0,0,0,0,0,0,0,1,0,0,7,0,0,0,0,4,11,0,0,20,6,0,0,10,56,0,0,0,7,7,0,0,680,0,0,0,1,0,0,2558,0,0,157,0,0,0,0,29,0,8,0,0,0,0,9,0,3,0,0,71,0
"359",0,0,1,0,0,0,6,0,0,0,0,0,6,0,2,0,0,0,0,0,0,0,0,0,0,2538,0,0,6,20,1,47,0,93,0,0,0,56,0,0,0,0,0,0,0,0,0,0,0,0,0,0,2,0,0,0,0,0,0,0,0,0,0,0,0,0,102,0,0,0,0,0,0,0,0,0,0,0,0,0,0,0,0,0,0,14,0,1,0,0,0,3,1,0,0,0,0,0,0,0,0,19,0,0,0,0,0,755,0,0,0,0,0,0,3,0,0,0,476,3,0,0,0,0,0,0,0,0,0,0,0,1220,0,0,0,0,0,0,50,0,528,1,0,1,0,0,23,0,0,0,0,16,1,41,0,0,1,0,0,0,0,0,0,0,0,0,0,0,0,0,0,0,0,0,11,0,0,0,0,0,0,0,0,1,31,0,0,0,0,0,1,0,0,0,0,0,0,0,0,0,0,1,0,0,0,0,0,0,0,0,0,0,0,0,0,0,0,0,5,0,67,0,0,0,0,0,0,0,0,0,0,0,0,51,0,0,0,0,0,148,0,0,18,0,2,0,0,0,0,0,0,0,0,1,0,0,19,0,0,0,4,0,0,0,1,0,0,0,0,4,0,0,704,3,4,0,0,1,0,3074,1,0,57,0,0,15,0,1,0,0,0,0,0,0,0,0,3,0,0,25,0
"360",0,0,0,0,0,0,3,29,0,0,0,1,0,0,14,0,0,1,0,3,111,44,0,72,0,0,0,0,31,5,293,0,0,0,0,0,4,37,0,9,0,19,0,0,0,551,0,1,0,1,5,0,0,3,218,1,0,0,1,267,0,0,1,0,0,0,249,0,0,23,0,0,0,0,0,0,0,0,1,140,0,0,58,2,1169,0,0,0,0,14,0,5,1,0,80,8,0,0,0,0,0,0,0,0,1,3,0,0,0,18,0,0,0,0,0,0,0,0,48,11,0,42,0,1,0,0,0,25,0,0,17,239,0,0,0,0,12,0,0,0,0,0,0,0,205,0,7,0,0,4,0,0,0,0,1,0,0,0,26,57,0,0,0,734,0,0,0,0,0,0,2,0,2,1,0,0,9,0,13,0,0,0,0,14,29,0,0,529,0,18,0,415,0,0,172,0,0,0,0,0,0,0,0,19,0,2,1,0,0,0,101,7,0,46,0,0,4,56,0,0,0,74,0,0,0,0,262,0,28,4,140,22,0,40,0,0,0,0,0,67,39,0,0,0,0,7,0,0,0,0,0,0,0,0,15,6,0,0,120,0,3,0,0,14,0,0,1,0,14,0,15,207,0,0,11,3,0,0,0,2170,0,0,0,0,0,0,0,0,34,8,0,0,0,0,1,0,16,0,0,75,0
"361",0,0,0,0,0,0,23,0,0,0,0,1,0,0,5,0,0,1,0,0,15,5,0,30,0,2502,1,0,21,0,0,0,0,75,0,0,305,0,0,0,1,1,0,57,0,88,0,1,0,0,0,0,0,0,0,0,0,0,0,9,0,10,0,0,0,4,81,0,0,0,6,0,0,19,0,0,0,0,0,107,5,1,0,0,38,0,493,0,0,28,0,5,18,0,0,1,0,0,6,0,0,0,1,1,1,5,3,2487,0,0,0,0,0,1,8,0,0,0,9,0,0,0,0,1,6,1,0,0,1,0,0,139,0,0,0,0,5,0,0,0,10,0,0,0,51,0,30,1,0,0,5,83,0,1,1,0,0,0,0,29,0,0,0,1,0,0,0,0,0,0,0,0,4,0,0,0,0,4,35,4,10,0,0,0,4,0,0,70,0,0,23,15,0,0,130,0,0,0,0,0,4,0,0,25,0,3,0,0,0,10,0,0,5,0,1,0,0,0,233,2,0,1,0,0,0,4,0,0,24,2,137,1,0,294,0,0,0,0,0,0,0,0,0,0,0,4,0,1,0,0,0,0,3,0,1,9,18,0,6,0,1,0,0,1,0,0,0,0,0,0,0,7,83,0,0,0,0,1,4,1447,1,0,54,0,0,0,0,1,4,4,0,0,5,0,20,0,17,17,0,16,0
"362",8,0,0,6,34,0,1,0,26,0,0,0,0,0,1,0,19,0,0,0,0,9,0,5,0,820,27,0,6,0,13,0,0,58,0,0,0,16,0,0,3,10,38,10,0,0,0,0,0,0,0,0,0,0,0,0,0,37,2,1,0,0,0,0,1,0,37,7,0,0,7,0,0,0,0,0,0,0,0,3,0,0,0,0,0,0,0,0,0,0,0,3,24,0,0,0,0,0,0,179,0,0,0,0,0,0,0,3292,0,7,1,0,0,0,36,0,0,0,46,0,3,36,28,1,40,0,99,0,0,0,0,227,0,0,0,0,6,0,0,0,9,0,0,0,0,406,19,0,0,116,0,0,0,0,0,0,0,0,0,12,0,0,0,137,8,1,0,1,0,0,1,0,0,2,0,0,0,0,10,0,0,0,0,0,2,0,0,0,0,0,1,121,0,5,0,0,0,0,0,0,0,0,0,0,0,30,0,0,12,1,0,0,0,0,0,0,57,0,106,0,0,1,0,0,0,0,0,0,21,0,96,0,0,663,0,0,0,0,0,0,0,0,0,0,0,0,0,0,0,0,0,1,0,0,0,7,15,0,0,0,1,0,0,1,0,0,0,0,0,15,0,0,266,0,0,0,0,3,3,1727,0,0,0,0,0,0,0,3,9,0,0,0,0,0,150,0,24,0,0,92,0
"363",28,17,0,0,13,0,1,0,0,0,0,9,54,0,2,0,0,0,0,0,0,17,0,0,0,184,20,0,1,0,0,0,0,34,0,0,1,0,0,0,0,9,0,0,0,1,0,32,11,0,0,1,0,0,5,16,0,0,4,1,0,0,0,4,0,0,0,0,9,0,5,0,26,0,0,0,0,0,0,2,147,0,26,0,0,22,1104,0,0,0,0,1,23,0,30,0,0,21,14,109,13,197,1,0,12,1,0,196,1,1,0,1,0,0,12,0,6,1,0,8,7,0,0,75,0,4,0,7,0,0,26,0,0,0,0,0,12,3,1,0,316,2,0,16,0,5,0,6,0,0,0,0,0,0,182,0,0,133,0,14,0,0,0,0,0,0,1,0,0,0,0,0,4,0,0,8,0,0,0,0,0,0,0,0,0,0,0,0,0,1,0,24,1,8,0,0,0,0,0,0,0,1,0,0,0,24,3,0,0,0,2,0,0,0,0,0,0,5,39,0,0,34,0,0,0,1,1,0,9,0,0,0,0,0,0,0,0,0,3,1,5,0,0,0,0,0,0,0,1,0,0,0,0,1,0,12,0,0,0,5,0,0,0,4,0,0,0,0,0,3937,2,0,312,0,0,0,0,0,0,1505,1,0,6,0,0,0,0,0,0,0,0,0,0,0,0,0,17,0,0,14,0
"364",207,0,20,0,22,0,5,1,76,0,0,0,12,0,12,0,42,0,0,1,26,27,0,1,0,719,34,0,1,81,93,0,0,160,0,0,1,11,0,0,0,19,0,0,0,129,0,11,0,0,0,0,0,0,5,16,0,0,3,65,0,0,0,0,0,0,172,0,0,61,44,0,0,6,0,0,0,0,0,45,0,0,42,0,0,0,1,0,0,20,0,7,3,0,0,8,0,22,33,221,10,0,0,0,0,1,8,143,0,0,0,0,0,50,77,0,294,0,340,46,24,0,15,1,31,88,0,0,0,0,4,11,0,1,0,0,3,1,0,0,9,0,0,0,0,0,0,1,0,0,7,0,0,0,0,0,0,0,0,34,0,0,0,11,0,0,1,0,0,0,4,0,0,0,0,0,0,20,521,1,0,0,0,0,20,0,0,0,0,0,0,90,1,0,370,0,0,1,0,0,0,0,0,99,0,22,0,0,7,1,0,0,0,5,3,0,122,0,89,0,82,0,0,0,0,0,0,0,65,0,100,0,0,386,0,0,0,0,0,164,0,0,0,0,74,0,0,1,0,0,0,0,0,0,0,64,6,0,0,48,3,0,0,1,0,0,0,0,0,744,0,42,1623,0,0,0,0,0,0,1623,0,0,179,0,0,0,0,0,0,9,0,0,0,0,8,0,8,0,0,72,0
"365",261,0,0,0,26,0,0,0,0,0,0,0,0,0,1,0,0,0,0,0,0,65,9,0,0,575,0,0,0,0,85,0,0,0,0,0,4,103,0,0,0,24,0,0,3,0,0,0,2,0,0,0,0,0,0,0,0,0,0,0,0,0,0,0,0,0,232,0,14,129,0,0,5,0,0,0,37,0,0,0,0,8,0,9,0,0,0,0,0,0,0,1,0,0,0,0,0,121,93,210,0,0,0,0,0,0,0,52,0,528,0,55,0,0,29,0,363,1,72,0,0,85,0,1,0,0,0,0,0,0,0,0,0,0,0,0,0,0,0,0,5,0,0,83,0,0,0,89,0,0,0,0,0,38,0,0,1,0,0,0,0,0,0,0,0,0,0,0,0,0,0,0,820,0,0,7,0,0,101,0,0,0,0,0,0,0,0,0,0,0,0,45,0,0,0,0,0,0,0,0,0,0,0,0,385,3,0,0,0,1,0,0,0,0,0,0,0,0,0,0,0,38,0,0,0,0,0,0,44,0,0,0,0,464,0,0,0,0,0,0,0,0,0,0,0,1,0,0,0,0,0,0,0,0,0,0,0,0,0,0,0,0,0,5,0,0,0,0,0,95,0,0,410,0,0,0,0,0,0,3501,1,0,336,0,0,0,0,0,0,0,0,0,0,0,0,0,0,0,0,47,0
"366",0,0,0,0,0,0,0,0,0,0,0,0,14,0,21,0,0,0,0,0,0,127,0,11,0,0,0,49,56,229,0,0,0,0,0,0,0,0,0,0,0,0,0,0,0,0,0,0,0,0,0,0,0,0,0,0,0,0,0,0,0,0,0,0,0,0,0,0,0,0,0,0,0,0,0,2999,0,5,0,0,0,0,0,0,0,19,0,0,0,0,0,0,30,0,0,0,0,0,0,0,0,0,0,0,0,0,0,0,0,0,0,0,0,0,0,0,0,0,0,0,0,0,0,1,1673,0,0,0,0,0,0,0,0,0,0,0,132,20,20,0,75,0,0,0,0,0,0,0,0,0,0,0,0,0,0,0,0,0,0,0,0,0,0,0,0,0,0,0,0,33,0,0,0,0,0,0,0,0,0,0,0,0,0,0,0,0,0,0,0,0,0,0,15,0,0,0,0,0,0,0,0,0,0,15,0,0,0,0,0,77,0,0,0,0,0,0,0,0,919,0,0,0,0,0,0,0,0,0,0,0,0,0,0,0,0,0,0,0,0,0,0,0,0,0,0,0,0,1,0,0,0,0,0,4,10,11,24,0,0,0,0,0,0,0,0,0,0,0,0,0,0,0,1345,104,0,0,0,0,0,0,0,15,0,0,0,0,0,0,0,0,0,0,0,0,0,0,283,0,0,0,0
"367",0,0,0,1,0,0,0,0,0,0,0,0,2,2,4,0,0,0,0,0,0,45,0,0,0,152,0,0,15,20,0,0,0,264,0,0,217,0,11,0,0,0,0,0,0,0,0,0,0,0,0,0,0,0,0,0,0,0,0,0,0,9,1,0,0,5,0,1,0,0,17,0,0,0,0,0,0,0,0,0,0,0,0,0,3,1,0,0,0,324,0,25,17,0,0,0,0,0,0,0,5,24,0,0,45,0,0,8,1,0,0,0,0,0,12,0,3,35,122,31,0,0,0,46,0,0,0,0,0,0,0,14,0,1,0,0,72,0,0,0,3,13,0,0,0,0,0,0,0,0,1,0,1,0,1,0,0,1,44,0,0,0,0,0,0,0,0,0,0,0,0,0,516,0,0,0,0,0,0,0,0,0,0,0,0,0,0,0,0,12,0,0,3,0,0,0,0,0,0,0,10,1,0,0,0,8,0,0,20,1,0,0,0,0,0,0,0,0,39,15,0,0,0,0,1,0,0,0,119,0,0,0,0,363,0,0,0,0,0,0,0,0,101,0,0,0,0,0,1,0,0,0,0,0,0,2,1,0,0,10,0,0,0,0,0,2,0,0,0,929,0,0,945,11,1,0,0,1,0,3254,0,0,521,0,631,0,49,0,0,0,0,0,0,0,0,0,123,0,0,81,0
"368",0,0,0,0,0,0,17,0,0,0,1,0,0,0,12,1,0,0,1,0,3,1,0,0,0,4856,0,0,14,12,1,0,2,10,0,0,4,1,1,0,0,0,0,2,0,91,0,0,0,0,1,0,0,0,1,0,0,0,0,1,1,1,0,0,0,0,11,0,6,76,1,1,0,18,0,0,0,0,0,1,0,0,0,0,1,3,0,0,0,10,0,2,0,0,0,0,0,0,5,0,0,0,0,0,0,0,0,164,0,0,1,0,0,11,1,0,8,1,5,0,0,0,0,0,78,0,0,0,0,0,1,88,0,0,0,0,81,0,0,0,14,0,0,1,0,0,1,1,0,0,1,1,0,18,1,0,3,1,0,1,3,2,0,0,0,0,1,0,0,4,0,0,1964,0,0,0,0,1,1,0,0,0,0,3,1,0,1,0,0,0,0,5,3,1,1,0,0,1,0,0,0,1,0,0,141,8,0,0,16,2,88,0,0,0,10,0,0,1,1,0,1,1,0,0,0,0,0,0,2,0,21,0,1,1546,0,0,1,0,0,1,1,0,51,0,0,0,0,0,1,0,0,1,1,0,1,2,0,0,1,2,0,0,1,3,2,1,0,0,1,5,6,1,218,2,0,0,0,0,1,996,0,0,1,0,0,0,0,0,8,1,0,0,0,0,0,0,14,0,0,8,0
"369",0,0,0,1,0,0,80,0,0,0,0,0,0,991,25,0,0,0,0,0,0,0,0,5,0,0,0,0,87,0,46,0,0,216,0,0,8,0,0,0,0,0,0,40,3,0,0,0,0,3,0,0,0,0,0,0,0,6,0,0,0,0,1,0,0,0,0,0,0,0,0,0,0,0,0,0,0,0,0,0,0,0,0,0,0,9,4,0,0,0,0,68,0,0,0,2,0,0,0,0,0,4,0,0,27,0,0,2,0,0,0,0,0,0,0,0,0,1,0,0,0,0,0,0,558,0,0,0,0,0,0,156,0,0,0,0,4,0,0,0,0,0,0,0,0,0,0,0,0,0,7,0,0,0,0,0,0,166,0,135,0,0,0,0,0,0,0,0,0,0,12,0,0,0,0,0,0,0,45,0,0,0,0,0,0,0,0,0,0,0,0,94,0,1,0,13,0,0,0,0,0,0,0,0,2,0,0,0,7,18,0,0,0,0,0,0,0,0,0,0,0,0,0,0,0,0,0,0,0,0,0,0,0,333,0,0,0,0,0,0,0,0,0,0,0,0,0,0,0,0,0,0,0,0,0,0,0,0,0,0,0,0,0,0,0,0,0,0,0,13,0,0,481,0,28,0,0,0,0,5418,0,0,190,0,0,0,0,0,0,0,0,0,0,0,139,0,8,0,0,175,0
"370",22,0,0,0,0,6,1,3,412,0,0,0,8,31,1,0,0,0,0,0,10,9,0,0,1,2625,11,0,1,11,1,0,0,19,0,0,1,5,1,0,1,6,0,3,0,1,29,0,0,0,0,0,0,0,1,5,0,9,0,26,1,2,0,0,0,0,182,0,82,0,4,2,4,1,0,0,0,0,0,16,20,11,0,0,1,0,0,0,0,25,0,1,2,0,0,0,0,17,2,243,0,0,0,0,7,1,0,586,1,0,0,0,0,13,22,0,0,3,61,6,2,6,0,0,1,135,0,0,0,0,1,2,0,0,0,122,1,0,0,0,3,0,23,0,1,0,0,7,0,0,1,4,0,56,4,0,0,0,0,2,0,2,1,0,0,0,0,0,0,0,22,0,0,0,0,0,1,4,81,0,0,0,0,0,7,0,0,0,0,1,0,5,1,1,1,0,0,1,1,0,0,1,0,1,0,20,4,0,8,0,0,0,0,1,11,1,53,0,47,4,17,0,1,0,0,0,1,0,1,7,27,0,0,841,0,0,1,0,0,3,1,0,0,0,0,0,0,0,1,1,1,4,5,0,2,4,9,1,2,1,0,0,3,1,0,0,0,0,57,1692,0,1,6,0,0,0,3,1,3,1819,0,0,1,0,0,0,0,0,25,3,0,0,0,0,1,2,2,0,0,44,0
"371",0,0,0,0,145,0,0,12,888,0,0,5,0,0,23,0,0,0,0,8,0,20,28,0,0,1289,62,0,0,10,0,0,0,0,0,0,4,1,0,4,0,87,0,64,0,8,0,0,2,0,0,0,0,11,0,51,0,0,0,0,0,0,0,0,0,0,18,0,0,0,0,0,102,9,0,0,0,0,0,10,0,0,0,0,0,0,0,0,0,66,1,0,0,0,0,4,0,30,14,263,0,0,0,0,0,0,44,150,0,422,0,51,0,16,0,0,16,0,46,0,7,25,0,1,69,0,0,0,0,0,0,78,0,0,0,0,103,0,0,0,322,0,0,0,0,475,0,85,0,18,45,0,0,0,6,0,26,133,0,0,0,0,0,1,0,0,0,0,0,1,10,0,1,0,0,0,0,2,9,0,18,0,0,0,5,0,0,7,0,0,0,18,1,0,0,0,0,1,0,0,0,0,0,0,0,0,0,0,0,6,0,0,13,1,2,0,0,51,99,0,1,23,0,0,0,0,0,0,6,0,124,0,0,91,0,0,0,0,0,0,31,0,0,93,0,0,0,0,0,0,0,0,0,0,5,0,0,0,0,89,11,0,0,0,0,0,0,0,7,422,76,0,1091,0,0,0,0,0,6,2071,0,3,232,0,0,0,19,0,0,152,0,0,0,0,43,0,43,0,0,3,52
"372",19,0,0,1,0,0,0,0,0,0,0,0,0,0,0,0,0,0,0,0,0,135,0,1,0,452,0,0,1,0,137,0,0,91,0,0,0,1,0,0,0,0,0,31,0,33,0,0,0,0,0,0,0,0,0,0,0,0,0,50,0,0,0,0,0,0,0,0,0,0,0,0,0,0,0,0,0,0,0,0,0,0,509,0,0,0,0,0,0,70,0,1,0,0,0,1,0,0,56,0,0,9,0,0,1,0,58,3162,0,0,0,0,0,0,0,0,0,1,0,0,0,0,1,1,1353,0,1,0,0,0,34,154,0,0,0,0,1,0,0,0,6,0,0,0,0,0,0,16,0,0,29,0,0,0,1,0,0,0,0,30,0,0,0,0,0,0,0,1,0,0,0,0,0,0,11,38,0,0,16,1,0,0,0,0,17,13,0,0,0,0,0,128,0,0,0,0,0,0,0,0,1,0,0,0,0,4,0,0,1,1,0,0,0,0,0,0,5,0,0,0,54,0,0,0,0,0,0,0,0,0,68,0,0,141,0,0,0,0,0,0,0,0,0,0,3,0,0,1,0,0,0,1,13,0,0,0,0,0,7,0,0,0,0,0,0,0,0,0,0,1,0,57,286,0,1,0,0,0,6,1824,0,0,493,0,0,0,0,0,0,55,0,0,0,2,23,0,3,0,0,39,0
"373",74,19,0,1,94,0,0,0,27,0,0,0,8,0,13,0,0,0,0,0,0,0,0,0,0,2737,34,0,35,28,0,0,0,0,0,0,0,0,0,0,0,41,0,0,0,0,0,36,23,1,25,0,0,0,10,0,0,0,0,294,0,0,0,0,0,0,306,0,0,0,135,0,6,20,0,0,0,0,0,0,0,0,0,1,0,1,0,0,0,0,0,0,20,0,0,6,0,22,0,373,0,0,0,24,0,0,6,46,0,0,0,0,0,822,0,0,8,1,322,0,0,0,0,1,0,0,0,0,0,55,28,0,0,0,0,18,95,0,0,0,1,0,0,0,61,0,0,23,0,0,0,0,0,0,0,0,0,0,0,0,0,0,0,0,0,0,0,0,0,0,0,0,1,0,0,0,7,0,583,0,0,0,0,0,0,0,0,1,0,1,0,0,0,0,0,0,0,0,0,0,0,0,0,189,0,0,7,1,0,34,0,0,0,0,0,0,0,105,127,0,0,0,0,0,0,46,0,4,0,0,0,1,0,391,0,0,12,0,0,15,0,0,0,0,0,0,0,0,0,0,0,5,0,0,0,19,0,0,0,38,0,0,0,6,1,0,1,1,0,6,0,0,42,1,0,0,0,4,0,1336,0,1,639,0,1,0,0,13,0,0,0,0,0,0,0,0,0,0,0,239,0
"374",0,0,0,0,0,0,0,0,0,0,0,0,0,0,4,0,0,0,0,0,0,124,0,0,0,1091,0,0,0,0,302,0,0,0,0,0,4,254,0,0,1,0,0,40,0,0,0,0,0,0,0,0,0,0,22,0,0,0,0,0,0,0,0,0,0,0,231,0,0,0,31,0,0,1,0,0,0,0,0,56,0,0,222,0,0,27,167,0,0,29,0,3,0,0,0,0,0,0,60,0,0,0,0,0,0,0,0,182,0,0,0,0,0,21,13,0,0,0,155,0,0,0,0,7,7,0,0,0,0,0,0,1,0,0,0,0,522,0,0,0,8,0,0,0,0,0,0,0,0,0,0,0,0,4,1,0,0,0,0,0,0,0,0,0,0,0,1,0,0,3,0,0,0,0,0,0,0,0,262,0,0,0,0,0,0,0,0,0,0,0,26,118,1,0,0,0,0,0,0,0,0,0,0,19,0,2,0,0,1,0,0,0,0,0,3,0,470,0,8,1,0,0,0,0,0,0,0,0,21,2,69,0,0,357,0,0,0,0,0,0,0,0,0,0,0,0,0,0,0,0,0,0,29,0,42,0,1,0,0,0,0,0,0,9,0,4,0,0,0,2740,0,0,87,0,0,0,0,0,4,1194,0,0,310,0,0,0,0,0,0,0,0,0,0,0,96,0,38,0,0,58,0
"375",0,0,0,1,0,0,17,0,442,0,0,0,8,0,8,0,0,0,0,0,33,34,4,13,0,520,0,0,8,0,377,0,0,0,0,0,8,79,0,0,4,55,0,38,0,162,0,0,0,0,0,13,0,0,0,0,0,0,0,0,0,0,0,0,0,0,359,0,10,0,159,0,0,7,1,0,0,0,0,0,0,0,0,0,5,0,0,0,0,0,8,40,2,52,0,4,0,21,24,350,0,0,0,0,0,0,0,1184,2,0,2,11,0,0,0,0,4,25,0,1,0,0,4,0,0,0,0,0,0,35,0,5,129,5,0,114,0,3,0,0,0,0,41,0,0,364,0,0,0,185,13,0,0,0,0,0,1,0,0,27,0,7,0,0,0,2,0,0,0,0,0,0,1,0,0,0,0,0,760,0,0,0,0,0,0,3,0,0,0,15,0,49,3,0,0,1,0,0,0,0,0,1,0,0,1302,0,0,0,6,3,0,0,8,0,0,0,0,30,26,0,0,0,0,0,0,0,0,0,0,0,77,0,0,169,0,0,0,0,3,0,10,1,48,0,0,0,0,0,1,0,1,0,0,0,16,0,0,0,0,0,0,0,0,0,0,0,0,0,0,7,0,0,5,0,1,0,0,6,5,610,0,0,681,0,0,0,0,0,45,0,0,0,0,0,10,0,7,0,0,0,0
"376",0,0,0,0,28,16,1,31,65,0,0,0,0,41,3,0,0,0,0,0,0,25,0,43,0,16,0,0,30,0,81,0,0,19,0,0,108,1,9,0,8,108,0,0,0,1,0,0,0,0,0,11,0,0,166,34,0,0,0,165,0,0,0,0,95,0,148,0,0,0,58,0,0,11,0,0,0,0,0,41,0,0,297,0,0,0,112,0,0,32,0,8,7,0,0,148,0,0,42,191,0,0,0,0,0,0,0,1212,286,0,0,0,0,0,8,0,0,13,16,0,0,19,0,0,0,46,0,0,0,0,0,106,0,0,0,0,6,0,0,0,530,0,0,0,0,0,0,10,0,0,0,0,0,0,118,0,0,0,0,0,0,0,0,0,0,0,0,0,0,0,56,0,0,0,0,0,0,0,12,0,0,0,0,0,12,0,0,0,0,1,0,20,0,0,105,0,0,5,0,0,3,0,0,0,99,52,0,0,0,0,0,0,0,0,0,0,144,0,1251,0,0,58,0,0,0,0,0,0,0,0,94,0,0,297,0,0,0,0,0,75,4,0,0,0,0,80,0,0,1,0,0,0,66,0,0,0,0,0,17,0,4,0,0,34,0,0,0,0,0,153,0,0,900,0,1,0,0,0,76,449,0,0,379,0,0,0,0,0,135,38,0,0,0,0,0,0,6,0,0,29,0
"377",0,0,0,1,28,7,1,0,29,2,0,0,5,221,19,0,0,0,0,0,0,8,0,6,0,1698,19,0,6,0,0,0,1,15,1,9,9,2,1,0,3,39,0,12,17,35,0,5,1,0,0,0,0,0,0,5,0,0,0,19,0,3,4,1,0,0,0,0,1,0,7,0,0,0,140,0,0,0,0,0,20,0,0,0,1,5,0,0,0,11,6,38,73,0,0,85,0,14,28,106,3,0,0,0,23,0,28,67,1,0,1,2,0,102,2,0,10,1,0,0,0,33,0,0,0,52,0,0,0,0,0,6,101,17,0,89,214,4,0,0,0,0,0,0,0,0,0,4,0,0,0,0,0,0,1,0,0,2,0,27,0,0,0,0,0,1,2,0,0,3,0,0,0,0,0,0,0,19,0,0,0,1,0,0,0,1,0,0,0,2,0,12,1,0,1,0,17,0,1,0,0,1,0,927,0,0,0,0,16,2,0,0,0,0,26,0,0,1,4,0,0,0,41,0,0,14,0,0,175,10,0,3,0,1157,0,5,0,0,2,12,0,0,27,0,0,0,0,0,1,0,105,0,0,0,4,26,0,0,3,0,0,32,0,3,0,1,0,620,140,79,20,0,532,0,1,0,0,0,1,1498,0,0,111,0,0,0,0,0,0,0,0,0,0,0,0,0,3,0,0,7,3
"378",0,0,0,0,188,0,0,0,41,0,0,0,0,3,0,0,17,0,0,0,0,9,0,0,0,197,0,0,23,62,156,0,0,14,0,0,37,50,0,0,0,32,0,52,5,1,0,0,0,0,0,165,0,0,0,60,0,0,0,1,0,0,0,0,0,0,106,0,7,28,33,0,0,0,0,0,0,0,0,0,0,3,20,0,0,1,0,0,0,85,0,0,0,0,0,0,10,36,58,1285,14,0,0,0,0,20,0,3053,0,0,0,0,11,0,0,0,0,0,20,0,0,0,0,1,15,0,48,12,0,0,79,420,0,0,0,183,0,0,0,0,34,0,0,0,0,0,0,0,0,0,3,0,0,0,1,0,0,0,0,43,0,0,0,764,0,0,0,0,0,0,0,0,0,0,62,0,0,0,3,0,0,1,0,0,9,0,0,0,0,0,0,24,0,0,0,0,0,0,0,0,0,0,0,0,0,0,1,0,0,8,205,129,8,0,0,0,2,0,0,0,0,0,0,0,0,0,0,0,50,0,14,0,0,106,0,0,0,0,0,0,0,0,242,0,4,51,1,0,0,0,0,0,0,0,0,0,0,0,0,0,0,0,0,0,0,0,0,0,4,12,0,0,196,0,0,0,0,0,0,1015,0,0,20,0,0,0,0,0,6,45,0,0,0,0,0,0,6,0,0,21,0
"379",15,0,0,12,39,0,3,0,0,0,0,0,0,0,0,0,0,0,0,0,0,0,39,0,0,1331,0,0,0,0,0,0,0,70,0,0,1,116,0,0,8,0,0,0,0,137,0,0,0,0,0,0,0,0,0,55,0,32,22,0,0,0,0,0,0,0,126,0,0,0,0,0,0,0,3,14,0,0,0,1,0,0,0,0,0,0,0,0,0,0,0,26,3,0,0,0,0,40,34,1546,0,358,0,0,0,0,0,3,94,13,0,0,0,0,0,0,68,1,36,72,0,145,107,224,27,149,0,0,0,0,105,0,0,4,0,0,1,0,0,0,0,0,0,0,0,0,0,0,0,0,0,0,1,0,3,0,0,0,0,147,0,0,0,443,0,0,0,0,0,0,0,0,11,0,0,100,0,0,0,0,0,0,0,0,0,0,1,0,0,0,0,29,1,0,0,0,0,0,0,0,0,0,0,0,254,1,0,0,0,0,0,0,25,0,2,0,0,0,0,0,0,0,0,0,0,0,0,0,0,0,0,0,0,583,0,0,0,0,0,0,0,0,0,0,0,0,1,0,0,0,0,0,0,0,0,0,0,0,0,0,0,0,0,0,0,0,0,0,0,13,0,0,1422,0,0,0,0,0,5,1860,0,0,292,0,0,0,0,0,0,16,0,0,0,87,26,0,0,0,2,0,0
"380",0,19,0,42,43,10,0,26,0,0,0,0,34,0,0,4,26,0,0,0,0,18,0,0,0,1406,98,36,7,22,1,0,0,0,0,0,4,0,1,0,14,0,204,0,0,70,0,0,0,0,0,20,0,0,41,49,0,0,0,38,0,0,0,4,15,0,17,0,0,47,100,0,12,0,0,118,67,0,0,0,450,0,7,0,386,3,0,0,0,92,0,0,0,0,0,0,0,48,32,463,0,0,27,8,0,5,0,42,146,30,0,108,0,18,71,0,19,0,43,0,22,0,0,1,7,409,0,0,0,0,17,39,0,0,0,0,4,0,0,0,20,0,0,0,7,0,56,25,0,0,0,0,1,0,3,0,0,0,0,0,0,0,6,0,0,0,0,0,0,0,1,1,0,0,0,111,0,143,1,0,0,0,0,0,0,0,0,0,0,0,0,63,0,1,0,0,0,0,1,0,0,0,0,203,0,3,10,9,0,1,0,0,0,0,3,0,42,151,0,0,0,31,0,0,0,0,789,257,81,0,0,0,0,66,0,0,0,0,0,0,0,0,0,0,9,0,0,0,0,0,0,0,0,0,35,15,30,0,4,54,0,0,0,8,0,7,1,0,0,189,0,13,177,0,0,0,0,0,0,2214,0,0,26,0,0,19,0,0,0,17,0,51,0,96,29,0,17,0,0,22,0
"381",0,0,0,2,0,0,1,72,0,0,0,0,1,0,22,0,0,0,1,0,278,7,3,0,0,3415,0,0,40,13,0,0,0,50,0,0,0,0,0,0,0,0,0,83,0,352,0,0,0,0,3,0,0,0,172,0,0,0,0,158,3,157,0,3,0,0,10,0,0,154,14,0,0,170,0,0,0,0,0,42,0,0,0,0,48,5,0,0,0,41,0,6,1,0,0,0,0,0,0,1,0,109,0,0,11,0,489,1,1,0,1,0,0,85,11,0,2,0,51,3,7,0,0,0,77,0,0,0,0,0,56,219,0,0,0,0,1,0,0,0,7,0,0,1,0,0,7,24,2,0,8,0,0,32,1,0,0,1,47,30,0,4,0,0,0,0,0,1,1,4,0,0,22,0,0,0,1,8,24,0,0,0,2,0,8,0,0,0,0,1,0,23,4,3,0,0,0,0,0,0,0,1,0,1,0,49,1,0,18,0,1,0,72,0,0,0,119,0,0,32,1,1,0,0,0,0,34,0,2,0,150,0,0,414,0,0,1,0,0,25,1,0,44,0,0,0,0,14,1,33,107,2,10,0,2,19,19,0,11,10,1,0,0,0,1,0,0,0,13,111,0,0,85,0,0,0,0,0,0,1089,0,0,29,0,0,1,0,0,55,8,0,0,0,0,0,0,5,0,0,35,0
"382",0,0,0,0,0,0,8,0,156,0,0,0,0,0,82,0,0,1,1,0,0,45,0,0,0,3205,6,0,57,3,1,0,0,157,0,0,10,0,4,0,0,0,0,0,0,11,0,0,0,0,0,0,0,0,0,0,0,0,0,0,0,16,0,0,0,0,0,0,0,40,25,0,0,12,0,0,0,0,0,7,20,0,26,0,100,0,0,0,0,26,0,0,63,0,5,6,0,0,46,0,0,0,0,0,3,0,0,2086,0,0,0,0,0,16,0,0,0,0,91,40,0,0,0,1,25,0,0,0,0,1,0,153,0,0,0,12,15,0,0,0,0,0,0,0,0,0,0,0,0,1,11,0,0,5,0,0,0,0,10,46,0,0,0,0,0,0,0,0,0,0,9,0,2,0,0,0,0,7,6,0,0,0,9,0,10,0,0,0,0,0,0,23,0,0,0,0,0,0,0,0,0,0,0,1,1,8,0,0,30,1,0,0,0,0,6,0,17,0,1,7,0,26,0,21,0,0,0,0,90,0,112,0,0,251,0,0,3,0,27,0,66,0,0,0,5,0,0,0,0,0,7,0,0,0,0,0,0,0,8,0,0,0,1,0,0,0,0,0,0,0,0,0,159,0,0,0,0,0,5,1675,0,0,199,0,0,0,81,0,0,41,42,0,0,0,10,0,31,0,0,19,0
"383",0,0,0,0,168,13,35,0,841,0,0,0,33,181,15,0,0,0,0,5,0,34,0,1,0,3048,31,0,3,0,0,0,0,83,0,0,0,0,3,0,4,74,0,0,0,0,0,34,0,0,0,0,0,0,17,46,6,0,0,3,0,0,0,0,106,0,0,0,0,0,42,0,0,1,0,0,0,0,0,14,0,0,0,0,35,0,5,0,0,53,0,24,3,0,0,0,0,30,46,153,48,0,0,0,0,0,0,20,0,0,0,0,0,6,65,29,0,0,3,0,14,81,0,1,7,57,0,0,2,0,0,29,0,4,0,0,7,0,0,0,34,0,0,0,0,0,0,0,0,0,0,0,0,0,77,0,0,0,0,3,0,0,0,0,0,0,0,0,0,0,0,0,0,0,0,0,0,0,0,0,0,0,0,0,0,0,0,0,0,0,0,26,0,0,0,0,0,0,0,0,0,0,0,0,0,3,0,0,0,0,0,0,0,0,1,0,37,35,44,0,0,0,0,0,0,0,0,0,16,0,24,0,0,1,0,0,0,0,0,9,0,0,0,0,0,0,0,0,91,0,0,1,0,0,0,8,0,0,31,0,0,0,0,1,0,0,0,0,0,202,0,0,0,1668,0,0,0,0,15,1883,0,0,9,0,0,0,0,0,70,5,0,0,0,0,0,0,1,0,0,155,0
"384",36,0,0,4,0,10,0,0,0,0,0,4,27,0,59,0,0,0,0,0,52,31,0,3,2,1513,27,0,13,36,99,4,0,164,0,0,1,85,0,0,4,13,0,0,0,192,0,24,0,7,8,0,5,1,8,0,0,0,0,94,0,0,0,0,0,0,0,16,1,0,0,0,8,0,0,0,0,0,0,48,161,16,75,0,0,0,1,14,0,52,0,109,1,105,3,1,0,23,0,504,0,0,0,3,6,0,0,110,0,0,0,52,0,0,64,0,0,1,0,11,0,0,0,1,9,0,0,0,0,18,1,10,0,2,0,12,86,0,0,0,1,0,102,0,0,17,0,1,0,0,4,0,0,0,0,0,0,0,203,23,0,0,1,0,0,0,0,0,0,0,2,0,0,0,0,0,3,0,0,0,0,0,0,0,9,0,0,0,0,1,0,50,3,0,61,0,0,0,0,0,0,0,0,684,152,6,1,0,0,13,0,0,0,2,0,1,86,0,51,0,0,10,0,0,0,0,40,0,107,2,54,1,0,77,0,0,0,0,5,0,0,0,0,0,0,0,0,1,0,0,0,0,28,0,9,6,34,1,7,29,0,0,0,0,0,0,0,0,0,2074,0,7,24,0,0,0,0,0,4,1768,1,0,221,0,0,0,0,0,36,30,0,0,1,0,25,11,7,60,0,46,0
"385",38,0,0,0,0,0,3,15,0,0,0,0,0,0,20,0,0,0,0,0,32,0,0,1,0,356,185,0,15,3,399,0,0,71,0,20,1,103,3,0,0,0,0,69,2,98,0,0,4,1,0,0,0,0,0,0,0,111,0,0,0,27,29,0,95,0,3,0,2,25,82,0,0,1,0,0,0,0,0,0,0,0,0,0,89,0,0,0,0,213,275,10,1,0,0,0,0,0,96,611,0,0,0,0,0,0,71,153,0,0,11,0,0,53,101,0,52,0,7,0,0,0,0,1,39,0,0,0,0,0,0,56,0,0,0,3,1,0,0,0,0,0,0,0,0,0,0,0,0,0,0,17,0,0,1,0,0,0,0,80,0,0,0,0,12,1,0,0,0,0,0,0,0,0,0,0,0,54,9,0,0,0,0,0,0,0,0,0,0,0,0,97,5,0,0,0,0,0,0,0,0,0,0,0,3,0,0,0,80,4,0,0,0,0,1,0,158,0,107,0,0,0,0,0,0,1,0,0,52,0,252,0,0,1127,0,0,0,0,0,0,0,1,0,0,0,0,0,0,0,0,267,0,0,0,0,0,0,0,0,0,0,0,0,15,0,0,0,0,0,133,0,0,412,0,0,0,0,0,14,2936,0,0,244,0,0,0,0,1,0,0,0,0,0,0,57,0,0,0,0,129,0
"386",19,28,0,1,37,8,36,0,0,0,0,0,8,0,15,0,0,0,0,0,0,0,24,0,0,339,0,0,0,130,424,0,1,0,0,0,0,239,0,0,0,20,0,0,0,13,0,47,0,0,0,0,0,0,0,0,0,0,0,0,0,0,0,0,0,0,0,0,1,0,819,0,73,0,0,0,0,0,0,0,0,63,3,0,0,0,28,0,0,0,0,0,1,0,0,0,0,0,0,426,0,23,0,0,0,0,0,2014,0,0,0,271,0,0,47,0,118,0,35,0,0,0,0,0,3,0,0,0,0,0,0,0,0,0,0,101,1,0,0,0,1,0,0,0,0,0,0,36,5,0,4,0,0,0,1,0,0,0,0,37,0,0,0,0,0,0,0,0,0,2,0,0,0,0,0,0,0,0,504,0,0,0,0,0,27,0,0,0,0,0,0,213,0,0,0,0,2,0,0,0,0,0,0,0,1042,0,0,0,0,13,0,0,0,0,0,0,0,0,0,0,165,22,0,0,0,0,0,0,0,0,0,0,0,433,0,0,0,0,0,0,0,0,0,0,0,0,0,0,0,0,0,0,0,0,0,0,0,0,73,0,0,0,0,0,0,0,0,0,0,10,0,0,1,0,0,0,0,0,31,1125,0,0,230,0,0,0,0,0,21,60,0,0,0,0,0,0,0,0,0,0,0
"387",0,0,0,0,0,0,79,0,0,0,0,0,29,0,12,8,0,0,0,0,0,36,0,12,0,1,0,0,25,190,0,0,0,1,0,0,3,0,0,3,4,0,0,0,0,73,0,0,0,0,0,0,0,0,0,42,0,60,0,379,0,0,7,0,0,0,379,0,0,0,0,0,0,121,0,0,0,0,0,243,0,67,0,0,0,1,1,0,0,129,267,191,1,0,0,0,0,0,4,87,0,0,0,0,0,0,0,191,128,0,0,0,0,29,69,0,180,1,357,2,0,0,0,0,1,2,0,0,0,0,0,0,0,1,1,0,1,0,0,10,28,0,61,7,0,7,0,14,1,0,0,0,1,0,1,0,13,0,0,0,0,0,0,0,0,2,0,0,0,0,0,0,1,0,0,0,0,0,0,0,0,0,0,0,28,0,1,0,0,1,5,216,1,0,0,0,0,0,0,0,0,0,0,0,0,330,0,0,8,2,0,0,0,0,0,0,0,0,101,0,0,0,0,0,0,0,0,0,0,0,114,2,0,88,0,0,0,0,0,51,0,0,0,0,5,40,0,0,1,0,0,0,0,0,0,7,21,0,13,0,5,0,0,15,11,0,0,0,0,1,0,0,154,0,0,0,2,0,0,3816,5,0,338,0,0,0,0,0,20,0,0,0,0,0,0,0,12,0,0,71,0
"388",0,0,0,0,0,0,0,0,0,0,0,0,0,0,0,0,0,0,0,0,0,183,0,0,0,320,0,0,19,0,0,18,0,0,0,0,38,0,0,0,1,0,0,0,0,0,0,0,0,0,0,0,0,0,0,0,0,0,0,452,0,36,0,0,0,0,151,0,0,0,208,0,0,0,0,0,0,0,0,0,0,8,0,0,0,0,4,0,0,0,0,0,5,0,0,3,0,0,0,0,0,1,0,0,50,0,0,1562,0,0,0,0,0,1096,0,0,0,0,0,11,0,0,0,1,0,0,0,0,0,0,0,0,0,0,0,0,7,0,0,0,1,0,0,0,7,0,12,32,0,0,0,0,0,5,0,0,0,0,231,56,0,0,0,0,0,0,0,0,0,0,0,0,0,0,0,0,0,0,0,0,0,0,0,0,0,0,0,0,0,0,0,85,1,0,0,0,0,0,0,0,0,0,0,4,0,27,0,0,0,0,0,0,0,0,0,0,225,178,85,0,359,0,0,5,0,0,0,0,145,3,0,0,0,83,0,0,0,0,0,27,0,0,0,0,0,0,0,0,0,0,0,0,0,0,0,4,5,0,0,0,15,0,0,0,0,5,15,0,0,31,0,0,22,0,0,0,0,0,0,3104,0,0,129,0,0,0,0,1,3,62,0,0,0,0,113,6,0,0,0,0,0
"389",0,0,0,0,143,0,1,0,30,0,0,0,0,0,9,0,0,0,0,0,41,15,6,0,0,3507,39,0,0,0,0,0,0,19,0,0,0,270,0,0,32,20,0,126,26,0,0,0,0,0,0,0,0,0,0,20,0,0,0,0,0,16,0,0,80,0,131,0,0,0,82,0,0,9,0,0,0,0,0,118,259,0,0,8,0,0,0,0,0,87,0,0,5,116,0,0,0,31,29,119,10,0,0,20,1,0,0,729,0,0,0,0,0,39,53,0,16,0,80,0,0,74,0,1,25,0,0,0,0,68,0,48,0,0,0,3,0,0,0,0,0,0,0,0,0,22,0,0,0,1,38,0,0,0,1,0,0,0,0,35,0,0,0,1,0,0,0,0,0,0,1,0,12,0,0,0,0,41,342,0,0,0,0,0,0,0,0,0,7,60,0,0,0,0,0,0,0,0,0,0,0,0,0,0,0,0,0,0,0,0,0,0,24,0,1,0,60,0,0,0,0,0,0,0,0,6,0,0,66,0,238,0,0,29,0,0,0,1,0,0,0,0,0,0,0,0,0,0,0,36,0,0,20,0,0,0,0,0,3,0,0,0,0,0,0,0,0,0,0,114,0,0,124,0,0,0,0,0,5,1806,0,0,0,0,0,0,0,0,148,58,59,0,0,0,8,0,0,0,0,26,0
"390",0,0,0,0,0,0,0,0,0,0,0,0,0,0,3,0,0,1,0,0,59,29,0,3,0,754,0,3,11,15,852,0,0,0,0,0,6,0,0,0,0,0,0,77,0,85,0,1,0,0,0,0,0,8,0,0,0,0,0,283,0,0,0,1,0,0,45,0,0,0,24,0,0,0,0,1,1,0,0,232,0,0,183,0,0,1,300,0,0,0,0,2,68,0,0,0,26,0,0,0,0,0,14,0,10,0,0,33,1,61,0,0,9,0,15,0,3,0,69,0,0,0,0,0,472,0,0,0,0,0,0,0,1,0,0,0,1,0,0,0,3,0,63,1,0,0,6,30,0,0,10,0,0,1,1,0,0,0,0,0,0,2,0,0,0,0,0,0,0,5,9,39,0,0,0,0,4,0,0,0,0,0,0,0,0,0,0,0,0,1,1,0,0,0,0,7,0,0,1,0,0,35,0,1,0,27,4,0,14,1,1,0,0,0,0,3,0,33,2,0,0,1,0,0,0,0,0,0,77,0,0,0,2,901,0,0,1,0,2,1,1,0,1,0,2,0,0,0,1,0,0,0,0,1,2,3,0,0,13,93,0,0,0,3,1,0,0,0,6,42,0,0,96,2,0,0,0,0,0,3311,0,0,487,0,0,32,0,0,22,0,0,0,0,0,50,0,28,0,0,46,0
"391",0,0,0,0,88,0,2,0,26,0,0,0,31,169,11,0,0,0,0,0,0,0,0,4,0,564,47,0,0,0,45,0,0,0,0,28,3,8,0,0,20,93,0,34,0,1,0,0,0,4,0,11,0,0,0,0,0,66,0,329,0,0,0,0,3,0,444,0,0,0,0,0,0,3,0,239,0,0,0,21,0,0,0,0,0,0,2,0,0,26,431,25,268,0,0,66,0,37,15,274,0,0,0,0,9,0,3,2359,1,605,0,0,0,0,51,10,72,197,10,0,0,73,0,258,0,0,0,0,0,0,1,0,0,0,0,0,14,0,0,0,97,0,0,0,0,0,0,19,0,0,0,27,0,0,0,0,0,0,0,22,0,0,0,44,0,2,0,0,0,0,0,0,0,0,0,0,0,0,223,0,1,0,0,0,0,0,0,0,0,23,0,1,0,0,1,0,0,0,0,0,0,1,0,0,108,81,0,0,0,1,0,1,0,0,0,0,166,0,0,0,0,13,0,0,0,0,0,0,0,0,0,4,0,65,0,6,0,0,0,0,1,0,0,0,0,0,0,0,7,0,0,0,7,0,0,8,4,0,10,0,0,0,0,0,0,0,0,43,0,225,0,0,86,0,0,0,1,4,2,412,0,0,0,0,0,0,0,0,6,0,0,0,11,0,10,8,0,0,0,14,0
"392",0,0,0,0,132,0,0,0,466,0,0,0,0,0,1,0,1,0,0,0,0,9,0,5,0,4416,10,0,6,0,65,0,0,0,0,0,0,1,0,0,2,9,0,0,0,0,0,6,0,0,0,3,0,0,0,45,0,0,0,0,0,0,50,0,0,0,0,0,0,0,0,0,0,0,0,0,0,0,0,0,0,14,60,0,0,0,152,1,0,0,0,1,0,0,0,1,0,0,8,99,0,110,0,0,0,0,0,181,0,0,0,0,0,0,39,0,204,15,0,0,0,0,0,0,0,0,2,0,0,0,0,0,0,0,0,0,0,0,0,0,0,0,0,0,0,0,0,0,0,0,0,0,0,0,1,0,1,1,0,1,21,0,0,0,0,0,0,0,0,0,0,0,0,0,0,69,0,0,49,0,0,0,0,1,0,0,0,0,0,1,0,3,0,0,0,0,0,0,1,0,0,1,0,59,1137,51,1,1,0,1,0,0,0,0,0,0,0,38,0,0,41,0,0,0,0,0,0,0,0,0,0,0,0,95,0,0,0,16,0,2,0,0,13,0,3,74,0,0,1,0,0,1,0,0,2,0,14,0,1,2,0,0,0,0,0,0,0,0,0,2,0,13,10,0,0,0,0,0,11,1854,0,0,19,0,0,0,0,0,0,18,0,0,0,0,0,0,0,0,0,9,0
"393",14,16,113,3,133,0,1,1,609,0,0,0,0,0,15,0,0,0,30,0,38,13,0,1,0,174,64,0,15,48,337,0,0,163,5,0,153,0,0,0,0,59,0,52,0,48,0,58,3,0,11,3,0,0,28,35,0,49,0,49,3,0,0,0,3,0,41,0,0,0,85,0,0,12,0,0,0,0,0,0,0,26,35,8,0,64,0,0,0,57,0,28,103,0,0,17,0,0,5,987,0,0,0,1,0,6,69,2,0,0,0,28,0,3,26,0,146,0,220,0,0,97,0,0,23,113,0,0,56,0,0,0,60,0,0,0,56,0,0,0,0,0,0,0,72,0,0,83,0,9,11,106,0,0,0,0,0,0,0,64,0,0,0,0,0,0,0,5,0,0,0,0,0,0,0,0,10,35,95,0,0,4,0,0,24,0,0,1,0,0,4,19,0,0,395,9,0,5,0,0,0,0,1,127,0,0,0,0,0,10,0,0,4,0,20,0,0,153,169,0,0,34,0,0,0,0,30,0,66,0,160,11,0,592,12,0,33,0,0,0,0,0,675,84,0,0,0,0,0,0,286,0,0,0,0,184,0,0,0,27,10,0,0,0,0,0,1,251,0,116,31,78,461,0,9,2,0,0,0,460,0,0,649,0,0,0,0,1,0,47,0,0,0,0,11,28,3,83,0,221,0
"394",232,23,0,0,21,9,1,0,0,0,46,0,9,0,24,2,31,0,8,0,1,3,0,1,0,635,24,0,4,49,0,0,0,0,0,0,2,9,0,3,0,0,0,0,0,29,0,13,0,0,1,0,5,0,0,21,0,30,0,6,0,0,10,0,2,0,130,1,4,0,23,0,33,0,0,42,0,0,0,115,0,4,981,0,0,64,0,0,0,0,0,3,1,0,0,0,0,34,0,141,0,0,11,0,0,0,0,259,1,0,2,19,0,0,67,0,295,131,108,0,0,0,0,0,0,0,1,0,0,0,0,0,0,0,1,27,0,0,52,13,406,2,0,42,0,0,309,5,6,0,13,4,16,228,0,0,12,1,0,2,0,5,8,0,0,2,0,0,0,0,11,0,1,0,0,0,0,1,0,0,0,3,0,1,1,0,0,0,0,1,0,22,7,0,1,0,0,39,1,3,0,1,0,0,0,41,15,1,0,1,0,0,0,0,0,0,0,0,109,0,35,0,0,0,0,0,0,8,0,0,1,1,3,0,1,0,3,0,0,253,0,0,0,0,0,0,0,0,1,0,0,1,11,0,132,7,2,0,0,0,0,0,53,0,2,0,0,0,284,45,3,0,423,0,14,0,1,2,6,1933,0,0,0,0,0,296,0,0,5,0,0,7,0,0,60,4,213,0,0,8,0
"395",22,2,0,0,204,6,0,0,0,0,0,0,0,0,13,0,0,0,0,0,0,5,0,39,0,1,17,0,61,0,0,0,0,10,0,0,5,0,0,0,0,0,0,0,0,1,0,20,0,0,0,0,0,0,0,19,0,0,0,16,0,0,0,0,0,0,97,0,0,0,26,0,6,0,0,0,0,0,0,0,0,7,2,0,0,2,2,0,0,0,0,0,38,0,0,0,0,0,1,124,0,13,0,0,0,0,0,791,1,13,0,0,7,0,37,0,3,6,9,0,15,17,0,0,0,30,0,0,0,0,1,0,0,0,0,0,137,0,0,0,1,0,0,0,0,0,0,7,0,0,0,0,0,11,1,0,12,0,0,0,0,0,0,1245,0,0,0,0,0,0,12,0,0,0,92,0,0,0,0,0,0,0,0,0,0,0,0,0,0,4,195,0,0,0,0,0,0,0,5,0,0,1,0,0,0,5,0,0,18,30,205,0,0,0,0,0,0,41,43,0,0,0,0,0,0,0,0,0,39,0,0,0,0,577,0,0,0,0,0,276,3,0,0,0,6,0,0,0,15,0,0,0,0,0,46,1,0,0,0,2,25,0,0,4,0,0,0,0,0,1117,0,0,252,0,0,0,0,0,0,3335,0,0,2,0,0,1,0,0,0,0,0,0,0,44,0,0,12,0,0,13,0
"396",76,5,0,0,271,10,1,0,150,0,0,0,37,51,151,0,0,0,0,0,0,18,0,3,0,155,64,0,6,0,1,0,0,141,0,0,0,0,0,0,7,27,0,0,0,98,0,71,6,0,0,0,0,0,0,125,0,0,0,145,5,0,0,2,0,0,3,0,0,3,62,3,0,0,0,0,0,4,0,90,334,0,8,0,0,0,186,0,0,85,0,6,325,0,0,0,0,0,0,223,0,266,0,0,1,0,0,541,0,0,0,0,3,310,137,0,0,0,594,0,46,333,0,1,40,0,0,0,0,0,0,0,0,0,0,0,385,0,0,0,26,0,63,0,4,0,34,23,0,0,27,0,0,1,1,0,0,0,0,3,49,0,0,0,0,0,0,0,0,0,3,0,0,0,0,0,9,0,9,1,0,0,0,0,10,0,0,0,0,0,8,90,51,5,0,0,0,0,0,0,0,75,0,244,0,24,1,0,1,3,0,0,0,0,3,0,166,300,251,0,99,1,0,0,0,0,0,0,275,0,356,0,0,18,0,0,5,1,0,17,164,0,0,0,7,16,0,0,0,0,0,1,36,1,0,69,10,0,0,0,27,0,0,7,0,3,0,0,0,1049,0,27,180,0,0,6,0,0,1,12,0,0,205,0,0,0,0,0,0,17,0,0,12,0,7,0,51,0,0,5,0
"397",0,0,0,0,31,0,2,10,0,0,0,0,0,0,6,0,0,0,0,0,3,4,0,4,0,18,21,0,50,0,0,0,0,93,0,0,1,62,0,0,0,19,0,110,46,182,0,6,0,0,0,0,0,0,0,0,0,82,0,71,0,0,0,0,402,0,167,0,3,0,40,0,190,0,0,0,0,1,0,0,0,2,13,0,0,0,44,0,3,0,0,104,3,0,0,34,6,0,0,0,0,0,0,0,0,10,0,1,11,3,0,0,0,16,88,0,0,1,33,0,0,15,14,0,42,64,0,4,0,0,0,0,0,0,0,0,1,0,0,9,1169,0,0,15,0,2,0,67,0,15,41,0,0,36,0,0,17,0,0,390,11,0,0,0,0,0,0,0,4,0,59,0,0,0,0,0,0,0,1,0,2,0,0,0,0,0,1,0,0,7,27,65,0,0,0,0,0,0,2,0,0,0,0,0,0,0,0,0,0,13,29,2,2,0,0,6,157,41,63,0,0,25,0,0,0,0,0,0,9,5,0,0,0,1920,0,0,2,0,0,8,7,0,0,0,0,0,1,0,8,0,0,0,0,0,13,16,5,0,0,0,1,0,0,4,0,0,0,0,0,56,0,0,421,0,0,3,0,0,2,1924,1,0,175,0,0,0,0,0,2,0,0,0,0,0,0,89,15,0,0,154,0
"398",0,0,0,0,0,0,3,3,0,0,0,0,0,0,1,0,0,1,0,0,0,27,0,0,0,3006,0,0,6,0,0,0,0,31,0,0,23,0,1,0,0,0,0,0,0,110,0,0,0,0,0,0,0,0,0,0,0,3,0,87,0,4,0,0,0,19,180,0,2,152,15,0,0,0,0,0,0,0,0,21,0,25,157,0,7,0,0,0,0,38,0,3,34,0,0,0,0,0,45,0,0,0,0,0,1,0,0,502,0,0,1,0,0,0,0,0,0,1,90,1,0,0,0,1,68,0,0,0,0,0,0,129,0,0,0,13,8,0,0,0,0,0,0,0,0,0,0,0,0,0,0,0,0,0,0,0,0,0,0,0,0,0,0,1146,0,1,0,0,0,0,7,1,13,1,0,0,0,0,13,0,0,0,0,0,0,0,0,0,0,0,0,80,0,0,0,0,0,0,0,0,0,0,0,0,0,2,0,0,1,0,0,0,4,1,14,1,30,0,0,0,8,0,0,0,0,65,0,0,62,0,68,0,0,263,0,0,0,0,0,0,0,0,0,0,0,0,0,0,0,0,33,0,0,0,0,6,0,0,0,15,0,0,0,8,0,0,0,6,0,26,0,13,180,0,0,0,0,1,0,2697,0,0,0,1,0,0,0,0,0,0,0,0,0,0,13,0,0,0,0,62,0
"399",0,0,0,0,0,0,0,0,0,0,0,0,1,0,4,0,0,0,0,0,0,45,0,0,0,1286,0,0,6,2,285,0,0,22,0,0,3,254,0,0,0,0,0,17,0,34,0,0,0,0,0,0,0,0,0,0,0,0,0,51,0,0,0,0,0,0,1999,0,0,0,0,0,0,0,0,0,0,0,0,59,0,0,47,0,53,0,0,2,0,32,0,6,0,0,0,1,0,0,0,0,0,0,0,0,0,1,5,384,3,0,0,0,0,0,1,1,0,2,181,3,0,0,1,0,50,0,0,0,0,0,3,140,0,0,0,0,88,0,0,0,84,2,0,1,0,0,63,3,0,0,0,0,0,0,5,0,6,1,0,5,0,0,0,0,0,0,0,0,0,0,0,0,0,0,25,0,0,0,296,0,0,0,0,0,4,0,0,0,0,1,0,0,0,0,23,0,0,0,0,0,0,1,0,3,0,276,0,5,0,1,0,0,0,0,0,0,0,16,1,0,52,0,0,0,0,0,0,0,3,0,103,0,2,2663,0,0,0,0,4,2,1,0,35,0,2,0,0,0,1,0,2,9,15,0,4,33,14,0,0,0,0,0,0,0,0,0,0,0,0,505,0,6,38,0,0,0,0,9,4,81,0,0,10,0,0,0,9,0,3,12,0,9,0,0,0,0,36,0,0,89,0
"400",0,0,0,0,10,0,0,0,0,1,9,0,0,0,17,0,0,0,1,0,71,31,0,0,0,3424,0,0,0,1,408,1,0,22,0,0,0,0,0,0,0,0,0,160,0,16,0,1,0,0,0,0,0,0,23,1,0,0,0,433,0,0,0,2,40,0,151,0,0,0,119,0,0,112,0,0,0,0,0,820,5,0,18,0,0,0,0,0,0,19,0,0,0,0,0,0,0,0,37,0,0,0,0,15,0,29,0,377,594,17,0,0,0,3,0,0,0,0,1,0,0,0,0,0,4,98,0,0,29,40,0,0,0,0,0,0,0,0,0,0,0,0,5,0,123,0,18,1,0,0,2,19,0,40,0,0,0,0,53,0,0,0,6,1232,0,0,0,0,0,0,5,0,1,0,0,0,0,0,157,0,0,0,0,0,6,0,0,0,0,0,0,22,0,3,0,0,0,0,0,0,0,0,0,5,0,2,12,0,0,0,0,0,15,0,0,1,0,50,3,11,0,22,0,6,0,0,107,0,68,9,153,0,0,0,0,0,1,0,5,0,39,0,0,0,0,1,0,0,128,28,0,8,0,0,13,0,5,0,5,116,3,0,6,0,1,0,0,0,21,0,0,52,1,0,0,0,20,0,0,0,0,0,139,0,0,0,0,0,22,23,0,0,9,0,0,39,0,204,0,14,0
"401",0,0,0,0,0,0,2,14,0,0,0,0,0,206,4,0,0,0,0,0,0,6,0,0,0,2374,0,0,4,0,813,0,0,122,0,0,16,12,1,0,0,0,0,21,0,160,0,0,0,0,0,0,0,0,0,0,0,0,0,47,0,0,0,0,0,0,40,0,0,259,9,0,0,0,0,0,0,0,0,31,0,0,0,0,1,0,0,0,0,13,0,1,12,0,0,39,0,0,184,0,0,0,0,0,25,0,0,278,1,0,0,0,0,46,9,1,3,0,18,3,0,15,0,0,212,91,0,0,0,0,0,279,0,0,0,0,102,0,0,0,225,0,139,7,0,2,23,8,0,8,4,0,0,0,0,0,0,0,0,28,0,0,0,0,0,3,0,0,0,0,17,0,0,0,0,0,0,0,76,0,0,0,0,0,19,0,0,0,0,31,0,35,3,4,0,0,0,0,2,0,0,1,0,1,0,0,0,0,19,2,6,0,0,0,37,0,314,5,1,25,0,0,0,0,0,0,0,0,81,0,0,0,0,248,0,0,0,0,0,0,1,151,0,0,0,0,0,0,86,0,0,0,19,0,9,12,0,0,3,3,28,0,0,19,0,0,0,0,14,24,0,13,182,0,1,0,0,0,7,977,0,0,13,0,0,0,0,0,0,13,0,0,0,0,125,0,2,0,0,44,0
"402",0,0,0,0,0,0,0,0,0,0,0,0,0,0,90,0,1,0,0,0,0,0,0,0,0,5756,0,0,150,0,0,0,0,40,0,0,15,191,0,1,0,0,0,0,0,525,0,0,11,1,0,0,0,0,0,0,0,0,0,0,0,0,0,0,0,0,0,58,0,0,0,0,0,0,0,0,0,0,0,0,0,0,0,0,0,134,0,0,0,0,0,116,1,0,0,13,0,0,0,0,0,12,0,0,0,0,0,0,0,0,0,0,0,0,0,0,0,0,205,0,0,0,17,1,48,0,0,0,0,0,25,0,0,0,0,0,54,0,0,0,48,4,0,0,0,0,0,0,0,4,0,0,39,0,63,0,34,0,0,0,4,0,0,0,0,0,0,0,0,0,0,0,1,0,0,0,0,0,0,0,0,0,0,0,0,0,0,0,0,0,0,57,9,0,0,6,0,0,0,0,0,0,0,0,0,283,0,0,7,28,0,0,0,11,0,0,0,0,3,0,0,0,0,0,0,0,0,0,48,0,0,0,0,0,17,0,0,0,0,0,0,0,0,0,0,0,0,0,0,0,0,0,0,0,0,0,0,0,0,0,0,0,0,0,0,0,0,0,0,0,0,0,0,0,0,0,0,0,0,708,0,0,392,0,0,0,0,0,0,0,0,0,0,0,0,0,0,0,0,191,0
"403",0,15,0,0,25,7,1,6,323,2,0,1,6,133,53,12,0,0,0,4,21,10,0,1,1,1646,20,0,23,0,51,0,0,26,0,0,2,2,4,0,4,6,55,3,0,16,0,5,0,1,3,2,4,0,1,8,0,24,0,31,2,24,5,0,39,0,355,1,0,0,22,1,68,2,0,0,0,0,0,134,41,0,9,1,8,0,42,1,0,58,0,38,130,37,0,19,0,0,18,536,3,0,0,0,0,4,1,2164,1,5,0,6,3,19,28,5,3,1,13,10,0,72,0,0,100,153,0,0,0,2,1,90,0,0,0,0,58,0,9,6,470,2,0,1,0,0,165,27,0,24,13,5,0,34,1,9,2,1,0,6,0,0,1,0,1,2,0,0,0,0,0,0,0,0,0,0,1,4,235,6,1,0,0,0,1,0,0,0,4,1,0,7,5,0,11,0,0,3,3,27,0,0,0,4,0,189,1,0,0,1,0,0,1,3,38,0,69,12,1,7,0,1,1,0,1,0,13,0,1,0,33,1,2,97,7,7,0,0,0,1,1,12,6,11,0,0,0,0,1,17,58,2,0,0,4,2,4,0,12,11,10,0,0,2,0,0,0,0,0,0,0,3,3,2,1,1,2,0,2,643,1,0,32,0,21,1,0,2,19,5,0,0,0,0,7,28,9,0,0,24,14
"404",27,0,0,0,28,20,25,15,0,0,0,0,37,235,10,0,1,0,0,0,0,42,0,0,1,2728,45,0,14,0,0,0,0,32,0,0,1,25,0,0,14,0,0,0,31,184,0,0,0,0,0,0,0,0,0,33,0,44,2,168,0,0,13,0,7,0,108,0,0,25,235,0,6,24,0,0,0,0,3,29,0,0,1,0,31,0,261,0,0,46,0,4,3,0,0,0,0,35,12,1219,0,10,0,0,3,3,0,1,302,10,0,0,0,57,98,0,0,0,50,0,29,205,19,0,1,292,0,0,0,0,14,204,0,0,0,0,1,0,0,12,3,0,73,211,186,6,11,27,0,0,5,0,0,0,0,0,0,0,0,125,0,0,0,0,0,0,0,0,0,0,1,4,0,3,12,0,0,0,27,0,0,0,0,0,1,0,0,0,0,0,0,19,2,0,0,0,0,0,0,0,0,0,0,1,0,1,0,0,1,1,0,0,3,0,12,0,86,0,85,10,0,0,0,0,0,2,0,0,0,1,251,0,0,237,0,0,1,1,0,0,0,0,0,0,0,0,0,9,0,0,0,4,0,0,0,1,5,0,0,11,1,0,0,1,0,0,0,0,0,37,0,75,258,0,0,0,0,0,1,1497,0,0,95,2,0,0,0,7,31,0,0,0,0,0,9,0,5,0,0,118,0
"405",0,0,0,0,0,0,58,0,0,0,0,0,0,67,85,0,2,0,0,0,0,0,0,0,0,225,2,0,0,41,20,0,0,193,0,0,0,125,0,0,0,0,0,13,0,0,0,0,0,0,0,0,0,0,0,0,0,0,0,0,0,0,0,0,0,0,0,2,0,0,0,0,0,11,0,0,0,0,0,0,0,0,0,0,676,0,190,0,0,19,0,233,0,22,0,0,0,0,0,0,2,10,0,0,0,0,1,1223,1,0,0,0,0,4,28,0,0,0,56,17,0,14,0,0,0,0,0,0,0,0,0,2661,0,0,0,13,0,0,0,0,0,0,0,0,21,0,0,5,0,0,0,0,0,0,0,0,0,0,0,144,16,0,2,0,0,3,0,0,0,0,0,0,1,0,0,0,0,0,6,0,0,0,0,0,0,0,1,0,0,1,0,14,0,0,2,0,0,0,18,0,0,1,0,0,0,0,0,0,0,0,0,0,0,0,0,0,0,0,0,26,1,0,3,0,0,0,0,0,0,0,11,0,0,84,0,0,1,0,0,0,1,0,1,0,0,1,0,0,13,0,0,13,29,0,0,0,0,0,0,0,0,0,0,0,0,0,0,0,2,16,0,121,156,0,0,0,0,0,4,2289,0,0,11,0,0,0,0,0,0,2,0,0,0,15,0,0,0,0,8,10,0
"406",11,0,0,0,225,0,0,0,59,0,0,6,0,0,14,1,0,0,0,0,0,1,11,0,0,1914,28,0,69,0,9,0,0,52,0,0,0,5,0,0,0,0,0,0,0,65,0,4,0,0,0,0,0,0,4,0,0,0,0,7,0,0,0,0,0,0,316,0,0,41,39,0,0,12,0,0,0,0,0,1,0,0,110,0,0,0,0,0,0,0,0,12,0,0,0,0,0,40,54,0,0,0,0,0,0,92,137,240,1,0,0,0,0,0,47,0,0,0,26,2,0,62,0,0,25,1,0,0,0,0,0,0,0,0,0,0,8,0,0,0,9,0,0,0,0,0,0,9,0,0,11,0,0,0,1,0,0,0,0,106,0,0,0,369,0,0,1,0,0,5,0,0,0,0,0,0,0,3,5,0,0,0,0,0,0,0,0,0,0,6,1,198,0,0,0,19,0,0,0,0,0,1,1482,3,0,15,0,0,0,0,0,0,169,0,0,0,77,36,8,0,1,0,0,0,0,0,151,0,0,0,65,0,0,1,0,0,1,0,7,1,3,0,0,0,1,0,0,0,1,0,334,0,7,1,9,1,0,0,5,0,0,0,0,2,0,0,0,0,0,11,6,0,256,0,0,0,0,4,0,1197,0,0,125,0,0,0,0,0,4,0,0,0,0,0,26,0,4,0,0,7,7
"407",20,14,0,0,50,0,3,0,0,0,0,0,0,309,4,0,11,0,0,0,154,13,0,0,0,724,0,0,3,12,52,166,1,114,0,0,15,86,1,0,0,0,0,53,0,824,0,0,0,0,1,0,0,0,0,0,0,42,0,159,0,27,0,0,241,0,152,0,4,0,8,0,0,16,1010,0,0,0,0,347,0,1,0,0,321,1,0,0,0,46,0,0,1,0,0,0,0,0,6,225,0,24,0,0,1,0,242,177,0,0,0,84,0,20,0,0,61,0,76,15,23,0,0,1,6,0,1,0,37,0,7,421,0,0,0,0,5,0,0,0,0,0,31,0,0,0,0,0,0,7,10,0,0,0,0,0,0,0,0,29,0,0,0,0,0,1,0,0,0,0,0,0,58,0,0,0,1,6,320,0,0,0,0,40,15,0,1,0,0,0,0,220,0,0,0,2,2,0,1,265,0,0,0,0,0,0,0,0,7,0,9,0,0,0,14,0,108,0,1,0,0,0,0,0,0,0,0,0,20,0,213,0,0,342,0,0,0,0,0,20,0,92,0,0,0,0,13,0,0,0,0,3,0,0,10,6,0,0,3,136,11,0,0,0,1,0,0,0,0,363,0,0,22,0,1,0,0,0,3,1165,0,3,93,0,0,0,0,0,14,8,0,0,0,0,7,0,56,0,0,14,0
"408",22,0,0,0,22,0,0,0,34,0,0,0,16,0,45,0,0,0,0,0,58,41,6,0,0,2294,52,0,32,0,0,0,1,0,0,0,1,18,0,0,0,66,0,0,0,11,0,0,31,0,0,0,0,0,0,0,0,0,0,146,0,0,22,0,0,0,202,0,2,0,0,0,5,3,0,0,0,0,0,44,0,0,1,0,1,57,1,0,0,25,0,115,43,0,0,0,0,21,1,0,0,0,13,0,1,7,0,345,0,0,0,0,0,28,43,0,0,1,39,0,0,0,45,1,9,0,0,0,0,0,0,0,0,0,0,2,212,0,0,0,298,0,0,165,0,391,0,13,0,0,3,0,0,0,0,0,0,0,0,0,0,0,7,0,0,0,0,0,0,0,0,0,5,0,0,0,0,0,536,0,0,0,0,0,5,0,0,0,0,0,0,30,1,0,0,0,0,0,0,0,0,0,0,0,0,101,0,0,0,0,0,0,0,0,1,0,0,0,173,0,0,0,0,0,0,0,0,0,56,0,33,0,0,512,0,0,0,0,0,0,0,23,0,0,40,0,0,0,0,0,0,0,0,0,5,122,0,0,0,0,0,0,0,1,0,0,0,0,0,475,0,0,328,0,0,0,728,0,0,1371,0,0,51,0,0,0,0,0,0,0,0,0,0,0,1,0,33,0,0,131,0
"409",7,10,0,0,47,0,0,0,0,0,0,0,0,0,106,0,5,35,0,0,26,9,0,0,0,923,20,0,10,0,5,381,0,127,0,0,17,0,0,0,0,0,0,0,0,50,0,21,0,1,8,0,2,6,21,35,0,0,0,1,1,8,51,0,33,0,17,0,0,28,118,0,0,0,0,0,0,0,0,2,0,0,80,0,3,1,0,0,0,48,0,0,173,0,2,128,0,0,1,452,6,195,0,0,37,0,0,338,1,0,1,1,0,37,153,0,0,0,136,2,0,43,0,0,0,15,1,0,42,0,8,0,0,0,1,0,0,0,0,0,0,1,39,1,2,41,9,5,0,0,5,10,3,0,0,0,0,0,14,14,0,7,0,0,0,0,2,0,1,0,20,0,3,0,0,0,0,5,39,0,0,0,0,22,25,0,1,0,0,0,0,19,0,1,1,0,0,0,1,0,0,2,0,1443,0,12,0,0,13,10,0,0,0,0,48,1,18,23,0,0,647,26,0,3,0,60,0,345,102,0,118,0,0,434,0,0,2,0,0,19,0,0,0,0,3,14,0,0,1,0,0,0,0,0,19,50,0,0,7,19,1,0,0,3,0,0,14,0,0,13,3,30,95,0,62,0,0,0,0,701,0,0,278,1,0,0,0,0,11,7,0,0,0,0,37,0,6,0,0,48,55
"410",21,12,0,0,0,0,0,0,0,0,0,0,0,0,18,0,0,0,0,0,0,0,0,28,0,1129,0,0,177,30,0,0,0,223,0,0,0,0,0,0,0,0,0,0,0,418,0,0,0,0,0,0,0,0,0,0,0,0,4,0,0,0,0,0,0,0,35,0,134,0,0,0,0,0,0,1536,0,0,0,21,0,0,24,0,0,10,416,133,0,0,0,0,0,0,0,0,60,0,0,0,0,51,0,0,0,0,0,45,0,0,0,0,0,0,0,0,0,0,324,0,0,0,21,0,0,0,0,0,0,0,0,0,0,0,0,0,25,3,0,0,3,0,0,0,0,0,0,0,0,0,72,0,0,0,0,0,0,0,0,0,0,0,0,0,0,0,0,0,0,0,0,0,0,0,0,0,0,0,0,0,0,0,0,0,0,0,0,0,0,0,0,0,0,0,0,0,0,0,0,0,0,0,0,0,0,44,23,69,7,0,0,0,0,0,0,1,0,0,262,0,0,58,0,0,0,0,0,0,0,0,0,0,0,387,0,0,0,0,0,9,0,0,0,0,4,0,0,0,0,0,0,0,0,0,0,0,30,0,0,0,0,0,0,6,4,0,0,0,0,9,0,0,1309,0,0,0,0,0,0,0,0,49,1332,0,0,58,0,6,0,0,0,0,0,0,0,0,3,0,0,531,0
"411",0,0,0,0,107,0,0,0,494,0,0,0,0,0,0,0,0,0,0,0,0,0,0,0,1,1623,33,0,0,238,83,1,0,0,0,0,0,0,0,0,0,0,0,0,0,0,0,0,0,0,0,0,0,0,0,0,0,41,0,0,0,0,0,0,0,0,36,0,0,0,0,0,0,0,0,216,0,0,0,0,0,0,0,0,0,0,0,0,0,0,1,0,0,0,0,0,1,25,0,0,0,0,0,0,0,0,0,2819,0,0,0,0,16,0,0,0,0,0,0,0,0,0,0,7,0,0,0,0,0,0,1,0,0,0,0,0,742,0,0,0,0,0,0,0,0,0,0,16,0,0,0,0,0,0,1,0,0,0,0,12,0,0,0,0,0,0,0,0,0,0,0,0,0,0,0,0,0,0,0,12,0,0,0,0,0,0,0,0,0,18,0,0,0,0,0,0,0,0,0,0,0,0,0,0,14,0,0,0,0,0,0,0,1,0,0,0,29,0,0,0,0,0,0,0,0,0,0,0,0,0,0,0,0,1372,10,0,0,0,0,1,0,0,98,0,0,0,7,0,0,0,0,0,0,0,0,106,0,0,0,0,0,0,0,0,0,0,0,0,5,130,0,0,480,0,0,0,0,0,0,15,0,0,0,0,0,0,5,0,0,18,0,0,0,0,21,0,17,0,0,0,0
"412",0,0,0,0,10,2,12,0,7,0,0,0,0,0,12,0,0,0,0,0,0,52,0,0,0,2759,11,0,0,0,30,0,0,121,0,1,0,235,0,0,0,14,0,0,0,41,0,26,0,0,0,0,0,0,0,31,0,0,0,0,0,0,0,0,0,0,0,0,0,0,0,0,0,0,8,0,0,0,0,2,0,16,4,0,0,0,463,0,0,0,0,0,1,0,0,0,0,0,15,0,0,0,0,0,0,0,0,2633,0,0,0,0,0,0,3,0,0,1,79,0,0,26,0,0,0,0,0,0,0,0,0,80,0,0,0,28,0,0,0,9,0,0,0,1,0,23,0,0,0,0,21,0,0,0,0,0,0,0,0,17,6,0,0,1,0,0,0,0,0,0,0,0,0,0,5,0,0,0,0,5,0,0,0,0,31,1,4,0,0,1,0,50,0,0,0,0,0,0,1,617,0,1,0,0,143,0,0,0,0,2,0,0,0,0,0,0,0,0,0,0,0,0,0,0,0,0,0,0,0,0,0,0,0,248,0,0,0,0,0,0,1,0,0,0,0,0,0,0,1,0,0,4,11,0,0,0,165,0,3,0,0,0,0,0,1,0,0,0,0,7,0,16,155,2,0,0,0,0,3,1226,0,0,283,0,0,0,0,0,0,27,0,0,0,0,0,0,0,0,0,231,0
"413",0,6,3,0,0,1,1,3,0,0,0,0,1,0,2,0,3,1,0,0,0,15,0,0,0,1653,0,0,7,10,256,0,0,0,0,0,5,0,1,1,0,0,0,0,0,8,2,3,0,0,4,0,1,0,0,0,0,0,0,235,3,0,0,1,0,0,146,0,0,0,11,0,0,0,0,0,0,0,0,36,0,11,100,0,0,5,243,0,0,40,507,2,1,0,0,1,0,0,31,0,0,0,0,0,13,0,89,1767,0,0,0,0,0,8,35,0,3,1,128,0,0,0,0,80,22,0,1,10,0,0,0,430,0,1,0,0,69,0,16,0,87,0,0,1,0,0,0,2,1,0,1,7,0,4,1,0,0,4,0,28,0,3,0,1,0,2,1,0,0,3,15,0,0,0,0,0,0,8,89,17,0,0,0,0,0,0,0,0,0,1,5,26,0,0,1,0,0,3,1,8,0,1,0,48,0,134,9,0,7,4,0,0,0,0,0,0,293,25,77,0,22,18,0,0,0,0,0,0,3,0,8,0,7,1030,0,0,1,0,0,74,6,20,0,0,3,0,0,0,1,0,0,0,37,0,8,334,18,0,0,10,2,0,0,0,0,0,0,0,0,133,2,0,45,0,14,0,0,0,0,779,1,0,2,0,0,0,0,1,0,7,0,91,0,0,25,0,19,0,0,34,0
"414",198,0,0,0,47,15,0,0,539,4,0,0,21,0,59,0,0,0,0,0,0,13,0,0,0,645,51,0,14,52,308,0,0,40,0,0,17,35,1,0,0,22,0,1,0,38,0,33,0,0,5,0,0,0,0,21,4,0,0,0,4,0,0,110,0,0,10,0,0,0,14,1,0,1,0,0,0,0,0,1,0,0,21,0,0,18,1,0,0,0,0,11,0,0,0,0,0,0,0,503,0,0,0,0,0,0,0,1057,0,0,0,0,0,18,49,4,0,0,19,1,0,86,0,1,529,0,0,0,0,0,0,57,0,1,0,38,364,0,0,0,9,0,0,101,0,6,116,0,0,7,11,0,0,18,1,0,0,0,0,1,0,0,0,0,0,0,0,0,0,0,1,0,0,0,0,0,3,1,48,32,0,0,0,0,18,0,0,0,0,0,18,66,0,0,0,0,0,1,0,0,0,0,0,853,0,7,0,0,1,0,75,0,0,5,1,0,2,3,16,0,0,9,0,0,0,0,0,0,47,0,83,0,0,566,0,0,3,0,1,0,1,0,0,0,6,0,0,0,0,0,0,1,16,0,15,34,7,0,6,0,0,0,0,11,1,0,0,0,0,9,0,9,315,0,0,0,0,0,0,2142,0,0,54,0,0,0,0,0,0,67,0,0,0,0,65,0,64,0,0,48,0
"415",0,0,0,0,0,0,1,0,0,0,0,0,0,1,29,0,0,0,0,0,0,0,0,0,0,1,0,0,0,0,0,380,0,241,0,4,0,192,0,0,0,0,0,15,1,13,0,19,0,0,0,0,0,0,0,0,0,3,0,0,0,0,0,0,5,8,370,3,0,0,29,0,0,38,43,0,0,0,0,195,0,0,0,0,116,0,5,0,0,34,0,0,0,0,0,0,0,0,105,0,0,1,0,0,18,0,0,3024,68,0,0,67,0,0,0,0,0,27,424,0,0,0,0,0,330,408,0,0,0,0,9,13,0,0,0,0,0,0,0,0,21,0,0,0,0,0,0,0,0,0,13,17,1,0,0,0,0,0,0,19,0,0,0,0,0,0,0,0,0,0,0,0,0,0,0,0,0,89,105,1,146,0,0,0,14,0,0,0,78,83,0,137,0,0,0,0,0,0,1,0,1,0,0,0,0,35,0,0,0,0,0,0,16,0,0,0,0,0,78,0,63,0,0,0,0,18,0,0,78,0,0,0,0,0,0,0,0,0,0,323,0,0,0,0,0,0,0,1,195,0,74,3,0,0,0,4,19,0,0,0,8,35,0,0,0,0,0,53,0,0,0,0,179,0,0,0,0,0,0,0,0,0,650,2,0,0,8,0,90,46,79,0,0,0,0,0,0,0,0,297,2
"416",0,0,0,3,4,1,0,0,0,1,1,0,0,0,34,0,0,1,1,54,0,30,0,0,0,484,0,0,6,3,3,0,0,0,0,0,1,0,0,0,1,1,0,0,0,5,0,2,0,0,1,0,0,0,17,0,0,0,0,48,0,1,0,4,0,0,146,0,0,0,8,0,0,0,0,0,0,0,0,22,0,5,76,1,0,0,113,0,0,14,0,3,186,0,0,0,0,0,8,0,1,0,0,0,7,0,0,5821,1,17,1,0,0,45,1,0,46,1,50,0,0,19,0,0,0,0,0,0,0,0,1,2,0,1,0,0,0,0,0,0,211,0,0,0,0,0,6,5,0,0,18,0,0,6,0,0,0,0,3,2,0,4,0,1,0,2,1,0,0,0,23,0,1,0,0,0,0,1,11,0,0,0,0,0,3,0,0,0,0,1,0,8,0,0,0,0,0,0,0,0,0,0,0,1192,0,58,0,0,10,0,0,0,2,0,0,0,30,0,0,0,39,11,1,0,0,0,0,0,1,0,100,0,0,660,0,0,2,0,0,2,1,0,0,0,3,45,0,0,1,0,0,1,1,0,5,2,3,0,1,16,0,0,1,2,1,0,0,0,0,688,4,0,77,0,0,0,0,6,2,45,0,0,47,0,0,0,0,0,11,0,0,0,0,0,0,0,131,0,0,27,0
"417",0,151,0,11,12,0,1,0,0,0,0,0,40,1,1009,0,24,0,0,0,2,16,0,1,0,864,19,0,10,0,0,0,0,5,3,0,0,1,0,0,0,0,0,1,0,32,0,0,0,0,0,0,0,0,0,30,0,101,1,25,0,0,0,0,171,10,487,1,0,0,57,0,0,2,12,0,0,0,0,0,0,0,0,0,1,6,0,0,0,0,1,0,3,0,0,0,3,0,1,623,0,352,0,0,6,0,0,377,1,27,8,0,3,0,0,0,0,0,91,3,18,0,0,0,0,11,43,0,0,16,1,0,0,0,0,0,38,0,0,0,0,0,0,2,0,0,0,3,0,0,0,0,6,0,1,0,4,0,0,1,0,0,0,0,0,0,0,0,0,0,0,18,2252,0,0,0,0,0,37,0,0,0,0,1,0,0,1,0,0,1,0,16,0,6,1,0,0,1,6,0,0,1,0,0,0,0,0,0,17,0,0,0,0,0,0,0,0,0,0,0,0,0,0,0,0,0,0,0,0,0,23,0,0,359,0,0,0,0,0,7,0,0,0,0,0,0,0,0,1,0,0,0,0,0,0,37,97,0,0,3,1,0,0,0,1,0,0,2,0,484,0,0,156,0,0,0,2,2,0,1659,0,0,31,0,0,0,0,0,11,40,0,0,0,0,1,2,38,0,0,14,4
"418",0,0,0,0,0,0,1,1,0,0,4,0,0,1,1159,0,0,0,0,0,1,5,0,46,1,6,0,0,22,10,350,0,0,179,0,4,98,65,0,0,4,0,0,14,0,1,0,1,1,0,0,0,0,0,0,0,0,0,0,0,0,0,9,0,0,7,0,0,22,0,0,0,0,1,3,0,0,0,0,0,0,0,0,0,9,0,0,1,0,0,1,5,0,0,0,3,0,0,47,0,1,0,0,2,0,1,1,166,25,1,0,0,0,0,10,0,0,3,0,52,0,9,0,0,1887,2,0,0,0,0,1,5,1,0,0,216,215,0,0,0,0,0,0,1,0,0,0,2,0,0,0,0,0,0,0,0,1,1,2,42,0,0,0,1,0,0,0,4,0,0,0,0,1,1,1,0,0,0,0,0,3,0,0,0,0,24,3,0,32,1,0,0,0,0,3,7,0,0,0,0,0,4,0,0,215,0,0,0,0,1,0,0,1,0,0,0,107,0,0,0,0,0,4,0,0,0,1,0,0,0,0,0,0,191,0,0,0,0,0,0,0,0,569,0,0,0,30,127,1,0,0,1,4,1,0,0,0,0,0,2,0,12,0,0,0,0,0,3,0,1629,0,0,666,0,0,0,0,0,12,1,0,0,164,0,0,0,0,4,0,3,0,0,0,0,0,1,0,2,0,0,3
"419",0,0,1,0,0,0,0,0,0,0,0,0,0,0,19,0,43,0,0,0,0,41,0,0,0,37,0,0,228,101,0,0,0,12,0,0,1,0,1,0,0,0,0,0,0,44,0,0,0,0,0,0,0,0,5,0,0,1,0,332,0,0,0,0,0,0,68,0,0,38,0,0,0,0,0,0,0,0,0,121,0,0,216,0,0,5,2,0,0,0,0,4,8,0,0,0,0,0,10,0,0,0,0,0,0,0,1,4000,1,0,0,0,0,0,0,0,0,0,368,0,0,0,0,0,22,1,0,0,0,0,13,72,0,0,0,0,11,5,0,0,1698,0,0,0,0,0,69,0,0,0,9,3,0,0,0,0,0,4,0,0,0,0,0,1,0,0,0,0,0,0,30,0,0,0,0,0,0,0,0,0,0,0,0,8,0,0,0,0,0,1,0,22,0,0,0,0,0,0,0,0,0,1,0,81,0,193,0,42,0,0,63,0,0,0,0,0,0,29,0,0,0,0,0,0,0,1,0,0,0,0,2,0,0,1,0,0,0,0,0,85,1,0,0,0,6,0,0,0,1,0,0,6,0,0,0,199,32,0,0,15,0,0,0,37,0,0,0,0,0,60,0,0,91,0,0,0,0,0,0,1015,0,0,32,0,0,20,0,0,12,27,0,0,0,0,0,0,328,0,0,10,0
"420",10,2,0,0,73,0,0,74,56,0,0,0,25,0,2,0,0,0,0,0,0,20,0,0,0,50,16,0,0,39,11,0,0,1,0,0,0,93,0,0,0,18,0,35,0,187,0,0,12,0,0,42,0,0,3,0,0,0,0,325,0,0,0,0,297,0,0,0,3,25,67,0,0,0,0,0,0,1,0,0,0,21,4,0,0,0,0,0,0,101,3,0,0,0,0,0,0,0,5,266,0,0,0,0,0,0,0,34,1,0,7,9,0,102,11,0,0,1,143,0,4,59,0,0,0,441,0,0,0,0,5,0,0,0,0,0,1,0,0,0,0,0,0,0,0,0,0,15,0,0,12,46,0,26,0,0,0,208,313,2,0,0,0,0,0,0,0,0,0,1,0,0,0,0,0,0,13,0,41,0,1,0,0,0,57,0,0,0,0,1,0,557,0,0,1,0,0,4,0,0,0,1,23,1,0,0,0,0,0,16,4,0,9,0,0,0,0,50,0,0,22,162,0,0,0,0,41,0,1,0,0,0,0,54,0,0,0,0,0,1,1,0,61,118,0,8,0,0,1,0,0,0,0,0,0,0,0,0,0,0,12,0,0,3,0,0,0,0,3,6,0,0,101,0,2,0,0,0,0,3717,1,0,24,0,0,0,0,0,375,108,0,0,0,0,0,0,0,97,0,0,0
"421",0,0,0,0,0,0,0,0,0,0,0,0,0,0,19,0,0,0,0,0,0,0,0,5,0,1,0,0,7,0,98,0,0,0,0,0,334,1,0,0,0,0,0,0,0,0,0,0,0,0,0,0,0,0,0,0,0,0,0,0,0,0,4,0,0,0,0,0,0,28,0,0,0,0,0,0,0,0,0,0,0,0,0,0,1,0,0,0,0,176,0,6,0,0,0,0,0,0,0,0,0,0,0,0,0,0,0,182,0,0,0,0,0,0,0,0,0,0,0,0,0,0,0,0,0,0,0,0,0,0,0,0,0,0,0,0,5,0,0,0,1,0,0,0,0,0,7,0,0,112,1,0,0,0,1,0,88,0,0,19,1,0,0,0,0,0,0,0,0,0,0,0,0,0,0,0,13,0,0,0,0,0,8,0,0,0,0,0,0,0,0,0,7,0,0,5,0,0,0,0,0,0,0,0,0,5,0,0,0,16,0,0,0,0,0,0,22,0,0,0,24,0,0,0,0,0,0,0,6,0,0,0,0,146,0,0,0,0,0,0,0,0,0,0,0,0,0,0,0,0,0,0,0,0,8,0,0,0,5,0,1,0,0,0,0,0,0,0,0,1407,6,0,4418,0,6,0,0,0,5,1994,0,0,16,0,0,0,0,0,0,0,0,0,0,0,152,0,17,0,0,26,0
"422",7,0,0,0,26,0,0,28,1471,0,0,0,31,108,1,0,0,0,0,1,30,11,15,0,0,943,31,0,3,0,0,0,0,9,0,0,0,3,1,1,3,35,0,25,0,43,0,25,0,0,0,1,0,0,12,0,0,0,0,94,0,13,0,0,0,0,214,0,0,0,20,0,3,7,0,0,0,0,0,28,0,0,116,1,0,0,64,0,0,0,0,5,1,7,0,0,0,0,13,270,5,4,0,0,0,0,0,1141,0,0,0,0,0,303,45,0,11,0,75,0,0,85,1,1,3,0,0,0,0,0,3,37,0,0,0,0,3,1,0,0,14,0,0,0,0,0,0,10,0,0,3,2,0,9,1,0,0,0,4,1,0,0,0,1555,0,0,0,0,0,0,0,0,1,0,0,6,0,45,270,0,10,0,0,0,0,0,0,0,0,0,4,29,1,0,0,0,0,0,0,0,0,0,0,0,0,15,1,0,0,0,0,0,5,0,0,0,100,0,4,1,1,20,0,0,0,0,0,0,25,0,44,1,0,258,0,0,0,0,0,92,1,0,0,0,0,0,0,0,0,24,83,1,0,1,55,92,17,0,5,0,15,0,0,7,0,0,0,0,0,6,0,1,182,0,0,1,586,3,13,756,0,0,40,0,3,7,0,9,48,0,0,0,1,0,15,1,4,0,0,45,0
"423",24,0,0,0,24,0,2,0,10,0,0,4,3,35,4,0,0,0,0,0,20,0,4,3,0,530,26,0,0,0,0,0,0,0,0,0,0,23,0,0,1,12,0,40,0,0,0,3,0,0,0,20,0,0,0,0,0,15,0,0,0,0,0,0,0,0,0,0,0,0,0,0,7,111,756,0,0,0,0,30,0,0,0,0,63,0,0,0,0,0,1529,0,0,0,0,0,0,0,0,122,0,0,0,0,23,4,0,139,1,6,0,0,15,0,26,0,0,1,65,0,0,7,0,0,0,0,0,0,0,0,0,453,0,0,0,0,0,0,0,0,1,0,0,0,0,0,0,3,0,0,0,0,0,5,0,0,0,0,0,109,0,0,0,56,0,0,0,0,0,0,0,0,0,0,0,0,0,0,0,0,0,0,0,0,0,0,0,0,20,1,0,0,0,0,1,0,0,0,0,0,0,1,0,0,0,0,0,0,0,1,0,0,0,0,0,0,18,20,0,0,0,0,0,0,0,0,0,0,0,0,0,0,0,1697,0,0,0,0,0,0,1,0,0,0,0,0,0,0,1,10,0,0,0,0,24,0,0,1,0,0,0,0,0,0,3,0,0,0,0,4,0,0,171,0,0,0,0,0,0,3112,0,0,0,0,0,0,0,0,3,0,0,0,1,0,0,1,0,0,0,0,0
"424",8,5,0,0,12,8,141,0,0,0,0,0,0,0,16,0,0,0,5,0,0,2,25,0,0,3813,34,0,34,16,0,0,0,13,0,0,16,3,1,0,0,22,0,0,0,108,0,3,1,0,1,0,0,0,0,0,0,0,0,1,0,0,0,0,0,0,74,0,9,0,2,0,6,0,0,0,0,0,0,1,0,0,23,0,0,0,0,0,0,0,0,0,5,0,0,1,0,23,0,60,0,438,0,0,8,0,0,197,1,1,0,0,0,0,21,0,4,1,17,1,0,0,0,46,0,12,0,0,0,0,0,0,0,0,0,67,1,0,0,0,14,0,83,0,0,34,0,0,0,0,5,1,0,0,1,0,0,0,0,0,0,6,2,0,0,2,0,0,0,0,4,0,96,0,0,0,0,0,4,0,0,1,0,1,0,0,0,0,0,1,0,0,0,16,1,0,0,1,3,0,0,1,0,0,0,0,0,0,12,30,0,0,0,0,0,0,0,0,71,0,0,40,0,0,0,0,0,0,0,0,0,0,0,1746,0,0,0,0,0,13,1,0,0,0,0,15,0,0,1,0,0,0,0,0,0,0,0,0,0,0,0,0,0,1,1,0,0,0,1,9,0,0,1993,0,0,0,0,0,1,122,0,0,118,0,0,0,0,0,0,1,0,0,0,0,1,1,21,0,0,145,0
"425",273,11,0,0,159,14,1,9,0,0,40,3,37,1,4,0,10,0,0,0,0,5,0,0,0,910,29,0,3,0,44,0,45,11,0,0,0,1,0,0,8,70,0,0,0,15,0,12,0,0,0,0,0,0,6,55,0,22,0,6,0,0,16,0,6,0,9,0,3,15,58,1,36,0,0,0,0,0,0,1,0,3,94,0,22,11,4,0,0,21,0,90,58,0,0,0,0,38,14,326,0,0,44,4,0,0,0,217,0,0,8,54,0,8,69,0,173,1,1,0,0,28,0,1,541,14,0,11,1,0,5,0,22,0,0,0,1,0,0,12,499,0,76,0,3,26,16,0,0,0,0,2,0,39,0,0,0,0,4,64,0,0,0,0,0,0,0,0,0,0,0,0,0,0,0,0,0,0,6,1,0,1,0,0,2,0,0,48,0,0,44,21,1,0,102,0,0,0,0,0,160,0,0,0,1,3,0,0,0,3,0,0,0,3,1,1,30,0,14,0,1,1,0,0,0,1,0,0,32,3,23,0,1,510,0,0,0,0,0,22,0,0,0,0,120,2,10,1,0,0,0,0,6,1,1,6,0,0,5,0,1,0,2,1,0,3,0,0,0,202,0,9,2213,0,10,0,0,0,1,1759,1,0,97,3,0,0,0,1,4,11,0,3,1,0,54,0,10,0,0,14,0
"426",0,0,0,1,0,0,1,0,0,0,0,0,0,0,139,0,0,0,2,0,0,18,0,3,0,1,0,0,0,24,713,0,0,42,0,0,8,67,0,0,1,0,4,18,0,63,0,0,0,0,15,0,0,0,49,1,1,0,0,0,0,9,0,0,0,0,60,2,0,0,132,0,0,0,35,0,0,0,0,34,0,0,480,0,344,0,0,0,0,182,0,21,86,1,0,0,0,0,38,0,0,0,0,34,31,0,0,2686,1,0,1,0,0,63,22,0,4,8,213,4,0,0,0,0,0,0,0,0,0,101,114,196,0,0,0,0,0,0,0,0,0,0,0,0,0,0,0,0,0,0,0,0,0,0,0,0,0,0,0,23,14,9,3,222,0,2,4,0,0,0,0,0,1,0,0,0,0,63,2,0,0,0,0,0,0,0,0,0,0,1,0,123,0,0,4,0,0,0,0,0,0,1,0,0,1,0,0,0,22,13,0,0,0,0,0,0,0,0,43,0,0,12,0,0,0,0,0,0,233,0,105,0,0,366,0,0,0,0,0,0,4,0,57,0,0,0,0,0,13,0,0,18,0,0,15,0,0,0,0,53,0,0,0,0,2,0,0,0,0,13,0,123,145,0,0,0,0,0,1,1239,0,0,101,0,0,0,0,2,0,48,91,0,0,0,47,0,69,0,0,14,0
"427",0,0,0,0,0,0,1,0,0,0,0,0,0,0,14,28,3,0,0,0,0,1,0,1,0,2045,0,0,1,2,10,0,0,0,0,0,0,1,0,0,1,0,0,0,0,0,0,0,0,1,1,0,0,0,1,1,0,1,0,0,0,0,0,0,0,0,0,1,0,0,0,0,0,0,0,0,0,0,0,7,0,0,0,0,0,3,0,0,0,0,0,5,12,0,0,0,0,0,0,0,0,49,0,0,4,0,0,1875,1,0,0,0,0,45,0,1,57,0,1,10,0,0,0,0,0,0,0,0,0,0,1,26,0,0,1,0,104,0,0,0,2,0,33,1,0,0,1,4,4,0,0,0,0,0,1,0,0,3,0,5,0,0,0,0,0,0,0,0,0,4,1,13,0,0,0,0,0,0,0,0,0,0,25,1,0,0,1,0,0,0,0,1,1,1,0,0,0,0,0,0,0,1,0,0,99,1,0,0,0,0,1,0,0,0,0,0,39,0,5,0,0,0,0,0,0,0,0,0,0,0,0,0,0,2259,0,0,1,0,0,4,0,0,0,0,1,1,0,0,1,0,0,1,8,0,0,1,1,0,7,3,0,0,0,1,0,0,0,0,1,102,0,17,36,1709,0,0,1,0,2,1689,0,1,1,0,0,0,0,0,0,1,0,0,0,0,19,0,1,0,0,1,0
"428",29,0,0,1,0,0,0,0,750,0,0,0,27,0,1,0,0,0,0,0,0,10,0,0,0,689,0,0,0,23,419,181,0,0,0,0,7,0,1,0,0,26,0,3,0,0,0,0,0,0,1,22,0,0,0,0,1,0,0,0,0,10,0,0,0,11,193,0,0,0,16,0,0,0,0,0,0,0,0,1,0,4,0,0,15,0,0,1,0,167,5,0,0,13,0,0,0,0,4,214,0,0,0,0,27,0,0,1651,0,0,0,0,16,12,64,0,284,0,92,50,10,86,0,1,0,0,0,0,0,53,0,0,0,0,0,195,0,0,0,0,4,0,0,0,0,0,0,0,0,0,10,0,0,0,0,0,0,0,13,32,0,0,0,1,0,0,0,3,0,0,0,0,86,0,0,0,0,2,312,0,0,0,0,0,0,0,0,0,0,0,0,150,0,0,0,0,0,0,0,0,0,0,0,0,285,132,0,0,1,0,0,0,0,0,1,0,0,0,0,0,0,15,0,9,0,0,0,0,58,0,114,0,0,364,0,0,0,0,0,0,0,3,0,0,3,0,0,0,0,0,152,0,9,0,34,0,0,0,0,1,0,0,0,0,1,0,0,0,0,494,0,0,49,0,0,0,0,3,5,1907,0,0,118,0,0,0,0,0,3,0,0,0,0,0,54,0,0,0,0,175,0
"429",0,4,0,0,160,7,0,17,15,0,0,0,0,59,59,0,7,0,0,0,58,21,0,0,0,149,23,0,8,0,73,0,0,7,0,0,28,23,0,0,8,0,0,0,0,0,0,35,0,0,0,16,0,0,0,86,0,41,0,8,0,39,39,0,2,0,27,0,3,0,199,0,77,629,12,0,0,0,0,9,0,27,0,0,0,1,0,0,0,29,3,0,0,0,0,0,0,0,51,921,7,0,11,0,0,9,0,1,1,12,1,0,0,87,23,0,0,1,35,0,4,41,0,0,89,11,67,0,0,0,0,27,0,0,33,15,81,0,0,0,3,0,0,1,61,0,0,22,0,0,3,0,0,0,0,0,9,5,291,173,0,0,0,0,0,0,0,0,0,0,0,0,1,0,0,0,0,0,82,0,0,0,0,2,27,0,1,0,0,1,0,34,3,0,41,0,0,0,0,0,0,1,0,47,0,5,0,0,0,1,3,0,3,0,56,0,349,0,0,0,0,0,89,0,0,0,0,0,0,0,179,0,0,110,0,0,0,0,0,1,0,0,0,0,0,34,1,0,1,0,0,0,0,0,38,8,0,10,0,8,0,0,0,2,0,0,0,0,28,39,0,0,118,0,1,0,0,0,29,2702,0,0,80,0,0,0,0,3,102,110,0,0,0,0,635,0,3,0,0,81,0
"430",0,0,0,0,46,13,112,2,28,0,0,0,12,308,11,0,0,0,0,0,0,0,9,0,0,1191,48,0,0,0,67,0,0,0,0,0,0,99,0,0,0,0,0,0,4,0,0,0,0,0,0,2,0,0,0,35,0,0,0,157,0,11,10,0,56,0,41,0,0,0,32,0,0,0,0,0,0,0,0,0,0,0,0,0,8,0,0,0,0,0,0,251,0,0,0,0,0,25,44,1098,0,0,0,0,0,0,1,6,1,0,0,0,0,0,0,0,5,71,8,0,4,9,0,57,0,0,1,0,0,0,1,1,0,0,0,0,0,0,0,0,20,0,0,0,0,0,0,0,0,0,0,0,1,12,0,0,0,7,0,31,8,0,0,0,0,0,0,0,0,0,0,0,0,0,0,0,0,0,55,0,0,0,0,0,0,0,9,0,0,1,0,23,0,0,0,0,0,0,0,0,0,1,0,0,0,0,0,0,0,0,244,0,0,0,0,0,409,0,0,0,0,0,0,0,0,0,0,0,26,0,10,0,0,425,0,0,0,0,0,1,26,0,3,0,0,0,1,0,3,0,0,0,0,0,0,0,4,0,0,0,0,0,0,1,0,0,0,0,19,276,0,0,108,2378,0,0,0,0,6,1000,0,0,0,0,0,0,0,0,30,0,0,0,0,0,0,0,0,0,0,60,0
"431",7,5,0,0,24,3,2,0,0,0,0,0,0,0,3,0,5,0,0,0,76,57,4,0,0,1356,65,0,10,0,63,0,0,13,0,0,0,100,0,0,3,0,0,34,0,54,0,34,0,0,2,0,0,0,0,80,0,9,0,0,1,0,9,0,0,0,153,0,0,185,51,0,7,16,0,0,0,0,0,420,0,0,58,0,590,0,0,0,0,17,0,869,1,0,0,0,0,17,4,78,0,0,0,0,0,0,135,14,0,0,3,9,0,29,12,0,3,0,90,2,16,0,0,0,20,0,0,0,0,0,0,0,0,1,1,0,1,0,0,0,2,2,31,1,0,1,0,8,0,0,35,107,0,0,4,0,1,1,0,85,0,0,0,156,0,2,0,0,0,0,0,0,4,0,1,0,0,134,99,0,0,0,0,0,0,0,0,0,0,6,0,117,0,0,1,0,0,0,1,0,0,1,0,0,0,180,0,0,0,1,0,0,0,0,0,0,170,0,0,0,238,0,0,0,0,0,0,0,72,0,633,0,1,166,0,0,3,0,0,1,1,0,0,0,0,0,0,0,1,0,0,0,15,1,5,5,0,0,8,111,0,0,0,3,0,0,0,0,0,68,3,55,10,0,2,0,0,0,3,1648,0,0,339,0,0,0,0,0,0,98,0,0,0,0,2,0,1,0,0,60,0
"432",0,0,0,0,11,0,0,1,380,0,0,0,14,214,3,1,0,0,0,0,2,4,0,1,0,3971,9,0,1,2,1,0,0,115,0,0,6,1,0,0,3,19,0,81,0,21,0,3,0,0,0,24,0,0,1,8,0,0,0,0,0,0,0,0,203,0,7,0,0,0,9,0,0,3,0,0,0,0,0,1,0,0,7,0,25,1,0,0,0,41,8,1,76,35,0,0,0,0,21,695,0,0,0,1,0,0,1,3,1,1,0,0,0,8,17,0,2,1,82,3,0,8,0,0,386,1,0,0,0,0,2,535,0,0,0,0,113,0,0,0,0,0,0,1,0,0,0,4,0,0,8,4,0,6,1,2,4,0,3,0,0,0,0,1,0,2,0,0,0,0,1,0,7,0,47,0,0,1,53,3,1,0,0,0,4,0,0,0,0,1,0,5,1,0,21,0,0,0,0,0,0,0,0,1,1,8,0,0,6,1,0,0,2,0,10,0,115,1,0,0,1,0,0,0,0,0,0,0,13,0,15,0,0,18,0,0,1,0,0,1,1,0,0,0,0,0,0,12,1,0,7,1,0,0,1,4,1,0,0,4,0,0,0,1,1,0,0,0,1,89,0,3,412,0,4,0,0,0,19,1014,1,0,49,0,0,0,0,1,13,1,0,0,0,0,44,0,3,0,0,29,18
"433",199,0,0,0,0,9,7,30,70,0,0,6,34,371,64,0,0,0,0,0,27,20,14,1,0,689,40,0,38,0,1,0,0,32,0,0,271,149,0,0,0,39,0,100,0,339,0,7,0,0,6,0,0,0,5,0,0,0,0,335,0,13,107,0,0,0,32,0,12,90,142,4,35,3,0,0,0,0,0,84,0,0,1,0,51,1,4,0,0,30,0,25,0,19,0,2,0,0,19,367,0,0,0,0,6,0,240,102,0,0,0,1,0,122,41,0,193,0,20,0,14,224,42,1,16,16,0,0,0,0,1,59,0,0,0,7,7,0,0,0,12,0,0,0,0,0,141,21,0,0,8,17,0,0,0,0,0,0,213,19,0,0,0,776,0,0,4,0,0,0,4,0,1,0,0,0,0,111,44,0,0,0,0,0,1,0,0,0,0,0,0,90,4,0,0,0,0,0,0,0,0,0,0,25,0,12,5,0,37,156,0,0,206,6,2,1,54,34,0,11,286,64,0,0,0,1,66,0,131,0,160,1,0,32,0,0,0,0,0,1,0,0,0,0,1,0,0,0,0,1,384,9,28,0,5,11,10,3,4,19,3,0,7,10,0,0,0,0,23,24,0,92,142,0,0,0,0,3,1,1053,0,0,527,0,0,0,0,0,12,54,0,0,0,0,15,0,20,0,0,5,0
"434",41,0,0,0,0,0,0,0,0,0,0,0,0,0,70,0,5,0,0,0,0,21,0,0,0,3457,0,0,22,39,0,0,0,71,0,0,700,0,0,0,0,0,0,0,0,0,0,8,0,0,0,0,5,6,0,20,0,0,0,17,0,0,0,0,0,0,0,1,0,0,0,0,1,0,0,0,1,0,6,15,7,0,190,0,0,0,1,0,0,0,0,11,16,0,0,171,88,0,0,0,0,0,0,0,3,0,0,1321,0,46,0,0,0,94,0,10,0,0,16,0,0,0,73,0,0,0,0,0,0,0,0,0,0,36,0,0,436,0,0,0,61,0,0,0,0,721,42,0,0,0,0,0,0,0,0,0,56,0,0,0,0,0,0,0,0,0,0,0,0,0,0,3,0,0,0,0,9,0,0,0,0,0,0,0,10,24,0,0,0,0,0,0,0,2,0,0,0,0,1,0,0,0,0,0,0,56,0,0,0,0,6,0,0,0,0,0,21,45,156,0,15,0,0,0,0,0,0,0,0,0,0,0,0,7,0,0,0,0,0,0,0,0,0,0,0,0,0,1,0,0,0,0,0,0,18,83,0,0,4,11,3,0,0,1,0,0,5,0,0,9,0,0,411,0,0,0,0,0,10,0,0,310,346,0,0,0,0,0,0,51,0,0,0,0,0,0,19,0,0,25,0
"435",3,0,0,1,0,0,0,19,0,0,0,0,9,0,149,0,0,4,3,4,8,311,0,0,0,0,0,0,0,0,0,0,5,144,0,0,8,345,3,0,0,0,0,68,4,13,0,0,0,0,41,3,0,0,0,0,1,0,0,0,0,0,0,0,0,0,78,0,2,0,52,0,0,3,0,0,0,0,0,0,0,0,0,0,0,0,152,3,6,93,0,201,22,0,17,153,0,0,4,53,0,0,0,0,0,0,0,0,0,12,1,0,0,13,8,0,0,0,0,0,0,0,0,1,0,0,0,0,0,0,26,16,10,0,0,1,869,1,0,12,1658,4,0,1,0,0,0,0,0,1,23,1,0,8,0,7,0,0,11,67,0,0,0,0,0,0,0,9,0,0,0,0,0,0,0,0,0,0,1041,0,0,3,0,0,0,0,0,2,0,0,15,0,15,0,0,0,1,1,0,0,0,276,0,37,1,0,0,0,0,25,0,0,0,0,56,0,109,0,0,0,0,0,0,0,6,3,0,0,58,0,173,0,0,697,0,0,0,0,0,0,0,1,176,0,9,0,0,0,0,0,0,0,0,0,15,0,50,0,0,21,0,0,1,0,1,0,0,0,0,0,0,0,0,0,0,1,0,0,24,0,0,0,280,0,0,405,0,4,8,0,69,0,0,0,0,0,0,0,0,111,0
"436",0,0,0,0,0,0,0,0,0,0,0,0,2,0,7,0,0,0,0,0,0,39,0,0,0,3458,0,7,10,4,0,0,0,0,0,0,4,0,0,0,0,0,0,0,0,0,0,0,0,0,0,0,0,0,0,0,0,7,0,0,0,0,0,0,0,0,83,0,0,0,14,0,0,1,0,0,0,1,0,2,0,0,0,0,0,6,366,0,0,0,0,0,2,0,0,0,0,0,0,0,0,116,0,0,0,0,0,61,1,0,0,0,0,36,3,26,0,1,68,2,0,0,0,0,0,0,0,0,0,0,0,1,0,0,0,0,12,0,0,0,7,0,0,2,0,0,5,5,0,0,11,0,0,38,0,3,18,0,0,0,0,0,0,0,0,0,0,2,0,0,0,0,0,0,0,0,0,0,46,0,0,0,0,0,0,0,0,0,0,2,18,0,10,0,0,0,0,0,0,0,0,1,0,1,0,45,0,0,21,0,0,0,0,0,0,14,0,19,194,0,0,0,0,0,1,0,0,0,3,0,9,0,0,343,0,0,0,0,0,14,1,0,0,0,2,0,0,18,1,0,0,0,0,31,4,5,2,0,0,0,2,0,0,11,0,2,0,0,0,1,0,0,1222,0,0,0,0,0,0,2788,0,0,0,0,0,0,0,4,112,0,0,0,0,0,31,0,1,0,0,168,0
"437",8,48,0,4,0,0,1,7,12,0,0,1,25,14,6,0,0,0,0,16,28,18,4,2,0,3092,0,0,5,178,154,0,0,113,0,0,12,25,1,1,3,69,0,62,0,24,0,4,0,1,2,24,0,0,81,11,0,48,0,0,0,6,5,0,0,7,51,0,1,0,14,0,0,1,0,0,0,0,0,1,0,0,0,0,18,10,17,0,0,72,0,6,1,45,0,0,0,0,8,90,0,0,0,0,0,0,101,12,1,0,2,0,0,20,2,0,16,1,30,4,17,19,0,0,1152,0,0,0,0,1,18,20,2,1,0,0,133,0,0,0,27,0,0,0,0,0,0,4,0,0,3,0,0,0,1,0,0,1,0,1,0,5,1,1,1,2,0,43,0,0,0,0,0,1,0,0,0,1,0,0,0,0,0,14,0,0,0,0,0,6,0,65,6,0,48,1,0,0,0,0,0,1,0,0,0,12,0,0,0,2,104,0,0,0,0,0,1,13,51,0,0,0,1,0,0,0,0,0,22,3,53,0,2,18,0,9,0,0,0,63,1,0,37,0,0,0,0,0,1,0,0,1,0,0,4,7,28,3,3,278,0,0,0,0,112,0,0,0,0,262,4,2,85,0,5,0,38,0,10,788,0,17,24,0,0,0,0,1,1,0,0,0,0,0,58,0,7,0,0,178,0
"438",17,0,0,0,52,0,13,14,13,0,0,0,6,2,1,0,15,0,0,0,12,2,0,4,0,994,146,0,6,39,11,0,0,9,0,0,5,76,1,0,4,12,0,0,0,34,0,24,0,0,1,0,0,0,3,139,0,46,0,3,5,0,12,0,296,0,9,0,0,105,13,0,0,0,0,0,0,0,0,5,0,0,11,0,81,1,0,0,0,23,0,20,1,0,0,0,0,118,3,224,0,9,0,0,0,0,0,153,18,0,1,0,0,0,26,3,3,1,69,5,0,0,0,0,31,0,75,0,0,0,2,69,0,0,0,0,1,0,1,0,12,16,69,4,0,46,123,12,0,0,10,46,0,0,1,0,1,1,0,39,0,0,0,518,0,3,0,0,0,0,14,24,0,0,0,0,0,59,44,0,0,0,0,26,57,0,2,0,0,1,0,40,4,1,0,0,0,0,0,329,256,0,0,0,0,16,1,0,11,1,162,0,0,5,50,0,35,0,759,0,0,0,0,0,0,3,0,0,4,0,124,0,0,21,0,0,0,0,0,46,0,0,0,10,0,0,0,0,2,0,0,7,0,0,34,5,19,0,1,1,4,0,0,2,0,0,0,0,2,14,6,97,36,0,7,0,0,0,10,2122,0,0,31,0,0,0,0,10,143,8,0,0,0,0,1,0,1,0,0,58,6
"439",0,2,1,0,0,0,0,1,0,1,0,0,0,251,4,0,0,0,0,0,9,25,0,1,0,5038,0,0,5,0,66,0,0,0,0,0,16,90,1,0,0,0,0,27,0,548,0,0,0,0,0,0,0,0,6,0,0,0,0,0,0,0,0,0,0,0,165,0,0,179,0,0,0,4,0,0,0,0,0,545,0,0,155,0,51,1,105,0,0,0,0,1,1,0,0,21,0,0,0,0,0,0,0,0,0,1,0,1132,0,0,0,0,0,0,2,0,0,0,72,0,0,0,0,23,0,0,0,0,0,0,0,841,0,0,0,0,1,0,37,0,9,2,0,1,0,0,0,0,0,5,38,30,0,0,1,0,1,3,0,7,0,0,0,0,0,0,0,0,1,0,0,0,0,0,0,0,0,101,21,0,0,0,4,0,0,0,0,0,0,1,0,0,0,0,0,0,0,0,0,0,0,0,1,0,0,15,0,0,0,0,2,0,0,0,0,0,29,73,64,0,56,40,1,0,0,0,0,0,18,0,144,0,0,1,0,0,1,0,0,1,1,0,0,0,1,0,0,0,1,2,0,0,0,0,2,6,5,0,0,34,0,0,0,2,0,0,0,0,0,4,0,0,11,0,0,0,0,0,0,96,0,0,192,0,0,1,0,0,12,0,0,0,0,0,0,0,1,0,1,9,0
"440",43,15,0,0,0,0,23,0,1102,0,0,0,17,0,9,0,0,0,0,0,0,0,39,7,0,1104,46,0,7,14,0,0,0,0,0,0,24,0,0,0,13,0,0,0,0,0,0,0,0,1,0,0,0,0,0,0,0,127,0,26,0,0,12,0,0,0,0,1,0,0,0,0,6,0,0,4,0,6,0,17,0,0,5,0,0,1,1,0,5,0,0,6,5,0,0,0,0,42,0,158,0,0,0,0,21,0,0,516,0,0,0,0,0,0,0,20,0,83,46,1,0,0,107,1,8,0,3,0,0,0,0,0,0,1,0,0,1,1,0,0,4,26,0,0,0,28,0,0,0,0,0,0,0,34,1,0,0,0,0,73,0,0,0,0,0,0,0,106,0,0,1,0,2,0,0,0,0,28,0,0,0,0,0,0,4,0,0,0,0,0,0,29,2,7,0,0,0,0,0,28,0,0,0,0,0,2,1,1,0,9,0,0,0,0,0,0,0,0,75,0,18,1,0,0,0,0,0,0,0,0,0,0,0,155,0,0,0,0,0,0,0,0,0,0,0,0,0,1,0,0,0,0,0,0,0,1,9,0,0,0,0,0,0,1,0,0,0,0,113,46,0,0,119,0,0,0,0,0,4,5114,0,1,0,0,2,0,0,7,0,0,0,0,0,0,5,0,5,0,0,0,0
"441",0,0,0,0,0,0,1,3,0,0,0,0,0,0,24,0,0,0,0,0,0,13,0,4,0,1353,0,0,5,0,809,0,0,86,0,0,1,0,0,0,0,0,0,18,0,0,0,7,0,0,0,0,0,0,0,0,0,3,0,37,0,0,0,0,0,0,0,0,0,0,0,0,0,0,0,0,0,0,0,0,0,0,0,0,1,0,0,0,0,0,1,0,201,54,0,155,0,0,0,0,0,15,0,0,0,0,3,3414,0,0,0,0,0,0,0,0,0,0,0,1,0,0,0,0,0,0,0,0,0,0,0,1,0,0,1,0,26,0,0,0,335,0,0,0,0,0,0,0,0,0,0,0,0,0,0,0,0,1,0,5,0,0,0,442,0,0,0,0,0,0,0,0,1,0,8,0,0,0,0,0,0,0,0,7,0,0,4,0,0,0,0,1,0,0,0,0,0,0,0,0,0,0,0,0,1,0,0,0,0,0,75,56,0,0,1,0,75,0,0,0,0,63,0,0,0,2,0,0,28,0,0,0,0,88,0,0,0,0,0,0,0,0,1,0,0,0,1,0,0,0,0,1,0,0,0,0,6,0,0,0,0,0,0,4,4,0,0,0,0,1158,0,0,222,0,0,0,0,0,1,31,0,1,0,0,0,20,3,0,0,0,124,0,0,1,0,0,0,0,0,54,0
"442",0,0,0,55,12,6,1,0,2504,0,0,0,16,1,0,0,12,0,0,0,0,34,0,0,0,497,91,0,176,0,73,0,0,0,0,0,0,287,0,0,2,18,0,0,0,0,0,3,0,0,0,0,3,0,0,32,0,0,0,0,0,0,11,0,3,0,0,0,0,0,56,0,0,0,0,52,0,1,0,15,0,11,0,0,0,0,0,0,0,0,0,0,0,0,0,0,0,76,37,340,10,0,0,0,0,0,0,65,1,0,1,0,0,0,7,1,4,2,0,0,18,33,0,0,0,0,0,0,0,0,0,11,0,0,1,0,1,0,1,0,2,0,0,1,25,0,31,3,0,0,15,15,1,1,1,0,0,0,0,69,0,0,0,0,24,0,0,0,0,0,10,0,0,0,43,0,0,96,0,39,0,0,0,0,0,0,0,0,0,11,2,40,0,0,41,0,0,0,0,0,0,1,0,1,1742,0,0,1,0,25,0,0,0,0,0,0,0,46,67,0,40,0,0,0,1,0,0,0,0,0,0,0,0,207,0,0,1,0,0,1,1,0,0,0,0,6,0,0,1,25,0,7,14,1,0,0,12,0,0,0,3,0,0,2,28,6,0,0,0,3,0,0,561,1,1,0,3,2,43,691,1,0,252,0,0,0,0,1,19,43,0,0,1,0,0,1,0,0,0,239,17
"443",0,0,0,0,0,0,1,0,0,0,12,0,0,565,0,0,0,0,0,0,0,8,0,0,0,2986,0,0,28,0,534,0,0,17,0,0,4,3,0,0,0,0,0,0,0,0,0,0,0,0,0,0,0,0,0,0,0,0,0,0,0,19,0,0,0,0,0,0,0,0,32,0,0,0,0,0,0,0,0,1,0,0,0,0,4,0,0,0,0,0,0,3,0,0,0,0,0,0,0,0,0,0,0,0,1,0,0,89,0,3,0,0,0,53,0,0,0,0,0,0,0,0,0,0,20,0,0,0,0,0,0,90,0,1,0,0,0,0,0,0,0,0,0,0,0,0,1,0,0,0,10,0,0,0,0,0,0,0,171,0,0,0,0,0,0,1,0,0,0,0,9,11,0,0,0,0,0,0,50,0,0,0,0,0,0,0,0,0,0,51,0,0,0,0,0,0,151,0,0,0,0,0,0,0,0,0,0,0,0,0,0,0,44,0,0,0,29,0,0,0,0,36,0,0,0,0,0,0,51,0,0,0,0,509,0,0,6,0,0,0,0,0,0,0,0,0,0,16,0,0,0,1,3,0,1,0,0,0,3,0,0,0,0,0,0,0,0,0,5,1489,0,0,350,0,0,0,0,0,1,2167,0,0,0,0,0,0,0,0,9,0,0,0,0,0,0,0,0,0,0,0,0
"444",0,0,0,0,0,0,0,0,0,0,0,0,0,0,6,0,0,0,0,0,0,0,0,0,0,0,0,1,3,36,0,0,0,0,0,0,0,0,0,0,0,0,0,0,0,0,0,0,0,0,0,0,0,0,0,0,0,0,0,0,0,0,0,1,0,0,50,0,0,0,0,0,0,0,0,191,0,0,0,0,0,0,0,0,0,1,5,0,0,0,0,0,0,0,0,0,30,0,0,0,0,0,0,0,0,0,0,0,0,0,0,0,0,0,0,0,0,0,0,0,0,0,0,22,0,0,0,0,0,0,0,135,0,0,0,0,5,0,0,0,0,0,0,0,0,0,0,0,0,0,0,0,0,1,0,0,0,0,0,0,0,0,0,0,0,0,0,0,0,0,1,0,1,0,0,0,0,0,0,0,0,0,0,0,0,0,0,0,0,0,0,0,0,0,0,7,0,0,0,0,0,0,0,0,0,0,0,0,0,0,9,0,0,0,0,0,0,0,0,0,0,1,0,0,0,0,0,0,0,0,0,0,0,4,0,0,0,0,1,0,0,0,0,0,1,0,0,0,0,0,0,0,0,0,0,0,0,0,0,0,0,0,0,0,0,0,0,0,6,7362,45,0,238,0,0,0,0,0,0,699,0,3,0,0,0,88,0,0,0,0,0,0,0,0,0,0,0,0,0,0,0
"445",0,0,0,0,0,0,0,0,0,0,0,0,1,0,94,0,0,0,0,0,0,0,0,6,0,1536,0,0,22,12,142,0,0,47,0,0,31,382,0,0,0,0,0,0,0,0,0,0,0,0,0,0,0,0,0,0,0,0,0,0,0,0,0,0,0,0,0,0,0,0,0,0,0,0,0,83,0,0,0,0,0,0,0,0,0,1,101,0,0,0,0,100,72,0,0,0,0,0,0,0,0,0,0,0,0,0,0,2973,0,0,0,0,0,0,0,1,0,1,47,0,0,0,0,1,0,0,0,0,0,0,0,0,0,1,0,0,17,0,0,0,7,0,0,0,0,0,0,0,0,0,0,0,0,0,0,0,51,0,0,0,21,0,0,0,0,0,0,0,0,0,0,0,0,0,0,0,0,8,0,0,0,0,0,0,0,0,0,0,0,0,0,221,4,2,0,0,0,0,0,0,0,0,0,0,0,2,0,0,12,0,0,0,0,0,8,0,0,0,0,0,47,0,0,0,0,0,0,0,0,0,0,0,0,63,0,0,0,0,0,0,0,0,0,0,3,0,0,0,0,0,0,0,0,0,13,5,1,0,0,46,0,0,0,0,6,0,0,0,50,110,0,0,17,1,0,0,0,0,0,2514,0,0,97,0,0,197,0,0,0,0,0,0,0,0,0,0,105,0,0,64,0
"446",0,69,0,0,41,8,9,1,674,0,0,0,6,0,89,0,0,0,0,0,3,13,4,30,0,464,18,0,159,14,0,0,0,10,0,0,0,283,0,0,0,0,0,0,0,1,0,78,0,0,0,0,0,0,0,88,0,43,0,38,6,7,0,0,0,53,101,0,3,42,13,0,10,0,0,0,0,0,0,12,0,0,172,0,0,8,97,192,0,0,0,0,1,0,0,0,0,0,4,150,0,0,0,32,6,0,0,2459,1,0,1,80,0,10,20,0,3,0,165,5,0,0,0,0,17,0,0,0,23,0,2,32,0,0,0,0,90,0,41,0,528,1,0,3,0,415,0,33,4,0,16,10,0,0,0,0,1,4,0,9,0,0,0,1,0,2,0,0,0,0,0,0,1,0,0,0,0,84,0,47,0,0,0,1,10,0,0,0,0,2,0,5,5,28,32,0,0,4,1,0,7,0,0,0,0,255,0,0,7,11,2,0,0,0,0,4,0,189,220,0,124,43,0,0,0,8,0,0,0,0,1,0,0,24,0,0,4,0,3,183,0,0,0,0,0,0,0,0,1,0,0,11,0,0,34,15,0,0,9,3,16,9,0,13,1,0,0,0,190,25,0,0,129,0,0,0,0,0,1,142,0,0,61,0,0,0,0,39,0,0,0,0,0,0,12,0,0,0,0,35,0
"447",0,0,0,0,0,0,0,20,0,0,0,0,0,0,27,0,0,0,0,0,12,0,0,1,0,2152,0,0,2,21,80,0,0,260,0,0,12,0,0,0,0,0,0,52,0,0,0,5,3,0,11,0,0,0,19,0,0,0,0,78,0,80,0,0,0,0,36,0,0,0,19,0,0,10,0,0,0,0,0,20,0,0,0,0,0,8,26,0,1,48,1,1,1,0,0,1,0,0,509,0,0,1,0,0,10,0,0,104,1,0,0,0,0,159,0,0,0,1,143,1,0,8,1,22,246,0,0,0,0,0,0,0,0,1,0,0,1,0,0,0,8,0,43,0,0,0,0,18,0,0,74,0,0,0,1,0,0,1,0,0,0,0,0,97,0,0,0,1,0,0,0,0,0,0,0,0,0,0,189,0,0,0,0,0,0,0,0,0,0,1,0,213,1,0,0,16,0,0,0,0,0,1,0,557,1,0,0,0,7,1,63,0,0,0,0,0,26,0,117,0,0,24,0,0,0,4,0,0,190,0,0,0,0,42,0,0,0,0,0,0,1,0,6,0,0,1,0,0,1,0,6,0,8,0,19,3,15,0,14,94,0,0,0,0,0,0,0,0,0,1,0,0,1149,0,1,0,1,0,3,1380,0,0,508,0,0,0,0,0,0,19,0,0,0,0,11,0,1,0,0,399,0
"448",15,3,0,0,33,0,3,0,0,0,0,0,74,0,45,0,0,0,0,0,0,48,12,4,0,575,26,0,69,0,12,0,0,24,0,353,5,5,0,0,12,0,0,0,45,79,0,0,9,3,0,2,0,0,0,71,0,0,0,0,0,0,19,0,475,0,0,0,0,0,0,0,0,0,0,0,0,0,0,0,0,0,0,0,0,0,145,0,0,0,0,12,5,0,0,3,0,0,0,413,0,0,0,0,0,0,0,113,1,0,2,528,0,0,13,0,8,5,0,0,0,98,0,0,197,0,0,0,0,0,0,0,0,3,0,0,1,0,0,0,0,0,0,0,162,10,0,0,0,0,0,0,5,0,0,0,0,1,0,0,2,0,0,0,0,0,0,0,0,0,0,0,1,0,0,0,0,0,0,0,0,0,0,0,0,0,20,0,0,7,0,182,8,0,181,0,0,0,2,0,0,1,0,0,2497,0,0,0,0,4,0,0,0,0,0,0,0,0,51,0,0,0,0,0,0,0,0,0,0,0,0,3,0,147,0,0,0,0,0,0,9,0,0,0,0,0,0,0,132,0,0,16,0,0,0,0,0,0,0,0,0,0,0,0,0,0,0,0,0,1,0,177,169,0,0,0,0,0,8,0,0,415,464,0,0,0,0,0,0,0,0,0,0,7,0,0,0,0,0,49,0
"449",232,6,0,0,0,20,1,0,24,0,0,0,0,0,6,0,28,0,0,3,0,18,0,0,0,437,0,0,4,0,0,0,0,0,0,0,0,0,0,0,0,0,0,0,0,1,0,0,0,1,0,5,0,0,0,0,0,0,0,462,0,0,0,0,0,0,172,0,0,0,77,0,0,218,0,0,0,0,0,0,0,0,0,0,23,3,0,0,0,0,0,5,1,0,0,3,0,44,12,924,0,115,0,0,18,0,0,1858,1,0,0,0,0,0,174,0,10,0,0,19,18,0,10,0,0,6,1,0,0,0,0,239,0,0,0,0,0,0,0,0,18,0,0,0,0,0,0,0,0,0,0,0,0,0,0,0,0,0,0,116,0,15,0,0,0,4,0,0,0,0,14,0,0,0,0,0,0,161,0,0,0,0,0,38,0,0,0,0,0,80,0,43,0,0,0,0,0,0,2,0,0,1,0,0,0,34,3,15,16,0,1,0,0,0,0,0,20,0,14,0,0,0,0,0,0,17,0,15,1,0,0,0,0,13,0,0,0,0,0,0,1,0,0,0,0,460,0,0,4,0,0,0,0,0,0,4,20,0,0,0,0,0,0,19,0,0,0,0,0,106,0,0,128,0,7,0,0,4,0,2386,0,0,103,0,0,0,0,0,0,0,0,0,0,0,1,0,2,0,0,13,0
"450",5,0,0,0,26,0,1,0,8,0,0,0,9,1,222,0,0,0,0,0,33,20,4,0,0,355,8,1,121,0,0,4,0,5,0,0,0,41,0,0,0,10,0,5,0,6,0,0,0,0,0,0,0,0,21,0,0,17,0,0,0,0,0,0,4,4,38,0,0,22,10,0,0,1,0,0,0,1,1,0,94,0,0,0,7,0,32,0,0,14,6,0,0,0,0,0,0,12,1,60,0,0,0,0,0,5,30,135,1,0,0,4,0,0,5,0,0,1,65,2,2,23,0,0,0,40,0,0,0,0,56,10,0,0,0,0,1,0,0,0,0,0,0,0,0,0,0,10,0,0,0,95,0,0,1,0,0,0,0,1,0,0,0,1,0,0,0,0,0,0,0,0,0,0,0,0,0,3,32,0,1,0,0,0,0,0,0,0,0,1,0,8,0,0,38,0,0,0,0,0,0,1,0,0,173,0,0,0,0,89,0,12,2,0,0,0,31,50,0,0,0,0,0,40,0,0,253,0,10,0,0,0,0,9,0,0,0,0,0,134,1,0,35,5,0,0,0,0,1,0,2,2,0,0,3,0,19,0,0,1,4,6,0,7,0,0,0,0,0,6866,112,0,54,0,0,0,0,1,1,1,0,0,156,0,0,0,1,0,1,78,43,0,0,0,1,6,0,8,1,57,29
"451",10,0,0,0,37,4,2,0,511,0,0,0,35,0,2,1,50,0,0,0,0,37,0,0,0,322,20,0,9,28,42,241,0,59,0,0,29,0,1,0,0,0,0,0,0,0,0,22,0,0,2,0,0,0,2,99,0,0,0,385,0,0,19,49,0,0,268,0,0,138,42,0,0,2,0,0,0,0,0,0,0,26,248,0,0,91,0,0,0,20,0,11,1,0,0,0,14,26,21,169,0,0,12,15,0,2,0,814,1,0,0,2,0,0,55,0,41,0,43,4,0,0,2,0,28,0,67,0,0,0,0,0,0,0,1,0,1,0,0,0,7,0,0,29,0,0,0,4,5,29,8,18,0,0,1,0,3,0,34,0,0,0,0,0,0,0,0,0,0,4,0,0,1,0,0,0,0,126,507,0,0,0,0,10,24,0,1,0,0,0,0,60,0,0,1,3,0,0,1,0,0,0,0,0,204,133,0,7,0,0,0,0,199,0,0,0,86,117,1,0,72,39,0,0,0,0,0,0,12,0,92,0,7,240,42,0,4,0,0,4,0,0,0,1,114,0,0,0,1,0,160,0,0,0,70,107,8,0,13,0,4,0,0,14,0,0,0,0,0,794,0,0,53,2006,0,0,0,0,11,1,0,0,81,0,0,0,0,0,127,33,8,0,0,0,5,7,3,0,0,35,0
"452",0,0,0,0,0,0,1,0,0,0,0,0,0,0,0,0,0,0,0,0,0,0,0,8,0,4332,0,0,23,5,148,0,0,0,0,0,0,0,4,1,1,0,0,0,0,0,0,0,0,1,0,0,0,0,0,0,0,0,0,0,0,0,1,0,0,0,0,0,0,0,0,0,0,0,0,0,0,0,0,0,0,0,0,0,16,0,0,0,0,34,0,12,5,0,0,0,0,0,0,0,0,1,0,0,0,0,0,1147,0,0,58,47,0,188,0,3,0,15,0,1,0,0,0,1,13,0,0,0,0,0,0,0,0,0,0,0,5,0,0,0,24,0,1,0,0,0,62,0,0,0,0,17,0,0,0,0,0,0,0,0,0,0,0,0,0,0,0,3,0,0,0,0,0,0,0,0,0,0,658,0,0,0,0,0,36,0,0,0,0,41,0,160,5,0,0,0,0,0,0,0,0,0,0,0,309,3,1,0,1,4,0,0,0,0,7,0,55,0,3,0,0,0,0,0,7,0,0,0,0,0,0,0,0,250,0,0,0,0,0,0,0,0,0,0,0,0,0,0,0,0,0,6,12,0,0,0,1,0,21,0,0,0,0,3,0,0,0,0,1,94,0,81,0,7,0,0,1,0,3,1337,0,1,0,0,0,0,0,0,0,33,0,0,0,0,0,4,0,0,0,65,0
"453",12,0,0,0,45,0,0,0,29,0,0,0,14,0,5,0,0,0,16,0,0,7,5,1,0,100,47,0,3,27,6,0,0,5,0,0,0,8,0,0,0,54,0,0,0,571,0,38,2,0,0,0,0,9,0,0,0,71,0,0,0,0,0,0,0,0,250,0,0,33,50,0,0,0,0,311,15,0,0,139,0,0,506,0,0,1,212,0,0,0,0,1,0,83,0,0,0,0,17,90,15,138,0,0,6,0,0,2545,0,0,0,0,1,0,36,37,0,1,66,0,0,127,0,0,3,0,3,0,0,0,0,0,0,0,0,3,1,0,0,0,6,0,84,0,0,14,118,47,0,0,9,0,0,18,1,0,0,0,19,8,19,0,0,0,0,0,0,0,1,8,2,0,0,0,0,0,0,89,8,0,0,0,0,0,32,0,0,0,0,0,0,28,0,13,0,0,0,0,0,0,0,97,0,1259,0,4,1,0,0,0,0,0,0,0,2,0,54,198,129,0,64,81,0,0,0,0,0,0,15,1,139,0,0,10,0,0,5,0,0,17,0,0,0,0,5,16,0,1,0,0,0,1,11,0,0,6,4,0,6,0,0,0,0,11,22,0,0,0,9,68,0,44,19,0,0,0,0,0,3,870,0,0,93,0,0,0,12,0,54,0,0,0,0,0,21,0,1,0,0,12,0
"454",0,0,0,0,0,1,1,0,0,0,0,0,1,0,98,0,0,4,0,0,36,10,0,377,0,2298,0,0,244,53,0,0,0,42,0,0,27,175,0,0,0,0,0,0,0,23,0,1,0,0,4,0,0,0,0,0,0,0,0,59,0,55,0,1,0,0,62,0,0,121,23,4,0,119,0,0,0,0,0,0,0,0,54,0,0,11,349,0,0,22,0,93,9,0,0,0,0,0,15,0,0,0,0,0,106,0,0,446,0,0,0,0,0,262,0,0,0,0,43,0,0,0,0,1,10,0,0,0,0,0,0,1022,0,3,0,0,216,0,0,0,0,0,0,0,0,0,35,0,0,0,4,0,0,27,0,0,0,0,0,44,0,0,0,0,0,0,0,0,0,16,19,0,6,0,0,0,0,14,0,6,0,0,0,0,3,0,0,0,0,51,0,90,4,0,0,0,0,0,0,0,0,0,0,8,0,19,8,0,0,13,1,0,0,0,0,17,0,5,214,27,0,0,0,0,0,0,0,0,122,0,0,1,0,0,0,0,3,0,0,44,0,0,0,0,6,0,0,0,0,0,0,9,0,0,24,16,42,0,0,0,6,0,0,11,18,0,8,0,0,90,0,0,446,0,1,0,0,0,0,1932,0,0,61,0,0,24,0,0,0,4,0,0,0,6,11,0,34,0,0,14,0
"455",0,0,0,0,0,0,2,30,0,0,0,0,1,82,7,0,0,1,0,0,0,9,0,12,0,1,0,0,108,21,594,0,0,66,0,0,5,205,0,3,20,0,0,0,0,0,0,0,0,0,5,0,0,0,0,0,3,0,0,13,0,34,2,3,0,0,30,0,0,0,18,0,0,0,0,0,2,0,0,15,0,0,0,0,88,1,2,0,0,78,213,5,77,0,0,0,0,0,0,0,38,1,0,0,18,0,0,174,4,0,10,0,0,137,55,1,0,3,37,33,0,11,0,0,0,0,0,0,0,0,0,0,0,1,0,26,1,0,0,0,1,0,50,1,0,0,0,0,0,1,0,29,0,0,0,0,0,1,6,82,0,0,0,0,0,2,0,0,0,0,0,0,1,3,0,0,0,0,79,0,0,0,0,0,0,0,0,0,0,1,0,185,12,0,0,1,19,0,2,0,0,1,0,51,1,110,15,1,18,199,0,0,6,0,40,0,91,0,564,0,59,0,0,0,1,0,0,594,98,0,81,0,0,823,0,0,2,0,0,3,1,0,62,0,1,31,0,0,8,0,326,0,0,0,37,8,2,0,2,0,2,0,0,0,1,0,0,0,0,72,0,0,447,0,8,0,2,1,10,2384,0,0,222,0,0,0,0,24,11,0,0,0,0,0,58,0,2,0,0,24,0
"456",0,0,0,0,0,0,1,0,0,0,1,0,0,0,0,0,0,0,0,0,0,43,0,22,0,1300,0,0,64,18,112,0,0,25,0,0,5,135,0,0,0,0,0,0,0,70,0,0,0,0,0,0,0,0,11,0,0,0,0,315,0,0,0,0,0,0,177,0,5,0,18,0,0,0,0,0,0,0,0,67,0,0,95,0,0,5,273,0,0,37,0,38,0,0,0,0,0,0,6,0,0,0,0,0,16,0,0,1429,0,0,0,0,0,0,0,0,0,156,45,0,0,0,0,295,9,0,0,0,0,0,0,0,0,0,0,0,60,0,0,0,26,0,0,0,55,0,23,0,1,0,8,0,0,0,1,0,0,0,0,28,0,0,0,0,0,0,0,0,0,0,33,0,0,0,0,0,0,0,70,0,0,0,0,0,24,0,0,0,0,0,0,273,2,5,0,0,0,0,0,0,0,0,0,4,85,241,0,0,0,0,155,0,0,0,1,3,219,0,88,0,23,0,0,0,0,0,0,0,0,18,0,0,0,353,0,0,4,0,0,35,0,0,0,0,5,94,0,1,0,0,0,6,0,0,92,17,4,0,3,7,0,0,0,4,0,0,0,0,8,6,0,0,77,0,0,0,0,0,5,2738,0,0,105,0,0,0,0,0,20,9,0,0,0,0,18,0,119,0,0,55,0
"457",0,0,0,0,0,1,3,0,199,0,0,0,4,691,21,0,35,0,0,0,38,0,0,3,0,0,0,0,3,44,0,0,0,0,0,0,0,35,0,0,0,0,0,0,0,0,0,0,0,0,0,0,0,0,0,0,0,0,0,0,1,12,1,3,0,0,375,0,3,139,0,0,0,0,0,6,0,0,0,0,0,0,836,0,48,1,0,0,0,35,956,5,0,0,0,0,0,0,0,95,0,0,0,0,0,0,171,0,0,0,0,0,0,0,0,0,0,0,392,1,0,0,47,0,0,0,0,0,0,0,0,111,0,0,0,0,15,0,35,0,5,0,0,0,0,0,0,0,0,4,0,0,14,0,0,0,69,1,0,56,14,0,0,0,0,0,4,5,0,1,0,0,0,0,0,4,0,64,478,0,0,0,0,0,0,0,0,0,0,0,0,0,1,0,0,0,17,0,0,14,0,48,0,0,0,2,0,0,0,1,0,0,0,0,28,0,59,0,0,0,83,0,0,0,1,0,0,0,0,0,0,0,0,77,0,0,0,0,0,0,0,0,0,0,0,0,0,0,0,0,0,0,1,0,0,5,1,0,0,0,0,0,0,1,0,0,0,0,0,1120,31,0,80,499,5,0,0,0,6,2107,0,0,489,0,1,0,0,0,0,0,0,0,0,2,0,0,5,0,0,48,0
"458",0,2,0,0,30,0,0,0,2255,0,44,0,11,0,66,0,40,0,8,0,0,8,0,1,0,1,18,0,40,97,3,0,0,45,0,0,1,81,0,0,4,20,0,0,0,15,0,16,0,0,0,0,1,0,0,43,0,40,1,250,5,0,0,3,52,0,0,23,0,0,0,0,4,0,0,138,10,0,0,372,0,55,30,0,0,1,1,1,0,0,0,24,2,0,0,0,0,0,0,133,0,22,9,0,0,0,0,1202,1,0,0,5,0,0,10,0,0,32,241,0,0,0,0,0,31,46,860,0,0,0,3,0,0,0,2,0,1,1,0,0,28,11,42,1,0,1,158,19,4,0,30,0,0,0,1,0,1,1,0,2,0,0,0,0,0,2,0,0,0,0,0,0,0,0,0,0,0,0,116,6,0,0,0,0,5,2,2,0,0,0,0,109,0,6,1,0,0,3,0,0,0,1,0,0,0,137,4,0,0,5,1,0,0,0,0,3,0,0,80,0,0,31,0,0,0,0,0,0,11,0,34,0,0,19,0,0,0,0,0,137,0,0,2,0,0,0,0,0,1,0,0,1,9,0,0,2,5,0,2,0,5,0,0,3,4,0,0,0,9,43,0,6,325,0,0,0,0,0,2,1163,1,0,51,0,0,1,0,0,44,39,0,0,0,0,0,24,41,0,0,7,0
"459",0,0,4,0,0,0,0,23,1,0,0,0,0,0,2,0,3,0,0,0,1,21,0,11,0,1303,0,0,31,36,231,0,0,32,0,0,2,10,0,0,2,0,0,0,0,157,0,3,0,0,0,0,0,0,0,2,0,1,0,57,1,0,1,0,68,0,307,0,20,143,1,0,0,3,0,0,0,0,0,5,0,0,279,0,1,144,113,0,0,13,12,1,0,0,0,0,0,0,19,0,2,0,0,0,0,0,4,248,1,29,10,0,0,0,27,1,0,1,63,36,0,14,0,0,0,0,0,0,0,0,0,51,0,1,0,0,1,0,0,0,201,0,0,1,0,0,22,10,0,0,11,0,22,36,0,0,3,1,12,0,23,0,0,3,0,0,0,0,0,0,22,0,0,0,0,0,0,0,5,8,0,0,0,0,18,0,0,0,0,2,0,43,3,6,2,0,0,0,8,0,0,0,0,0,0,321,14,0,12,3,108,0,0,27,15,0,138,10,62,0,0,0,0,0,1,0,0,0,1,0,1,0,0,388,0,0,0,0,0,337,3,0,85,0,10,69,0,0,36,0,1,2,27,0,3,145,18,0,1,0,3,0,0,10,0,14,0,0,2,1485,155,19,428,0,37,0,0,0,3,192,1,0,68,0,0,0,0,30,104,3,0,0,0,0,8,0,73,0,0,52,0
"460",0,6,0,0,10,0,1,0,0,0,0,0,0,0,36,0,0,0,0,0,0,1,0,0,0,2066,1,0,10,0,0,0,0,40,2,185,21,5,0,0,0,0,0,12,0,74,0,0,3,0,0,0,0,0,0,0,0,3,0,0,0,0,0,0,0,0,146,0,10,0,9,0,0,0,36,0,0,0,0,20,0,1,1,0,0,0,0,0,0,3,0,3,0,0,0,0,0,0,3,0,0,0,0,5,1,4,1,3794,0,0,0,0,0,2,0,0,0,0,20,0,0,0,0,0,38,540,3,0,0,0,18,43,0,0,0,16,0,0,0,0,0,0,0,0,45,0,2,0,0,0,1,2,0,0,0,0,0,0,95,1,0,0,0,241,0,0,0,0,0,0,0,0,0,0,0,0,0,0,127,0,0,0,0,0,0,0,0,0,0,0,4,0,0,0,172,0,0,0,0,0,0,0,0,1,0,0,0,0,0,1,0,5,4,0,2,0,0,0,0,0,0,10,0,0,0,8,0,0,26,0,1,0,0,120,0,0,0,0,0,0,0,0,0,0,0,18,0,0,0,0,0,0,1,0,0,0,0,0,0,0,0,0,0,0,0,0,0,0,0,0,0,0,91,0,0,0,0,0,3,1006,0,0,1,0,0,0,0,0,11,9,0,0,1,0,0,0,0,34,0,0,0
"461",0,6,0,0,0,0,0,101,0,0,0,0,1,268,1,0,0,0,0,0,0,51,0,1,3,374,0,1,2,3,643,0,0,0,5,0,22,0,0,0,1,6,0,0,0,79,1,4,0,0,0,0,0,0,35,1,0,0,0,142,0,0,0,0,0,4,15,1,21,0,737,5,0,0,0,9,0,0,0,40,0,8,87,0,0,0,0,0,0,0,546,0,0,0,0,0,2,1,67,0,10,0,1,0,34,1,0,592,1,19,1,0,0,0,7,0,64,4,101,25,0,7,0,0,0,15,0,0,0,79,122,11,0,0,1,0,1,0,0,0,1,0,0,1,137,0,0,7,0,0,0,0,3,2,1,0,0,0,0,0,0,0,0,0,0,0,1,0,0,5,0,1,0,1,0,0,1,0,0,0,0,1,0,0,23,0,0,0,0,10,0,0,1,0,169,0,0,0,3,0,0,1,0,0,0,25,1,0,0,0,0,0,0,0,0,1,0,0,1,0,0,0,132,0,0,0,19,0,593,7,0,2,3,245,0,4,0,0,0,2,1,0,0,0,0,23,0,0,1,0,0,0,0,1,0,4,1,3,0,54,0,0,0,0,19,0,0,0,7,36,0,0,17,0,0,0,1,0,0,2249,0,0,478,0,0,46,0,0,46,0,0,11,0,0,150,0,1,0,0,245,47
"462",0,0,0,1,14,0,1,13,1420,0,0,0,7,5,1,0,0,24,0,0,40,19,0,3,0,913,35,0,3,119,943,3,0,53,0,0,4,39,1,1,1,9,0,40,0,36,0,50,0,0,0,0,0,2,13,0,0,11,7,49,0,6,0,0,22,0,111,0,0,0,26,0,0,12,0,0,0,0,0,0,0,0,103,0,4,1,0,0,0,82,0,0,1,68,0,1,0,0,13,135,0,0,0,0,1,0,0,250,0,0,0,1,0,61,50,0,16,0,144,0,0,98,0,1,14,0,0,0,1,5,1,3,0,0,0,0,1,0,0,0,0,0,0,0,0,0,0,36,3,2,11,7,0,0,0,0,0,0,0,11,0,12,0,637,0,0,0,3,1,0,22,0,1,0,0,0,0,2,187,0,10,0,0,33,29,0,0,0,0,0,0,35,0,0,0,0,0,3,0,0,0,0,0,944,0,2,3,0,1,4,50,0,0,12,20,0,140,86,83,2,0,41,0,0,0,0,7,0,31,0,80,0,0,483,0,0,0,0,0,0,0,0,0,1,0,0,0,0,0,0,0,0,11,0,51,3,3,0,1,82,6,0,0,1,1,0,0,0,6,74,0,70,27,0,1,0,0,0,1,1311,0,0,181,0,0,18,0,0,5,51,16,0,0,0,44,0,5,0,0,139,0
"463",0,0,0,0,4,0,142,45,0,0,0,0,0,0,0,0,0,0,0,0,0,51,0,52,0,53,9,0,45,44,0,0,0,0,0,0,4,131,0,0,0,7,0,44,0,81,0,0,0,0,0,1,0,0,0,0,0,0,0,261,3,0,0,1,0,0,191,0,5,0,0,0,2,0,1078,84,0,0,0,46,0,0,62,0,0,0,0,0,0,0,0,4,8,0,0,0,0,0,0,0,5,0,0,0,0,2,0,181,1,1,0,0,0,0,42,0,0,2,16,0,0,120,0,0,0,0,0,0,0,0,107,0,0,0,0,0,1,0,0,0,6,0,0,0,2,0,0,13,0,0,0,0,0,0,0,0,8,0,0,211,29,3,8,0,36,2,0,0,0,0,23,0,0,0,0,0,6,0,0,0,0,0,0,0,0,0,0,0,0,3,0,63,0,0,1,0,0,0,5,0,0,1,0,0,0,230,42,0,0,13,0,0,0,0,0,0,194,0,87,0,0,0,107,0,0,0,38,0,0,10,47,3,0,454,0,0,0,0,0,155,3,0,0,0,0,0,0,18,1,0,0,4,13,0,4,0,0,15,3,3,0,0,0,22,0,0,0,0,6,1,6,0,869,0,0,0,8,0,4,3360,0,0,120,0,0,0,0,3,27,22,0,0,6,0,0,2,0,0,0,48,0
"464",21,16,0,1,36,0,9,0,0,0,0,0,12,0,3,0,0,0,0,0,0,27,0,4,0,605,32,0,0,27,59,0,0,121,0,0,2,45,1,3,2,0,0,0,0,102,45,0,0,3,1,0,0,0,5,44,0,30,0,0,0,8,6,0,0,0,334,1,0,65,108,0,0,0,0,1,0,0,0,183,0,0,160,0,0,1,0,0,0,47,0,28,3,0,0,0,1,21,0,747,2,43,0,0,0,5,0,463,21,14,2,0,0,165,39,0,5,1,110,0,0,32,9,0,23,0,7,0,0,0,1,0,0,0,24,0,1,0,0,0,4,2,0,0,4,0,0,5,0,0,20,0,0,0,0,13,4,0,3,25,0,0,0,425,25,2,0,1,0,0,0,0,1,13,0,0,0,27,377,0,0,0,0,7,35,0,0,0,26,1,0,51,0,1,1,21,0,0,0,0,0,0,0,1157,0,88,8,0,6,1,0,0,0,4,0,0,0,0,5,0,0,25,69,0,9,0,7,0,52,0,143,0,0,92,2,0,14,0,3,1,4,0,0,0,0,0,0,0,1,0,0,0,0,0,16,4,8,0,4,16,14,0,0,3,0,0,0,0,0,7,1,42,5,0,0,4,0,0,1,2003,0,0,0,0,0,0,0,0,0,23,0,0,0,0,5,3,19,0,0,14,0
"465",0,0,0,0,0,0,3,0,0,0,0,0,0,3,3,0,0,0,0,0,0,60,0,0,0,115,0,0,208,0,0,0,0,3,0,0,171,0,1,0,0,0,0,0,0,12,0,0,0,0,0,0,0,0,0,0,0,0,0,0,0,0,3,0,0,0,0,0,0,0,0,0,0,0,0,356,0,0,0,0,0,0,0,0,0,45,291,0,0,137,0,11,5,0,0,0,0,0,24,0,0,26,0,0,0,0,0,1003,5,0,0,0,0,114,28,0,47,20,126,0,0,0,95,82,175,0,0,0,0,0,0,0,0,0,0,0,31,0,0,0,15,0,206,4,0,0,0,13,0,0,0,0,0,0,0,0,0,1,0,0,0,0,0,0,0,0,0,8,0,0,0,0,0,0,0,0,0,0,0,0,0,0,0,0,0,0,0,0,0,0,0,364,0,0,0,0,0,0,0,0,0,0,0,0,0,0,0,0,14,11,0,0,0,0,0,0,206,0,13,0,0,0,0,0,0,0,0,0,31,0,7,0,0,97,0,0,0,0,0,0,23,0,0,0,0,0,0,0,347,0,0,0,0,0,0,0,0,0,0,0,0,0,0,30,0,0,0,0,0,17,0,0,432,0,3,0,0,0,0,3369,0,0,65,0,0,0,0,0,0,0,0,0,0,0,51,0,31,0,0,24,0
"466",0,0,42,0,19,0,0,0,615,0,0,0,17,0,0,0,0,0,0,0,17,16,6,0,5,1948,0,0,294,0,0,0,0,21,0,0,12,0,0,0,0,0,0,0,0,9,0,0,0,0,0,107,0,0,0,0,0,0,0,338,0,0,0,0,0,0,0,0,0,0,0,0,0,0,882,0,0,0,0,42,0,0,0,0,1,125,0,0,0,0,822,0,204,0,0,20,1,35,2,86,0,54,0,0,0,0,0,939,1,1,0,12,0,0,0,0,13,2,63,0,24,0,5,0,47,49,0,0,0,0,0,0,0,12,0,0,0,0,0,0,0,2,113,0,0,0,0,6,0,0,0,0,0,0,0,1,0,0,0,3,0,0,0,101,0,0,0,0,0,0,0,0,1,0,0,0,0,0,56,0,0,0,0,7,13,0,0,0,0,23,0,89,0,0,0,0,0,0,4,0,0,0,0,11,0,0,0,0,0,0,0,0,1,0,0,0,0,0,0,0,0,0,0,0,0,0,0,0,0,0,0,0,0,72,0,0,0,0,0,101,0,0,0,0,8,0,0,0,1,0,0,0,0,0,0,0,165,0,0,0,0,0,0,48,0,0,0,0,0,703,0,0,6,0,0,0,0,0,11,1,0,0,321,0,0,0,0,0,0,65,0,0,0,0,0,0,8,0,0,174,0
"467",0,0,0,0,0,0,0,0,2,0,0,0,0,0,23,0,33,1,0,0,17,21,0,0,1,549,0,0,0,12,186,0,0,135,0,0,0,1,0,0,0,5,0,0,0,113,0,0,0,0,0,0,0,0,2,0,0,0,0,17,2,0,0,0,0,0,106,0,0,0,3,0,0,1,0,0,0,0,0,9,0,7,13,0,1,4,1,0,0,56,0,1,0,0,0,0,0,0,0,0,0,309,0,1,6,0,1,650,1,0,0,0,0,0,1,0,0,1,109,7,0,0,32,0,119,1,0,0,0,0,0,7,0,0,0,0,7,0,0,0,16,0,29,0,0,0,0,0,0,0,10,0,0,0,0,0,0,0,1,1,0,0,0,0,0,0,0,0,0,0,0,0,0,0,0,0,0,0,214,7,0,0,0,0,0,0,1,0,0,1,0,8,0,0,1,0,0,0,0,0,1,1,0,204,0,102,0,0,0,1,0,0,0,0,0,0,0,0,1,0,0,0,0,112,0,41,0,0,12,3,12,0,0,475,0,0,0,0,0,50,1,0,35,0,11,0,0,0,1,0,6,0,0,0,0,12,0,0,1,0,2,0,0,3,0,0,0,15,0,4100,6,6,171,0,1,0,0,1,2,1425,0,0,53,0,0,0,0,2,1,39,0,0,0,0,3,0,14,9,0,26,0
"468",0,0,0,0,101,0,1,17,0,0,0,0,9,42,6,0,3,0,0,0,50,0,0,0,0,1543,33,0,153,116,0,0,0,8,0,0,1,247,0,0,0,0,0,0,0,65,0,0,0,0,0,0,0,0,71,46,0,13,0,215,0,0,0,0,41,0,617,0,0,0,248,0,8,6,0,183,0,0,0,112,0,0,129,0,0,1,198,0,0,25,0,53,1,0,0,0,4,21,0,128,0,59,0,0,0,0,0,170,206,3,0,0,0,18,42,0,103,0,150,0,0,130,0,1,1,78,0,0,0,50,0,0,0,0,0,0,2,0,0,0,0,1,0,83,0,4,0,59,0,1,16,68,0,0,27,0,0,0,0,0,0,0,0,0,0,1,0,0,0,0,0,0,1,0,0,0,0,0,0,0,0,0,0,0,53,0,0,0,0,1,0,94,1,0,0,0,0,1,0,0,91,0,0,1268,733,95,3,0,1,34,13,0,0,9,0,1,0,261,27,0,39,24,0,0,0,0,37,0,40,0,90,1,8,67,0,0,0,0,0,9,0,0,0,3,1,0,0,0,0,0,0,0,0,0,25,45,0,0,27,172,0,0,0,9,0,0,0,0,5,7,11,0,14,0,0,0,0,0,5,495,1,0,474,0,0,0,0,0,0,94,0,0,0,0,7,0,1,0,0,100,0
"469",0,0,0,0,34,0,3,0,0,0,0,0,0,0,197,0,0,0,0,3,1,4,0,0,0,66,0,0,67,5,4,0,0,58,0,0,0,40,0,0,0,0,0,12,0,2,0,1,0,1,1,0,0,0,3,0,0,0,0,19,0,0,1,0,0,0,1,0,0,0,0,0,0,0,0,93,0,0,0,4,0,2,0,0,0,0,0,0,0,0,0,38,0,0,0,0,0,0,3,0,2,0,0,0,0,0,0,779,1,27,1,0,0,1,2,1,132,1137,3,0,0,6,0,0,0,0,0,0,18,0,4,0,0,0,0,0,0,0,0,18,0,0,0,1,6,0,0,0,0,0,0,4,101,0,0,0,0,0,1,42,0,0,0,0,0,2,0,0,0,0,0,0,0,0,0,0,0,0,4,0,0,0,0,1,0,0,0,0,0,1,5,4,0,0,1,0,0,0,2,0,0,0,0,1,0,0,0,0,0,74,0,0,3,0,0,0,1,12,0,6,0,0,0,0,3,0,0,1,0,0,0,2,0,40,0,0,3,0,0,1,1,0,0,0,0,0,0,0,5,0,0,0,0,0,2,0,0,0,0,0,0,0,0,2,0,0,1,33,0,4878,0,1,638,2,8,0,0,0,0,1,0,2,67,0,806,0,0,0,3,0,0,0,0,0,0,5,0,0,0,17,0
"470",0,0,1,0,0,0,24,0,0,0,0,0,0,0,0,0,51,0,0,0,0,1,0,11,0,3008,0,0,100,0,0,0,0,14,0,0,0,0,0,0,0,0,0,0,0,0,0,0,0,0,0,0,0,0,0,0,0,0,0,0,0,0,12,0,0,0,0,0,0,0,0,0,0,0,0,0,0,0,0,7,0,0,0,0,0,17,0,0,0,0,0,8,0,0,0,0,0,0,0,0,0,39,0,0,0,0,0,2430,0,0,0,0,0,0,0,0,0,0,21,0,0,0,33,0,11,0,34,0,0,0,0,0,0,0,0,0,0,0,0,0,18,0,0,0,0,0,2,0,0,1,1,0,0,0,0,0,0,0,0,0,0,0,0,1115,0,0,0,0,0,0,3,0,0,0,0,0,0,0,9,0,0,0,0,0,7,0,0,0,0,0,0,32,0,3,0,0,0,0,0,0,0,0,0,616,0,9,0,0,1,224,0,0,0,0,0,0,0,0,9,0,0,0,0,0,0,0,0,0,0,0,0,0,0,117,0,0,0,0,0,12,0,0,0,0,9,27,0,0,0,0,0,0,0,0,0,0,0,0,0,0,3,0,0,4,0,0,0,0,0,476,0,0,583,0,0,0,0,0,0,12,0,0,7,0,0,0,0,0,0,0,0,0,0,0,0,0,9,0,0,1,0
"471",0,0,0,0,0,0,21,38,0,0,2,1,0,2,76,0,0,1,0,0,87,42,0,0,0,3,2,0,72,6,244,11,45,63,0,0,5,20,0,0,0,0,0,29,0,36,1,2,0,0,1,0,0,0,131,1,0,0,0,20,3,39,0,1,0,10,60,0,0,0,19,1,0,7,507,0,0,0,0,25,0,4,73,0,98,1,0,0,0,13,2,5,0,23,108,0,0,0,72,0,5,0,0,15,20,0,21,235,4,0,1,16,0,38,3,0,4,1,99,5,0,143,7,0,171,237,0,1,33,19,172,119,1,0,1,0,7,0,0,0,0,0,0,3,376,0,14,5,1,0,9,13,0,3,0,0,0,0,12,119,0,2,0,1,0,4,3,0,0,37,5,0,7,0,0,0,7,23,62,6,1,0,0,1,1,0,53,21,169,1,0,35,0,0,79,0,0,3,2,1,0,1,0,1,0,17,0,0,15,0,2,1,2,5,45,0,38,39,43,10,55,6,1,0,0,1,727,0,6,20,117,0,9,258,0,0,2,0,2,2,1,0,30,2,0,28,0,0,1,0,24,2,10,0,4,1,1,7,4,61,2,0,7,1,1,0,0,0,2,13,46,52,340,0,0,0,1,1,7,1714,1,0,79,0,0,0,0,0,39,47,0,0,1,0,58,2,9,5,0,143,0
"472",0,0,0,1,0,0,4,0,0,0,0,0,0,0,11,0,48,0,0,0,0,80,0,0,0,252,0,0,116,0,0,0,0,114,0,0,34,83,0,0,0,0,0,0,0,2,0,1,0,0,11,1,0,0,0,0,0,0,0,3,0,8,0,0,0,0,15,0,0,0,0,0,0,0,3,2,0,0,0,2,0,12,0,0,0,0,0,0,0,0,0,1,144,24,0,0,343,0,0,0,0,5,0,1,11,0,2,2632,1,0,1,0,0,0,0,0,2,2,29,5,0,0,0,0,0,0,0,0,0,1,68,0,0,0,6,0,15,0,0,0,0,1,51,0,0,0,16,42,0,0,21,0,0,30,0,0,37,0,48,0,1,4,0,0,0,2,0,0,0,0,7,37,1,0,11,0,0,0,0,8,0,0,0,0,1,0,0,0,3,1,0,31,0,0,274,3,0,2,2,0,0,8,0,37,0,69,0,0,0,29,0,0,6,0,0,0,0,0,243,0,1,41,12,0,0,0,0,0,0,0,0,2,2,79,20,0,6,26,6,10,4,0,159,0,0,0,0,12,1,0,0,9,23,1,0,1,0,4,0,6,3,0,0,0,1,0,0,0,2,77,2,10,843,0,1,0,0,2,39,1574,0,0,436,0,0,22,1,0,2,10,0,0,1,0,0,0,0,0,0,59,0
"473",0,0,0,0,0,0,47,4,0,0,0,0,0,0,225,0,0,0,0,0,1,75,0,8,0,2574,0,0,58,28,0,0,0,87,0,0,0,227,0,0,0,0,0,0,0,161,0,0,0,0,0,8,0,0,0,0,0,8,0,0,0,0,0,0,6,0,497,0,8,182,0,0,0,0,0,0,0,0,0,92,0,0,0,0,50,189,41,0,0,21,0,0,0,0,0,0,0,0,163,0,0,13,0,0,0,0,0,554,0,0,0,0,0,0,0,0,0,0,81,0,0,0,0,448,89,119,0,0,0,0,34,13,0,8,0,0,0,0,0,0,0,4,0,0,0,0,0,36,0,0,0,4,0,0,0,0,0,0,0,0,0,0,0,0,0,0,0,0,0,0,81,0,1,0,1,0,0,0,115,0,0,0,0,0,3,0,0,0,0,0,0,61,1,26,0,0,0,0,0,0,0,0,0,0,5,334,0,0,0,5,0,0,0,0,1,0,0,33,0,0,0,0,0,0,0,0,0,0,0,0,0,0,0,1309,0,0,0,0,0,184,0,0,0,0,0,0,0,1,0,0,13,4,0,0,0,0,0,0,10,25,0,0,0,9,0,0,0,0,0,410,35,0,195,0,6,0,0,0,9,669,0,0,160,0,0,0,0,0,0,118,0,0,0,0,0,0,0,0,0,93,0
"474",276,0,0,0,0,0,1,0,36,0,0,0,19,0,5,0,0,0,0,0,0,0,0,1,0,1428,0,0,3,0,0,0,0,0,0,0,0,0,0,0,0,0,0,0,4,0,0,0,11,0,0,6,0,0,0,0,0,0,0,0,0,0,0,0,0,0,9,8,0,0,0,0,0,108,0,0,0,0,5,0,0,0,0,0,0,1,0,0,0,0,0,22,15,0,0,2,0,34,0,1199,0,0,0,0,1,0,90,964,0,0,0,0,0,23,0,0,175,0,99,37,0,0,4,1,30,0,0,0,0,0,0,0,0,2,0,0,1,0,0,0,1,0,0,0,0,523,0,0,0,2,0,0,14,0,0,0,0,0,0,0,0,0,0,0,0,0,0,4,0,0,0,27,2,0,0,0,0,42,0,0,0,0,0,0,0,0,0,1,0,0,0,0,1,0,0,1,0,0,0,0,0,0,0,0,0,3,0,0,24,4,0,0,0,0,0,0,0,0,1,0,0,0,0,0,0,0,0,1,71,0,0,0,0,260,0,0,0,0,0,0,0,0,0,0,1,8,1,0,0,0,0,0,0,0,0,0,0,0,0,0,0,0,0,0,0,0,0,0,0,16,0,0,165,0,35,0,0,0,0,3584,0,0,413,0,0,0,0,1,0,0,0,0,0,0,6,0,1,0,0,72,0
"475",0,2,0,0,126,0,27,0,0,0,0,0,0,103,3,0,0,0,0,0,0,0,14,0,0,1366,0,0,6,0,1,0,0,0,0,0,0,0,0,0,0,0,0,0,0,0,0,0,0,0,0,0,0,0,0,36,0,0,0,152,0,0,5,0,0,0,0,0,3,23,0,0,0,0,0,0,0,0,0,160,0,0,0,0,0,1,56,0,0,0,0,0,15,0,0,0,0,0,0,95,0,0,0,0,0,0,0,5,1,0,0,1,0,0,0,0,0,1,88,0,7,0,0,0,0,0,0,0,0,0,0,0,0,0,1,0,0,0,0,0,0,0,0,2,0,366,0,0,4,0,0,0,0,0,1,0,0,1,0,0,0,0,0,0,0,0,0,0,0,4,0,0,0,0,0,0,0,0,0,0,0,0,0,0,0,0,1,0,0,1,0,34,0,0,0,0,0,0,1,0,0,1,0,0,0,0,0,0,0,2,0,0,0,0,0,0,140,0,0,0,57,3,0,0,0,0,0,0,0,0,0,0,0,2698,0,0,0,0,0,0,1,0,0,0,0,18,0,0,1,0,0,0,0,0,0,0,0,0,0,0,0,0,0,0,0,0,0,0,0,1,3,0,733,0,0,0,0,0,0,3459,0,0,43,0,0,0,32,0,0,0,0,0,0,0,0,0,0,0,0,266,0
"476",10,0,0,0,24,0,0,3,907,0,0,13,10,0,65,0,0,0,0,0,0,25,9,3,0,204,32,0,4,49,54,0,3,50,0,0,0,93,0,0,0,110,0,59,0,43,0,5,0,0,0,4,0,9,0,22,0,0,6,6,0,0,0,0,0,0,28,0,0,0,102,0,0,9,2,0,0,1,0,11,0,2,28,0,0,0,41,0,0,197,0,30,0,114,0,7,0,0,22,195,11,0,0,0,85,0,0,1,1,0,20,6,0,76,7,0,40,1,15,0,0,73,0,0,0,0,23,0,45,0,5,95,3,0,0,0,1,0,0,0,30,0,0,12,0,0,0,8,0,0,8,0,0,8,0,0,0,0,5,66,2,0,0,668,0,0,2,0,0,0,12,0,0,0,0,0,5,318,8,0,4,0,0,0,1,0,0,0,1,6,3,17,0,0,5,0,0,78,0,0,0,1,1,0,0,29,0,0,0,0,4,68,0,18,0,1,1,52,9,0,0,20,0,29,0,0,0,0,107,14,281,0,0,25,0,0,3,0,0,0,1,0,393,0,0,0,0,0,4,0,0,2,19,0,63,10,44,0,16,0,2,6,0,0,0,0,0,0,6,0,0,25,335,0,0,3,0,0,4,1836,1,0,232,0,0,0,0,0,16,24,0,0,0,0,21,3,2,73,0,50,0
"477",30,0,0,0,106,5,57,31,611,0,0,0,31,124,1,0,0,0,0,0,0,32,0,1,0,1592,39,0,7,0,0,0,0,69,0,0,0,210,0,0,4,15,0,89,0,562,0,0,0,0,0,0,0,0,97,0,0,0,0,123,0,5,0,0,6,10,133,0,0,0,135,0,6,1,0,7,0,0,0,339,0,0,206,0,44,0,0,0,0,17,0,0,1,0,0,1,0,0,0,387,0,0,0,0,3,0,0,18,82,0,0,0,6,17,36,0,0,0,220,1,4,0,0,1,2,0,0,0,0,0,41,259,0,0,0,0,1,0,0,0,297,0,0,0,0,0,0,0,0,0,12,0,0,0,0,0,0,0,0,72,0,0,0,1159,0,0,0,3,0,0,37,0,0,0,0,0,0,46,344,0,0,0,0,0,26,0,0,0,0,0,0,28,0,4,0,0,0,0,0,0,0,0,0,0,0,63,0,0,7,0,0,0,0,0,5,0,389,0,31,0,0,0,0,0,0,0,0,0,5,0,0,0,0,61,0,0,0,0,0,0,23,0,0,0,0,0,0,0,0,0,148,0,0,0,0,0,24,0,0,41,0,0,0,30,8,0,0,0,0,16,0,0,75,0,0,0,0,8,0,1007,0,0,185,0,0,0,0,0,0,21,0,0,0,0,1,20,64,0,0,49,0
"478",0,2,0,0,1,1,1,6,0,4,1,1,0,40,11,0,34,1,0,1,1,4,0,1,1,2200,1,0,2,2,0,0,0,109,0,0,104,5,0,0,0,1,1,13,0,1,0,1,0,0,0,0,0,0,2,0,0,0,0,10,1,10,0,1,0,0,40,1,0,0,6,0,1,11,0,0,0,0,0,1,1,1,5,0,0,0,0,0,0,27,0,3,0,0,7,0,0,0,0,0,0,2,0,1,6,0,66,433,1,7,1,0,0,89,2,0,64,0,42,2,0,18,0,0,125,4,0,0,15,62,1,1,0,0,0,0,290,0,0,0,4,1,0,0,1,0,1,17,0,0,3,1,0,24,0,0,0,0,1,10,3,2,0,1,0,0,1,0,0,0,1,0,0,0,0,0,2,0,28,6,0,0,0,0,1,0,0,0,0,4,0,6,7,17,16,0,21,4,0,0,6,1,0,0,0,8,1,23,0,1,1,0,1,1,12,0,27,0,1,4,0,6,87,0,0,0,1,0,18,8,45,0,5,621,0,0,22,0,0,1,1,0,0,0,0,12,0,17,1,0,0,1,1,1,0,4,0,0,21,1,2,0,8,1,0,0,0,15,4,2843,7,1,232,0,0,0,0,6,9,1414,0,0,11,0,0,0,0,3,0,1,0,0,0,0,0,0,22,0,0,46,0
"479",0,3,0,5,0,0,64,0,0,0,0,0,0,0,145,0,0,0,0,8,0,0,0,0,0,759,0,0,334,238,0,0,0,2,0,0,2,204,0,0,2,0,0,0,0,127,0,0,0,0,0,0,0,0,1,0,0,9,0,6,0,12,1,0,0,0,240,0,0,0,7,0,0,0,3,0,0,0,0,6,0,0,0,0,97,3,0,0,0,0,0,167,0,0,0,0,0,0,5,0,0,3,2,1,0,0,0,463,1,0,0,0,0,0,5,0,10,1,17,14,0,0,0,0,0,0,1,17,0,0,1,175,0,0,0,0,380,3,0,0,88,0,0,0,0,0,18,14,0,0,4,0,0,0,1,0,0,1,0,22,0,0,0,1600,0,4,0,0,0,0,27,0,0,0,0,0,0,0,32,5,0,0,0,0,22,0,0,0,0,0,0,11,5,0,0,0,0,3,0,16,0,0,0,1,0,67,0,0,0,28,0,0,3,0,0,0,160,1,0,0,0,9,0,0,0,0,0,0,0,29,1,2,0,1219,0,0,0,0,0,1,6,0,7,0,3,0,0,0,62,0,0,0,0,0,0,4,9,0,0,4,0,0,0,9,0,0,0,0,0,237,0,12,28,0,0,0,0,0,1,1965,0,0,1,0,31,0,0,2,7,3,0,0,0,0,0,0,5,0,0,24,0
"480",0,5,0,0,69,9,8,62,80,5,0,0,20,458,28,0,0,0,0,0,114,211,8,5,1,8,98,33,100,47,0,0,0,0,0,0,0,0,0,0,10,113,0,0,0,401,0,8,0,0,0,0,0,0,5,40,0,41,0,320,5,52,0,0,554,41,283,0,22,0,68,0,31,28,0,0,0,1,4,270,0,6,6,0,80,1,253,0,0,0,0,14,0,139,0,0,0,0,0,184,0,0,0,0,47,3,15,211,0,0,0,0,0,142,46,0,0,0,344,0,46,0,0,0,7,39,0,0,1,89,38,485,0,0,0,0,88,0,0,0,0,0,0,0,0,0,0,97,0,0,18,0,0,1,1,0,0,0,0,14,0,27,1,237,6,0,0,0,0,5,15,0,0,0,0,0,4,37,0,6,0,0,10,0,12,0,0,0,0,88,0,133,3,0,0,0,0,0,0,0,0,0,0,36,0,420,1,0,0,8,148,0,0,0,1,22,101,6,15,27,0,0,0,0,3,0,727,0,25,37,587,0,0,102,0,0,8,0,0,0,53,0,0,0,0,0,0,11,0,6,0,3,4,0,14,13,8,0,5,0,5,0,0,9,4,0,0,0,13,308,50,69,86,0,0,0,68,11,0,12,0,5,236,0,0,6,12,0,0,0,0,0,0,0,0,39,32,0,0,112,0
"481",262,0,0,0,0,0,0,0,81,0,0,0,53,0,15,0,0,0,0,0,0,25,0,1,0,1004,0,49,24,7,0,0,0,20,0,0,15,0,0,0,9,48,0,0,0,252,0,0,0,0,0,0,0,0,0,73,0,0,0,0,0,0,0,0,0,0,440,0,0,0,0,0,0,0,0,0,0,0,0,0,0,0,1,0,0,1,500,0,0,0,0,23,8,0,0,43,0,78,35,281,0,190,0,0,0,0,0,377,0,0,0,0,3,17,115,0,34,0,16,0,0,0,86,1,27,0,0,0,0,0,0,0,0,0,0,17,5,8,0,0,23,0,0,0,0,0,0,0,0,0,0,0,0,46,3,0,0,0,0,0,0,0,0,0,0,0,0,0,0,0,0,0,2,0,0,0,0,2,0,0,0,0,0,0,0,0,0,0,0,0,9,36,6,0,0,0,0,0,0,0,0,0,0,0,0,19,10,0,7,5,0,0,0,0,2,0,0,0,69,0,0,0,0,0,0,0,0,0,73,0,0,0,0,819,0,0,0,0,0,17,0,0,0,0,16,0,0,0,0,0,0,0,0,0,0,14,30,0,0,0,0,0,10,11,6,0,0,0,0,63,0,0,272,0,0,0,0,0,0,3407,0,3,337,0,0,241,0,0,0,0,0,0,0,0,1,0,11,0,0,32,0
"482",0,0,0,0,100,0,0,0,78,0,0,0,0,0,1,0,0,0,0,0,0,0,18,0,0,1193,81,37,0,0,0,0,0,116,0,0,0,0,0,0,0,106,0,0,0,0,0,37,0,0,0,0,0,0,0,0,0,0,0,0,0,0,0,0,0,5,60,0,0,0,0,0,14,0,1,0,0,0,0,0,0,0,0,0,0,3,0,0,0,0,0,0,0,0,0,0,4,0,0,226,0,0,0,0,0,0,0,109,1,0,0,471,0,0,96,0,4,0,56,0,4,54,0,0,0,1,0,0,0,0,0,0,0,0,0,0,0,0,0,0,0,0,0,0,0,0,0,0,0,0,0,0,0,0,2,0,0,293,0,162,0,0,1,0,0,0,0,0,0,0,0,0,1,0,0,14,0,0,423,0,0,0,0,0,0,0,0,0,0,1,3,0,0,0,0,0,0,0,0,0,0,109,0,151,0,0,0,0,0,0,0,0,6,0,0,0,0,0,0,0,0,62,0,0,0,0,0,0,0,0,0,0,0,161,0,0,0,0,0,588,61,0,0,0,0,0,0,0,20,0,0,0,0,0,0,0,0,0,0,0,0,0,0,9,0,0,0,0,0,1,0,0,62,0,0,0,0,0,0,3346,0,0,0,0,0,0,0,0,0,0,0,0,0,7,0,0,0,0,0,0,0
"483",64,0,0,8,25,0,1,0,11,1,0,0,3,0,0,0,0,0,0,0,73,99,0,0,0,1051,48,0,31,103,149,0,0,28,0,0,65,74,0,0,1,0,0,0,0,82,0,26,0,0,20,0,0,0,21,9,0,0,0,273,1,34,0,0,0,0,14,0,1,14,99,0,6,0,1,0,0,3,0,113,0,0,79,0,4,1,0,0,0,0,1,33,0,0,0,0,0,12,5,34,3,0,0,0,23,1,0,6,1,0,0,0,0,30,17,0,0,1,109,0,10,17,0,0,0,129,0,0,0,0,25,0,0,0,0,0,1,0,1,0,0,0,0,1,0,0,21,3,1,0,18,20,1,6,1,0,0,2,0,85,0,0,0,116,0,0,1,0,0,0,29,0,0,0,0,0,2,311,72,0,0,0,2,2,8,0,1,0,0,2,0,154,0,1,1,0,0,18,0,0,0,0,0,138,0,33,0,0,0,10,0,0,0,0,40,0,315,106,0,0,326,24,0,0,0,0,13,0,0,0,476,0,0,999,0,0,17,0,0,1,1,0,0,0,2,12,0,0,1,1,75,6,0,0,4,8,4,2,13,77,2,0,0,1,74,0,0,0,10,2,3,42,321,0,0,0,1,0,0,1307,0,0,502,0,0,0,0,0,0,110,0,0,0,0,0,36,5,0,0,395,1
"484",0,0,0,0,0,0,1,0,0,0,0,0,1,0,14,0,0,1,0,0,12,18,0,3,0,1484,0,0,11,30,27,0,0,160,0,0,3,74,1,0,0,0,0,27,0,24,0,1,14,0,0,0,0,0,0,0,0,0,0,0,0,26,0,0,0,0,0,0,0,0,0,0,0,4,0,0,0,0,0,6,0,0,160,0,0,1,262,0,0,68,0,20,27,0,0,0,0,0,65,0,0,0,0,0,0,0,0,4326,1,0,0,0,0,0,1,15,0,3,198,1,0,0,0,0,149,0,0,0,0,0,5,81,0,1,0,38,33,0,0,0,3,0,0,0,0,0,6,0,0,0,10,1,0,0,1,0,0,75,0,17,0,0,0,1,1,1,0,2,0,0,0,0,0,0,0,0,0,33,72,0,0,0,0,0,0,0,0,0,0,1,0,6,6,0,1,0,0,0,0,0,0,1,0,1,0,24,0,0,0,2,38,0,0,3,0,0,0,0,8,0,0,0,0,0,0,0,0,0,35,0,8,1,0,58,0,0,0,0,0,0,1,0,212,0,0,0,0,0,1,0,0,6,3,0,29,4,0,0,0,4,0,0,0,3,0,0,0,0,0,2,0,0,23,341,1,0,0,0,6,1397,0,0,7,0,0,0,0,0,0,2,0,0,0,0,145,0,3,0,0,27,0
"485",13,0,0,0,57,0,0,0,205,0,0,0,0,0,1,0,0,0,0,0,2,1,0,0,0,1699,5,0,1,0,1,0,0,2,0,0,6,3,0,0,5,0,0,7,0,1,0,2,1,0,0,1,0,0,1,7,0,0,0,9,0,0,0,0,1,0,51,0,0,0,2,0,0,0,0,0,0,0,0,2,0,0,4,0,1,0,0,0,0,1,0,5,0,0,0,13,0,46,7,181,0,0,0,0,0,1,0,1078,1,138,0,0,1,1,1,1,0,0,2,1,0,4,0,0,45,3,10,0,9,0,1,11,0,0,0,0,4,0,0,0,183,1,0,0,0,0,0,12,0,0,0,0,1,5,0,0,0,51,0,4,0,0,0,0,0,0,0,1,1,0,0,0,0,0,0,0,0,1,12,0,1,0,2,0,0,0,1,0,0,1,0,1,0,0,0,0,0,0,0,117,0,1,0,1,0,17,0,0,8,3,0,0,1,0,5,0,13,1,98,0,17,0,0,0,0,0,1,0,1,0,3,0,0,128,0,0,0,0,0,0,1,0,4,1,2,1,0,0,1,0,9,1,0,0,1,0,0,0,1,0,0,0,0,1,0,0,0,0,0,5545,0,0,95,0,0,0,0,0,1,316,0,0,1,0,0,0,0,0,0,1,0,0,0,0,3,0,1,0,0,1,0
"486",0,25,0,1,40,0,29,0,0,0,0,0,0,0,0,0,0,0,0,6,0,3,0,4,0,1094,75,0,23,12,24,0,0,0,0,0,11,73,0,0,0,126,0,0,0,12,0,9,0,0,0,76,0,0,0,38,0,0,0,77,3,0,0,0,4,0,0,0,10,0,0,0,8,0,2012,0,0,0,0,1,195,12,66,0,6,3,0,0,0,0,0,201,0,144,0,0,0,51,0,905,0,406,22,0,1,0,0,8,0,0,0,0,0,6,68,0,23,1,10,0,0,0,0,1,10,0,0,0,0,0,13,4,0,0,0,527,0,3,0,0,4,4,78,0,0,0,19,13,3,0,4,0,0,1,1,0,0,0,0,52,0,0,0,0,0,0,0,0,0,0,1,0,0,0,0,0,0,0,165,1,0,0,0,0,2,0,0,0,0,161,0,45,1,0,0,0,0,5,0,210,27,0,0,35,0,4,3,0,0,3,0,0,0,0,0,0,53,0,1,5,20,17,0,0,0,0,0,0,19,0,35,0,0,166,0,0,3,0,0,0,0,0,0,0,0,14,0,0,0,0,0,3,0,0,1,9,3,0,0,0,0,0,72,3,1,0,0,0,47,1810,172,75,655,0,0,0,0,0,1,23,2,0,126,0,0,0,12,0,0,4,0,0,1,0,0,0,5,0,0,5,0
"487",0,0,0,0,0,0,0,29,0,0,0,0,1,356,63,0,0,0,0,0,41,36,0,7,0,3130,0,0,272,74,168,0,0,127,0,0,0,38,1,0,0,0,0,0,0,270,0,1,0,0,2,0,3,0,10,0,0,0,0,0,1,1,0,0,0,0,356,0,7,0,5,3,1,5,0,1,0,0,0,0,0,0,0,0,2,1,0,0,0,58,0,139,178,0,0,0,0,0,0,0,0,25,0,0,7,0,3,270,0,0,0,0,0,30,1,0,4,4,149,0,0,0,0,0,87,0,0,0,0,0,1,2,0,0,0,0,109,0,2,0,25,1,0,1,280,0,0,4,0,0,3,0,0,97,0,15,0,1,0,8,0,1,1,0,0,0,1,0,0,0,0,0,1,0,0,3,0,1,120,0,0,0,0,1,0,0,0,0,0,0,0,10,0,0,40,0,0,3,0,0,0,1,0,0,0,20,1,0,0,208,0,0,0,0,0,1,0,13,106,0,9,44,0,1,0,7,0,338,1,0,29,0,2,310,0,0,0,0,0,1,2,0,17,0,0,0,0,0,1,1,0,4,1,1,1,1,1,0,0,3,0,0,1,3,2,1,0,0,2,5,0,38,43,392,0,0,0,1,2,1032,1,19,67,0,0,0,0,142,0,5,0,0,0,0,0,0,13,0,5,48,0
"488",0,0,0,0,0,0,19,0,0,1,5,0,1,0,27,0,0,0,0,0,0,1,0,26,0,2686,0,0,74,0,0,0,0,4,0,0,20,11,0,0,0,0,0,0,0,86,0,0,0,0,0,0,0,0,0,1,0,0,0,0,0,1,0,0,0,0,0,1,0,0,3,3,0,0,0,0,0,0,2,12,0,0,10,0,4,0,0,0,0,44,0,16,0,0,0,0,0,0,7,0,0,0,20,0,0,0,30,1821,0,0,0,0,0,17,0,0,0,0,4,0,0,0,0,1,0,0,0,0,0,0,0,318,0,0,0,0,9,0,0,0,16,0,0,0,0,0,0,13,0,0,4,0,0,1,0,0,0,15,0,4,0,0,0,234,0,0,7,7,0,0,0,0,1784,0,0,0,3,1,0,0,0,0,0,0,0,0,0,0,0,101,0,26,0,0,0,0,0,0,0,0,0,0,0,0,0,17,0,0,0,26,0,0,0,1,0,0,46,0,9,0,2,13,0,0,0,0,0,0,4,0,17,0,0,321,0,0,0,0,0,0,0,0,0,0,0,0,0,0,0,0,0,0,5,0,5,0,10,0,0,0,0,0,0,0,0,6,0,0,0,0,0,0,505,0,0,0,0,0,4,0,0,0,1,0,0,0,0,0,0,4,0,0,0,0,0,0,18,0,0,3,0
"489",13,0,0,0,24,0,1,0,27,0,0,0,37,0,3,1,0,0,0,0,0,9,0,0,0,2898,33,0,203,78,0,0,11,62,0,0,0,115,0,3,0,0,0,0,0,0,0,5,0,0,1,0,0,0,1,23,0,26,0,1,0,0,0,0,0,3,0,0,0,0,13,0,0,0,1,0,0,0,0,1,0,1,3,0,0,8,0,0,0,0,0,29,11,0,0,0,1,0,0,514,0,0,7,0,0,0,4,86,0,0,0,1,0,57,88,0,8,0,11,0,6,167,0,1,1726,0,0,0,0,102,25,0,0,0,0,0,0,0,0,0,12,0,0,0,0,0,0,16,1,0,18,0,0,3,1,0,0,0,0,0,0,0,0,31,0,0,0,0,0,11,0,0,0,0,0,0,0,1,33,0,0,0,0,0,2,0,0,0,53,0,0,234,12,0,0,15,0,0,0,0,0,0,0,1,0,36,19,0,0,20,0,0,0,0,26,0,13,1,1,0,1,3,0,0,0,0,0,0,60,0,0,0,0,579,0,0,1,0,0,64,0,0,0,0,0,0,7,0,0,0,0,0,4,0,8,8,232,14,8,0,0,0,0,0,1,0,0,0,1,23,15,0,353,0,0,0,1,0,1,1935,0,0,161,0,0,0,0,0,0,0,0,0,0,0,0,0,0,0,0,115,0
"490",18,0,0,1,82,0,1,0,435,0,0,0,0,0,4,0,0,0,0,0,0,0,3,1,0,167,0,0,2,0,1288,0,0,13,0,0,0,235,0,0,0,0,0,0,0,99,0,31,0,0,0,0,0,0,0,0,0,0,0,151,1,0,0,0,0,0,57,0,1,34,116,0,0,0,0,0,0,1,0,0,0,0,268,0,22,0,42,0,0,0,0,5,1,0,0,0,0,12,0,41,0,0,0,0,9,0,118,1714,0,0,0,42,0,147,6,0,77,2,140,2,12,36,3,0,0,0,0,0,0,0,28,423,0,0,0,0,1,0,1,0,2,0,0,0,0,201,0,0,0,0,0,0,0,13,1,0,0,0,0,9,0,0,0,1043,0,0,0,0,0,0,0,0,0,0,2,8,0,169,493,0,0,0,0,0,14,0,0,0,0,1,0,69,0,0,0,0,0,0,0,0,0,1,0,0,0,0,0,0,14,1,0,0,0,0,0,0,114,127,21,0,214,32,0,0,0,0,0,0,97,0,0,0,0,44,0,0,0,0,0,0,2,0,1,0,0,0,0,0,1,0,0,0,26,0,40,0,0,0,0,0,0,0,0,5,0,0,0,0,0,5,0,0,47,0,0,0,0,0,7,688,0,0,286,0,0,0,0,0,0,0,0,0,1,0,50,0,1,0,0,27,0
"491",0,0,0,0,23,3,2,1,1444,0,66,0,11,0,4,0,1,9,6,10,1,4,15,1,0,1,14,0,2,17,104,4,0,52,0,0,132,168,4,3,1,0,0,0,0,19,0,6,0,0,7,48,1,0,34,15,0,8,0,4,2,4,6,0,0,4,10,0,0,11,21,0,0,2,619,0,0,0,0,16,35,1,83,0,12,1,0,3,0,159,0,9,0,6,0,0,0,0,21,43,0,14,0,1,14,0,3,7,1,0,0,2,0,0,1,0,3,0,22,0,0,0,0,0,144,11,0,0,16,21,43,21,0,0,1,0,1,1,1,0,1,7,0,1,0,234,25,13,0,0,1,13,0,0,1,0,1,1,2,48,0,0,1,0,15,0,0,0,0,0,0,0,3,0,0,0,0,61,43,6,0,0,3,1,6,0,0,0,0,1,0,154,0,1,0,1,0,0,0,0,0,1,0,22,0,1,0,7,0,2,1,0,0,8,15,0,33,15,1,0,71,10,0,1,0,1,2,0,59,0,128,1,2,14,0,0,2,0,0,1,1,0,0,0,1,0,0,0,1,0,0,1,13,1,21,1,1,0,5,96,0,0,0,1,0,0,0,0,189,2043,1,26,73,0,1,0,1,1,3,1896,0,0,184,0,0,0,0,0,0,115,0,6,0,0,90,0,23,0,0,17,8
"492",84,5,0,0,0,10,0,0,15,0,0,0,0,0,0,0,0,0,0,0,0,21,23,0,0,3892,19,0,0,0,0,0,0,0,0,0,0,63,0,0,0,55,0,46,0,1445,0,0,14,0,0,0,0,0,0,0,0,0,0,0,0,4,0,0,0,0,0,0,13,0,0,0,7,6,236,0,0,0,0,123,0,0,0,0,0,0,5,0,0,0,0,25,0,0,0,0,0,0,47,82,0,0,0,0,0,0,0,11,0,0,0,0,0,0,139,0,0,0,1,0,0,0,0,46,0,0,2,0,0,0,0,5,0,0,0,131,0,1,0,0,1,0,0,0,0,0,0,13,0,0,0,0,0,38,0,0,0,0,0,0,0,0,0,0,0,2,0,0,0,0,0,0,0,0,0,0,0,0,0,0,0,0,0,0,0,0,0,0,0,1,0,330,0,0,0,0,107,0,0,0,0,1,0,0,0,0,0,0,0,0,0,0,0,0,0,0,0,0,373,0,0,0,0,0,0,0,0,0,0,0,0,0,0,154,0,0,0,0,0,0,2,0,0,0,0,0,0,0,1,0,0,13,11,0,3,0,2,0,0,2,0,0,0,2,0,0,0,0,0,1,0,0,4,0,0,0,0,0,0,2439,0,0,0,0,0,0,0,0,0,0,0,0,0,0,0,0,0,0,0,0,0
"493",126,77,0,0,0,0,4,0,0,0,0,0,8,0,3,0,0,0,0,0,0,0,0,1,0,532,23,0,2,9,0,1,0,41,0,0,70,0,0,0,0,0,0,0,0,8,0,0,0,0,0,0,0,0,0,0,0,0,0,1,0,0,0,0,4,0,85,0,12,0,0,0,0,0,0,0,0,0,0,10,0,67,0,0,0,1,130,0,0,0,0,0,1,0,0,1,0,30,0,197,0,109,0,0,0,0,0,1581,1,0,12,11,0,0,24,0,0,2,0,0,10,0,0,0,53,0,0,0,0,0,0,0,0,0,0,0,1,0,0,17,12,2,0,3,0,0,0,0,0,0,0,1,0,0,0,0,0,0,0,0,0,0,0,0,0,0,0,0,0,0,0,0,1,0,0,0,0,4,0,0,0,0,0,0,0,0,0,0,0,7,0,76,0,0,1,0,0,0,0,0,0,0,0,4,335,0,0,0,14,2,0,0,0,0,0,0,0,0,601,0,21,0,0,0,0,0,0,0,9,0,11,0,0,218,0,0,0,0,0,0,0,0,0,0,0,0,0,0,1,0,1,0,0,0,0,5,0,0,0,0,1,0,0,0,5,0,0,0,0,2,2,0,414,0,0,0,0,0,0,4839,1,0,60,0,0,74,0,0,0,0,0,0,0,0,0,0,6,0,0,64,0
"494",0,0,0,0,13,0,2,0,0,0,0,0,0,0,3,0,0,0,0,0,0,74,0,0,0,3490,19,0,0,0,0,71,0,232,0,0,12,0,0,0,6,0,0,0,0,23,0,0,0,0,0,0,0,0,0,9,0,18,0,24,0,0,0,0,0,0,111,0,0,76,14,0,0,0,0,0,0,0,0,6,0,3,8,0,181,0,47,0,0,0,0,16,1,0,0,0,0,22,0,0,0,0,0,0,0,0,0,697,1,0,0,5,0,0,18,0,2,0,104,0,18,41,0,0,69,1,1,0,0,0,0,0,0,0,0,0,0,0,0,0,8,0,0,0,0,1,0,0,0,0,0,0,0,0,0,0,0,1,0,70,0,0,0,1,0,0,0,0,0,0,0,0,0,0,0,0,0,470,120,0,0,0,0,0,0,0,2,0,0,5,1,46,0,0,0,0,0,0,1,1,0,1,0,1,153,0,0,0,0,1,0,0,0,0,15,0,187,56,0,0,277,16,0,0,0,11,0,0,23,0,133,0,0,268,0,0,0,0,0,0,1,0,0,0,1,1,0,0,1,0,0,0,0,0,0,1,0,0,0,0,0,0,0,1,0,0,0,0,0,7,0,0,203,0,0,0,0,0,5,2449,0,0,23,0,0,0,0,0,0,6,0,0,0,0,0,0,0,0,0,0,0
"495",0,0,0,0,0,0,0,93,0,0,0,0,0,9,0,0,18,1,0,33,0,55,0,50,9,738,0,0,309,0,328,0,0,0,0,0,4,310,1,0,16,4,0,0,0,119,0,0,0,0,0,0,0,0,0,8,0,0,0,465,0,0,0,0,0,0,154,0,0,0,11,1,0,0,0,0,0,0,0,101,0,1,434,0,21,0,23,0,0,10,203,39,61,0,56,4,0,7,1,0,0,0,0,4,0,1,0,934,0,34,0,0,0,1,11,0,0,0,164,0,0,11,0,1,0,10,0,19,0,0,9,9,0,0,0,0,9,0,0,21,4,0,0,0,0,0,15,0,0,169,0,14,35,25,1,0,0,0,0,33,0,12,0,280,0,0,0,0,0,0,3,0,0,0,0,0,0,0,177,0,0,0,0,0,41,0,0,0,0,0,13,38,3,0,0,0,0,0,0,376,0,0,1,820,0,60,3,0,0,21,0,0,4,16,1,0,82,177,0,0,0,4,0,21,0,0,548,0,4,4,62,1,1,15,0,0,4,0,0,0,0,0,0,0,6,0,0,0,1,0,0,5,0,0,3,158,6,0,27,30,9,0,0,12,82,0,0,76,0,0,0,108,54,1,0,0,0,0,4,904,2,0,154,0,0,1,0,116,47,13,0,29,0,2,0,30,0,0,0,66,0
"496",0,0,0,1,0,0,1,10,0,0,0,0,0,1,48,0,33,0,0,0,0,39,0,2,0,2201,0,0,6,5,0,0,0,0,0,0,1,0,0,0,1,0,0,39,0,147,0,0,0,0,0,0,0,0,112,0,0,0,3,167,0,0,0,0,2,0,1743,7,1,160,9,0,0,4,0,0,0,0,0,172,0,6,0,0,2,0,0,0,0,0,7,36,0,0,0,0,0,1,42,0,0,9,0,0,0,1,57,677,1,29,1,0,0,0,2,0,0,1,233,1,0,31,20,0,0,120,0,0,0,0,25,30,0,0,0,0,0,0,0,0,1271,0,0,1,366,0,0,17,0,0,0,0,1,0,1,0,1,0,0,3,0,0,0,0,0,0,0,0,0,0,0,1,1,1,0,0,0,0,394,0,2,6,0,0,6,0,1,0,0,1,0,29,0,26,1,0,0,0,0,0,0,1,0,0,0,366,0,0,0,0,0,0,0,0,0,0,0,0,0,0,7,0,0,0,0,0,344,0,0,0,42,0,0,113,0,0,0,0,0,7,0,0,0,60,0,0,0,0,1,0,0,0,0,0,0,112,44,0,0,20,0,0,0,0,0,0,1,35,0,1,0,35,8,0,0,0,0,0,0,506,0,0,44,0,0,0,0,2,2,56,0,0,0,0,20,0,38,0,0,25,0
"497",0,1,0,0,0,1,4,0,0,0,0,0,0,0,1,0,0,0,0,1,0,55,0,3,0,1422,0,0,6,19,358,0,0,93,0,0,2,351,0,0,0,0,0,0,0,879,0,0,0,0,0,0,0,0,0,0,0,0,0,281,2,0,0,1,0,0,104,0,1,0,0,0,0,0,0,0,0,0,0,145,0,0,191,0,0,2,1,0,0,176,0,249,1,0,0,0,0,0,21,0,0,1,0,0,0,0,0,235,0,0,0,0,0,0,0,0,0,1,96,1,0,0,2,0,61,0,0,0,0,0,5,93,0,1,0,17,1,0,0,0,0,0,24,1,0,0,0,15,0,0,67,0,0,0,0,0,0,1,0,55,0,3,0,0,0,0,0,0,0,0,0,0,0,0,0,0,0,0,266,9,0,0,0,0,0,0,0,0,0,4,0,139,1,0,6,0,0,0,0,3,0,1,0,12,110,143,0,0,0,4,23,0,0,0,29,0,330,0,309,0,0,0,0,0,0,0,0,0,13,0,431,0,0,42,0,0,0,0,0,0,1,0,0,0,20,0,1,9,1,0,0,0,23,0,0,4,129,0,48,0,0,0,0,2,0,0,0,0,0,1,0,37,5,0,0,0,0,0,3,2117,0,0,96,0,0,0,0,0,0,21,0,0,0,0,92,0,1,0,0,359,0
"498",29,19,0,0,41,0,1,0,452,0,0,0,44,0,3,4,0,11,0,0,21,31,0,1,0,1619,26,0,7,80,57,0,0,24,0,0,0,0,0,0,0,11,0,0,0,174,78,5,6,0,19,0,0,0,0,53,0,0,0,228,0,0,15,2,41,0,608,0,0,115,48,4,0,0,0,76,0,1,0,296,0,3,165,0,0,3,21,0,0,44,208,4,1,0,0,0,0,18,0,388,0,0,0,0,0,0,33,757,0,0,0,13,0,39,43,0,19,15,25,0,19,46,0,1,15,0,0,0,9,0,0,77,0,1,0,0,1,0,1,0,493,0,0,0,0,0,0,0,0,4,11,20,0,22,0,0,0,0,0,0,0,0,0,0,0,0,0,0,0,1,9,0,1,0,0,0,0,30,0,1,0,0,0,0,21,0,0,0,0,0,0,77,1,0,0,0,0,1,0,0,0,0,0,99,0,182,12,0,12,1,0,0,0,4,1,0,0,10,25,0,32,14,0,0,0,1,0,0,27,0,75,0,1,180,0,0,1,0,0,183,0,0,0,17,30,194,0,0,0,0,0,0,0,0,10,26,41,0,5,19,0,0,0,9,20,0,0,0,0,82,0,0,88,0,0,0,0,7,1,1732,0,0,56,0,0,0,0,1,0,8,0,0,0,0,0,0,0,0,3,12,7
"499",0,0,0,0,18,0,0,2,0,0,0,0,0,0,1,0,0,0,0,0,0,4,34,27,0,38,50,0,6,19,182,0,0,45,0,0,2,26,0,0,0,112,0,0,0,1,0,0,0,0,0,36,0,0,0,22,0,0,0,3,0,0,0,0,0,0,105,0,0,0,13,5,8,7,0,0,0,0,1,11,0,0,558,0,0,0,284,0,0,31,0,1,0,0,0,49,0,30,0,1063,0,0,0,1,0,76,153,655,1,0,0,0,25,33,181,0,0,0,15,6,0,173,0,0,22,0,0,0,0,37,119,123,0,0,2,0,77,0,0,0,21,0,0,0,74,2,317,56,0,0,29,0,0,65,0,0,1,0,40,0,0,7,0,0,0,0,0,0,0,0,50,0,0,0,0,0,4,0,6,0,0,0,0,0,14,0,0,0,0,11,0,29,0,0,1,0,0,0,0,0,0,1,0,2,0,54,37,0,0,0,0,0,0,0,13,0,30,0,1,0,0,141,0,0,0,0,0,0,4,9,18,0,0,21,0,0,0,0,0,2,9,0,0,0,0,0,0,0,1,0,0,15,21,0,0,0,19,0,0,3,0,0,0,11,0,0,0,0,0,14,0,0,36,0,0,0,0,0,4,3495,0,0,81,0,0,0,0,0,3,50,0,0,0,0,31,0,55,0,0,3,0
"500",0,0,0,0,0,0,0,0,0,0,0,0,0,560,4,0,0,0,0,0,43,3,0,3,0,2284,0,0,2,2,97,0,0,19,0,0,0,18,0,0,0,0,0,37,0,36,0,1,1,0,0,0,2,0,3,0,0,0,0,1,0,0,0,0,0,0,140,0,0,0,0,0,0,8,0,0,0,0,0,6,0,0,2,0,0,2,683,0,0,7,0,77,1,0,0,0,0,0,21,0,3,14,0,0,0,0,118,74,1,0,0,0,0,84,0,4,0,3,26,9,0,32,0,0,218,0,0,0,0,0,1,35,1,5,0,0,7,0,0,0,0,0,36,0,0,0,1,3,0,0,1,0,0,0,1,0,0,0,3,0,0,0,0,0,0,2,0,0,0,3,0,0,1,0,0,0,0,0,4,0,1,0,0,0,0,0,0,0,0,3,0,9,0,0,0,0,0,0,0,0,0,0,0,1,0,1,1,0,11,1,0,0,0,0,0,0,128,4,1,4,0,0,0,0,1,0,0,0,44,0,102,1,0,95,0,0,0,0,0,2,1,0,56,0,0,0,0,0,1,0,218,4,1,1,10,2,15,0,4,54,0,0,0,4,0,0,0,2,3,63,0,27,25,1186,0,0,18,0,0,2689,0,0,1,0,0,0,0,0,0,6,0,0,0,0,28,24,23,3,0,8,0
"501",3,0,0,0,0,0,0,0,0,0,0,0,0,0,9,0,0,4,0,0,50,49,0,0,0,16,0,0,6,0,301,0,0,247,0,0,0,0,0,0,0,0,0,0,0,84,0,1,0,0,3,0,0,0,0,0,0,0,0,74,3,25,0,0,0,0,183,0,0,33,193,0,0,0,0,0,3,2,0,67,13,15,0,0,64,52,0,0,0,0,0,1,3,0,0,1,0,0,108,0,0,7,0,0,33,33,0,723,0,0,0,95,1,86,1,0,0,0,81,1,8,0,0,0,29,74,0,0,0,0,0,0,0,0,0,0,5,0,0,0,9,0,0,0,0,0,11,0,0,0,4,0,0,0,3,0,0,0,144,140,0,0,0,0,0,0,0,0,5,0,9,0,0,0,0,0,3,364,70,1,0,0,0,0,0,0,0,0,0,0,0,0,0,12,0,0,0,39,0,0,0,0,0,46,0,10,0,0,0,1,0,0,0,0,0,0,75,168,0,0,79,22,0,99,1,0,0,0,228,0,48,0,0,355,0,0,6,0,0,143,0,0,133,0,7,0,0,0,0,0,0,1,0,0,52,6,3,0,0,0,5,0,0,0,0,0,0,0,0,169,0,0,1659,0,0,0,0,0,0,2360,0,0,167,0,0,0,1,0,27,32,0,0,0,2,0,0,6,0,0,76,0
"502",15,0,0,0,107,7,0,0,1878,0,0,0,9,0,1,0,0,0,0,0,0,0,0,0,0,1174,0,0,0,1,0,0,0,98,0,0,0,0,0,0,0,0,0,0,0,0,0,25,0,0,0,0,0,3,0,94,0,0,0,0,0,0,0,0,0,0,0,0,0,0,0,0,6,0,0,0,0,0,0,112,0,18,0,0,0,1,0,0,0,172,0,4,1,0,0,6,0,21,0,176,0,0,0,0,0,0,0,1130,0,133,0,13,0,12,43,0,13,0,27,0,17,0,0,1,62,9,0,0,0,0,21,0,0,0,0,0,1,0,1,0,1,1,60,0,0,316,0,0,0,0,80,0,1,11,0,0,0,0,0,0,0,0,0,0,0,0,0,0,1,0,3,0,1,0,0,0,0,0,0,0,0,0,0,0,0,0,0,0,0,0,0,0,2,0,0,0,0,0,0,0,0,0,0,1246,0,7,0,1,0,4,0,0,0,0,0,0,0,0,0,0,0,17,0,0,0,0,0,0,71,0,0,0,0,0,0,0,5,0,0,1,0,0,0,0,0,5,0,0,0,0,0,0,56,0,35,0,5,0,0,0,0,0,0,0,0,0,1,0,3,1,0,0,207,1,1,0,0,0,0,1753,0,1,587,0,1,3,0,0,0,55,0,0,0,37,0,0,1,0,0,81,0
"503",21,87,0,4,43,29,3,0,581,0,0,0,0,0,4,0,24,41,6,0,0,48,6,1,0,1814,23,0,3,0,0,0,0,33,2,0,11,0,0,1,7,75,0,0,0,114,0,26,0,1,0,8,0,0,0,73,1,26,0,0,3,0,9,0,0,0,323,0,0,0,40,0,0,0,0,0,0,0,0,544,0,3,0,0,0,1,461,1,0,0,0,22,1,0,10,0,0,30,0,507,0,100,0,22,1,0,0,64,0,0,0,5,0,42,0,0,303,0,11,0,23,0,0,0,26,72,3,0,9,0,5,34,0,3,0,0,1,0,0,0,12,0,28,0,0,0,0,18,0,0,16,0,0,9,0,0,0,0,0,10,0,40,0,0,0,0,0,5,0,0,55,0,1,1,0,0,0,174,0,0,0,0,0,0,36,22,0,0,0,0,0,55,0,0,0,2,0,0,1,307,0,48,0,138,0,160,0,1,7,15,80,0,0,0,28,0,0,0,274,0,97,0,0,0,0,0,0,6,0,0,161,1,0,250,0,0,6,0,1,0,0,0,0,0,1,23,0,1,0,0,0,41,0,0,0,37,59,0,0,23,0,0,0,14,0,0,0,0,0,111,0,0,22,1,1,0,0,0,0,1698,0,0,129,0,0,0,0,6,0,189,0,0,0,0,0,0,29,0,0,103,0
"504",39,0,0,0,0,0,1,0,0,0,0,0,0,0,1,0,10,0,0,0,0,31,0,9,0,49,0,0,0,0,0,0,0,29,0,0,0,143,0,0,1,0,0,0,0,0,0,0,0,0,0,0,0,0,0,0,2,0,0,0,0,0,1,0,0,0,0,0,2,0,0,0,0,0,0,0,0,0,0,0,0,0,0,0,0,1,148,0,0,0,0,1,3,0,0,112,0,0,0,0,0,0,0,0,0,0,0,3665,0,0,0,0,0,0,0,10,0,18,223,0,0,0,0,0,2,0,0,0,0,0,0,0,0,2,0,2,1,0,0,0,0,0,0,1,0,0,0,0,0,0,0,0,0,0,0,1,0,0,0,0,0,0,0,0,0,0,0,0,0,0,0,0,0,0,0,0,0,0,0,0,0,0,0,0,0,0,0,0,0,0,0,329,7,0,0,0,0,6,0,0,0,0,0,0,2147,58,0,0,1,0,0,0,0,0,0,0,0,0,19,0,1,0,0,0,0,0,0,0,0,0,0,0,0,0,0,0,0,0,0,0,0,0,0,0,0,0,0,64,0,0,0,0,0,0,0,0,4,0,0,0,0,0,0,0,0,0,0,0,0,175,0,0,0,0,0,0,0,0,3,1419,0,0,0,0,0,0,0,0,0,0,0,0,0,0,0,0,18,0,0,15,0
"505",14,0,0,0,32,0,1,68,36,0,0,0,18,0,3,0,3,0,0,0,126,24,0,0,0,581,87,0,14,40,1,0,0,45,0,0,7,58,0,0,1,0,0,0,0,35,0,18,22,0,0,1,0,0,9,31,0,0,0,93,0,24,0,0,40,0,159,6,0,25,69,0,0,80,0,0,0,0,0,54,0,33,135,0,374,3,0,0,0,45,238,40,0,0,0,0,0,21,31,82,8,0,0,0,44,0,141,29,0,41,0,0,0,779,68,4,13,0,110,15,0,32,0,1,0,0,0,0,0,0,3,19,0,0,0,0,13,0,0,0,4,0,0,0,0,0,65,57,0,8,4,18,0,0,1,0,0,0,0,100,0,0,0,298,0,0,0,0,0,0,1,0,0,0,0,0,0,148,91,0,65,0,0,0,35,0,0,0,0,0,0,0,1,1,0,0,0,0,0,0,0,0,0,1145,0,95,12,0,1,1,0,0,64,0,70,0,307,46,0,8,59,0,0,37,1,0,0,0,160,21,130,0,0,184,0,0,11,0,0,24,0,0,100,19,0,19,0,0,0,0,199,3,0,0,62,67,11,0,0,23,6,0,0,6,0,0,3,42,120,20,1,0,161,0,1,0,32,0,0,1463,0,0,299,0,0,12,0,0,21,39,0,0,0,0,39,8,0,11,11,14,11
"506",230,0,0,0,92,0,34,0,0,0,0,0,0,0,149,0,0,0,0,0,0,22,0,55,0,348,92,0,431,0,0,0,0,15,0,0,7,0,0,0,0,43,0,0,0,20,0,0,0,0,0,0,0,0,0,0,0,0,6,1,0,0,0,0,0,0,0,0,0,0,0,0,0,0,0,217,0,0,0,1,0,4,10,0,0,0,0,0,0,0,0,82,13,0,0,0,0,49,7,935,0,148,0,0,0,0,0,1432,0,0,0,0,15,0,39,0,32,0,106,0,0,0,0,0,3,0,5,0,0,0,19,0,0,0,0,93,4,0,0,0,4,0,0,0,0,38,0,0,0,35,9,0,0,0,1,0,0,0,0,23,0,0,0,0,0,1,0,0,0,0,10,0,0,0,0,0,0,0,1,0,0,0,0,0,0,0,0,0,0,0,1,15,0,0,0,0,0,0,0,0,0,0,0,0,0,6,5,0,0,247,0,0,0,0,0,0,0,0,9,0,21,32,0,0,0,0,0,0,6,0,0,0,0,658,0,0,0,0,0,0,0,0,0,0,0,27,0,0,0,0,0,0,0,0,0,0,4,0,0,0,0,0,0,0,0,0,0,0,0,1125,0,0,188,0,0,0,0,0,0,2314,0,0,0,0,0,0,0,0,3,18,0,0,0,0,0,0,8,0,0,77,0
"507",20,9,0,1,51,0,5,0,704,0,0,0,0,0,502,0,38,0,0,0,0,7,0,3,0,2136,0,0,238,0,0,0,0,37,0,0,1,472,0,0,8,13,0,0,0,44,0,0,0,0,0,1,0,0,0,0,0,24,0,9,0,0,59,0,270,0,0,1,0,18,0,0,0,0,0,0,0,0,0,12,0,0,0,0,0,0,0,0,0,0,49,0,51,0,0,0,0,22,1,201,0,115,0,0,0,0,0,415,0,0,21,0,1,0,29,0,0,1,139,0,4,0,0,1,7,0,0,0,0,0,7,30,0,1,0,0,81,0,0,0,3,0,0,0,0,0,0,0,0,0,0,0,0,0,0,0,0,0,0,9,0,0,0,0,0,0,0,0,0,0,1,0,0,0,0,0,0,0,0,0,0,0,0,0,0,0,0,0,0,0,0,115,26,0,0,0,0,0,0,0,0,0,0,0,0,0,0,0,1,18,0,0,0,0,0,0,56,0,0,0,84,0,0,0,0,0,0,0,0,0,318,0,0,1587,0,0,0,0,0,22,0,0,0,0,0,0,0,4,0,0,0,0,0,0,0,0,0,8,0,24,0,0,0,1,0,0,0,0,0,465,0,0,21,0,0,0,0,0,0,673,0,0,186,0,0,0,0,83,10,0,0,0,0,0,0,0,13,0,0,103,0
"508",10,0,0,0,99,0,0,24,0,9,0,0,14,14,3,0,0,0,0,0,0,0,5,0,0,1,0,0,0,0,0,0,0,24,0,0,0,117,0,0,0,0,0,0,0,38,0,0,0,0,0,0,0,0,101,34,0,0,0,0,0,0,8,0,0,0,151,0,0,0,759,0,0,0,0,1,0,0,0,415,0,0,97,0,417,0,1,0,1,54,0,7,1,0,0,0,0,24,41,204,0,49,0,0,0,0,0,293,0,0,0,0,0,649,63,0,149,0,226,0,4,140,0,1,31,0,0,0,0,0,66,136,0,0,0,0,2,0,0,0,7,4,0,0,0,0,0,0,0,0,14,0,0,0,0,4,0,0,0,0,0,0,0,2713,0,0,0,0,0,0,0,0,0,0,0,0,0,132,0,0,0,0,19,0,0,0,0,0,0,0,0,42,0,0,0,0,0,0,0,0,0,0,0,0,0,0,0,0,0,0,0,0,0,0,0,0,348,0,7,0,0,42,0,0,0,0,0,0,308,0,0,0,0,0,0,0,0,0,0,0,23,0,0,0,0,0,0,0,0,0,0,0,25,0,0,0,4,0,0,0,0,0,0,0,0,0,0,0,0,0,0,0,211,0,0,0,0,0,0,990,0,0,0,0,0,0,0,0,0,0,0,0,0,0,0,0,12,0,0,98,0
"509",0,0,0,0,0,0,5,0,47,0,0,0,18,308,15,0,0,0,0,0,0,13,27,1,0,1,39,0,1,0,0,0,0,37,13,0,4,123,0,0,7,0,0,0,0,5,0,0,11,0,0,0,0,0,0,172,2,0,0,38,0,6,64,17,0,0,54,0,0,3,0,0,34,0,0,486,0,1,0,52,267,33,32,0,71,0,149,0,0,0,1,12,75,0,0,0,0,38,0,159,0,0,0,4,149,0,0,199,0,0,0,59,0,69,75,0,0,0,65,15,0,0,0,1,4,575,0,148,0,0,0,0,0,1,0,0,1,0,0,0,19,0,0,0,0,570,0,0,0,0,0,0,0,0,1,0,0,0,0,0,0,0,0,0,0,0,0,0,0,0,0,0,1,0,0,0,9,182,21,0,0,0,0,0,0,0,4,0,0,0,0,64,0,0,0,0,0,0,0,0,0,0,0,115,0,39,0,0,7,0,0,0,0,0,2,1,0,380,501,2,17,22,0,0,0,0,0,0,0,11,36,15,0,51,0,0,0,0,5,0,0,0,0,0,6,0,0,0,0,0,195,0,0,0,11,14,0,0,15,0,0,0,0,0,4,0,0,0,377,12,0,0,768,0,0,0,96,0,0,2238,0,12,84,0,0,0,0,0,0,0,0,0,0,0,0,0,1,0,0,67,0
"510",23,0,0,0,11,0,0,0,17,0,0,0,17,35,11,0,0,0,0,0,0,2,0,0,0,2857,0,0,5,0,0,0,0,14,0,0,12,1,0,0,3,7,0,1,0,2,0,0,32,0,1,5,0,0,0,9,0,0,0,0,0,1,0,0,0,0,25,0,0,0,9,0,0,1,1,0,0,0,0,1,0,19,1,0,0,37,357,0,0,27,0,7,11,0,0,1,0,0,3,137,4,0,0,0,6,1,1,2037,1,1,0,0,0,0,32,0,4,0,80,0,2,7,0,0,240,236,6,0,0,0,1,11,1,1,0,0,4,0,0,0,0,0,0,0,0,244,0,0,0,7,0,0,0,0,1,0,0,0,2,1,0,0,0,1,0,2,0,0,0,0,1,0,1,3,0,0,0,1,6,0,0,0,0,0,0,0,0,0,0,1,0,32,0,0,1,0,0,0,0,0,0,1,0,1,0,16,0,0,0,1,0,0,2,0,0,0,25,1,0,4,0,0,0,0,1,0,0,0,26,6,81,0,0,141,0,0,0,0,0,0,1,0,0,0,0,0,0,0,1,0,25,0,2,0,0,0,0,0,8,3,1,0,0,0,0,0,0,0,0,41,0,0,3151,0,1,0,0,0,1,7,0,0,58,0,0,0,0,0,2,1,0,0,0,0,0,0,9,10,0,41,0
"511",92,7,0,3,0,12,1,1,12,0,0,2,18,1,27,0,0,0,0,0,2,95,7,4,0,620,41,0,10,19,2,0,0,30,0,0,3,18,2,0,2,26,0,10,0,33,0,88,0,0,0,0,0,0,7,0,0,0,0,40,13,1,8,0,50,0,96,0,0,0,96,0,0,7,0,0,0,0,0,0,0,0,15,0,7,0,0,0,0,13,0,154,1,0,0,1,0,31,0,494,0,0,0,0,9,10,57,212,1,0,13,0,0,53,25,0,10,0,151,2,0,43,0,0,443,268,0,0,0,0,1,1,0,0,0,15,4,0,0,0,774,0,0,0,0,0,0,6,0,0,19,52,0,0,1,0,0,1,0,2,0,0,3,0,1,2,0,0,0,0,0,0,0,0,0,0,7,7,144,0,0,0,0,22,41,0,0,0,32,2,0,0,3,8,2,3,0,1,0,0,0,17,0,1871,0,67,0,0,0,21,0,0,0,0,0,0,70,226,0,8,0,0,8,0,1,0,2,0,72,0,3,14,0,267,0,9,0,0,0,150,7,0,33,0,0,0,0,0,1,44,2,7,0,0,0,17,0,1,3,12,0,0,0,0,0,0,0,0,0,12,4,8,301,0,4,0,1,0,8,4,0,0,548,0,0,0,0,0,11,16,0,0,0,0,26,2,45,0,0,367,0
"512",0,0,0,0,0,0,0,4,0,0,7,0,0,0,767,0,0,0,0,0,40,32,0,0,0,0,0,0,3,11,0,0,25,82,0,0,1,3,0,0,0,0,0,14,0,89,0,0,0,0,0,0,0,0,0,0,0,0,0,71,0,3,0,0,0,0,0,0,0,0,0,1,0,0,0,0,0,0,0,41,0,1,0,0,0,0,0,0,0,48,0,4,0,0,0,0,0,0,50,0,0,0,0,0,0,0,7,0,0,37,0,58,0,44,0,0,67,0,46,0,0,0,11,1,4,0,3,0,0,0,0,48,0,0,1,0,26,0,0,0,956,0,1,0,14,0,30,1,0,1,2,0,0,0,1,0,0,0,11,0,0,0,0,0,0,1,0,0,0,12,0,0,2,0,0,0,0,9,431,0,0,0,0,0,0,0,0,0,0,0,0,22,1,0,0,0,0,1,0,0,265,0,0,0,1653,116,0,0,30,0,0,0,0,0,1,0,48,0,10,0,3,0,0,0,0,0,0,0,18,0,47,0,0,73,0,0,0,0,0,0,0,1,0,0,0,0,0,0,0,0,0,1,0,0,0,0,0,0,0,5,0,0,4,3,0,0,0,0,20,870,0,0,98,0,0,0,0,0,0,2243,0,0,24,0,0,0,0,0,0,0,0,5,0,0,202,0,0,70,0,22,0
"513",90,0,0,0,30,0,0,0,1980,0,0,0,0,0,0,0,27,0,0,0,0,12,0,0,0,1804,40,0,35,0,0,0,0,0,0,72,37,0,0,0,0,0,0,0,0,0,0,0,4,0,0,0,0,0,0,17,0,0,0,1,0,0,0,0,0,0,0,6,2,0,45,0,0,0,0,0,0,0,0,0,0,16,0,0,0,0,0,0,0,0,42,0,1,0,0,1,0,20,0,92,0,120,0,0,0,0,0,24,0,3,0,0,0,0,0,0,1,0,0,1,0,0,0,0,213,3,29,0,0,0,0,22,0,5,0,0,1,0,0,0,1,0,36,0,0,13,0,10,0,3,0,0,1,0,1,0,19,0,0,36,0,0,0,0,0,0,0,0,0,0,0,5,0,0,11,0,0,0,0,0,0,0,0,0,0,0,1,0,0,0,0,0,0,0,0,0,0,0,0,0,0,0,0,5,264,3,0,0,0,0,0,0,0,0,0,0,0,0,38,0,0,0,0,0,0,0,0,0,0,0,0,0,0,1971,0,0,0,0,0,0,0,0,0,0,3,23,0,1,0,0,0,0,0,0,0,0,0,0,0,0,0,0,0,0,0,0,0,0,17,1,0,0,0,0,0,0,0,0,26,1800,0,0,175,0,0,0,1,0,0,6,0,0,0,2,295,0,0,0,0,160,0
"514",0,0,2,4,0,0,0,15,0,0,0,0,0,0,0,0,0,0,1,0,0,57,1,0,1,3634,0,0,15,14,14,0,0,0,0,0,0,0,0,0,0,0,0,0,0,0,0,0,0,0,0,0,1,2,7,4,0,0,0,87,0,0,0,0,0,0,224,0,0,0,42,0,0,0,0,0,1,0,0,0,0,0,0,0,0,3,6,0,0,0,0,23,257,0,0,144,0,0,0,0,0,17,0,0,0,0,0,0,0,37,0,0,0,0,0,79,0,0,97,0,3,0,0,0,0,237,0,0,0,0,0,0,0,1,0,0,311,0,0,0,229,0,0,0,0,0,7,0,0,0,0,0,0,3,7,5,0,1,0,30,0,0,0,0,0,0,0,0,6,0,2,0,0,0,0,0,0,0,77,1,0,0,0,0,0,0,0,0,0,0,37,0,1,0,0,0,0,1,0,0,0,0,0,0,0,185,2,0,0,0,0,0,0,0,0,1,0,7,0,0,0,8,0,17,8,0,0,189,126,2,0,0,0,513,0,0,1,0,0,0,0,0,0,0,0,0,0,0,0,0,0,0,0,0,0,11,70,0,13,5,4,0,0,11,0,0,5,0,0,490,0,0,392,7,0,3,0,3,45,1314,0,0,0,0,11,3,0,0,15,0,0,0,0,0,178,47,0,0,0,0,0
"515",0,0,0,0,0,0,0,0,0,0,0,0,0,0,45,0,0,0,0,0,0,0,0,0,0,4831,0,0,41,0,0,0,0,0,0,0,87,0,0,0,0,0,0,0,0,332,0,0,0,0,0,0,0,0,0,0,0,3,0,0,0,0,0,0,0,0,0,0,0,0,0,0,0,0,7,0,0,0,0,0,0,0,0,0,0,0,0,0,0,0,0,0,0,0,0,0,19,0,0,0,0,14,0,0,24,0,0,0,0,0,0,0,0,0,0,0,0,0,89,0,0,0,0,0,0,0,14,0,0,0,0,485,0,0,0,0,0,0,0,0,78,0,0,0,0,0,0,0,0,0,8,0,0,0,0,0,0,0,0,0,0,0,0,0,0,6,0,0,0,0,0,0,29,0,0,0,0,0,0,0,0,0,0,0,0,0,0,0,0,0,0,150,0,0,0,0,0,0,8,0,0,79,0,0,0,0,0,0,37,0,92,0,0,0,0,0,0,0,299,0,0,0,0,0,0,0,0,0,461,0,0,0,0,0,9,0,0,0,5,17,0,0,0,0,16,0,0,1,0,0,0,0,0,0,0,0,0,0,0,0,0,0,0,0,0,0,0,0,0,767,0,0,211,0,0,0,0,0,0,0,0,0,1126,0,0,0,0,16,0,0,0,0,0,0,0,0,44,0,0,0,0
"516",37,0,0,0,90,0,0,0,1000,0,0,0,0,0,1,0,0,0,0,0,0,0,46,1,0,826,0,0,0,10,521,0,0,99,0,0,215,175,0,0,0,31,0,0,0,0,0,38,0,0,0,0,0,0,0,0,1,0,0,43,0,0,0,0,0,0,0,0,0,0,0,0,0,0,0,0,0,0,0,0,0,0,25,0,0,0,0,0,0,0,0,5,1,0,0,5,0,0,0,213,0,12,0,0,0,0,0,195,0,0,0,0,0,0,0,0,0,0,40,0,6,271,0,1,18,0,0,0,0,0,0,0,0,5,0,0,1,0,4,0,0,0,0,0,0,654,0,0,0,0,33,0,0,0,0,0,0,0,0,312,0,0,0,0,0,0,0,0,0,0,0,0,0,0,0,0,0,0,83,0,0,0,14,0,0,0,0,0,0,0,0,44,0,0,0,0,5,0,0,0,0,165,0,0,0,10,0,0,1,0,19,0,0,0,0,0,0,0,94,0,1,36,0,0,0,0,0,0,0,0,0,0,0,45,0,0,0,0,0,0,0,0,0,0,0,0,0,0,0,0,0,0,0,0,0,0,0,0,0,29,0,0,0,0,4,0,0,0,0,19,0,0,281,522,1,0,0,0,0,3729,0,0,0,0,0,0,0,0,0,0,0,0,0,0,0,0,3,0,0,110,0
"517",0,2,0,0,0,3,0,1,0,0,0,0,1,39,4,0,0,0,0,2,1,28,0,0,1,3285,0,1,11,12,109,0,1,94,0,0,109,6,1,0,0,0,439,29,3,4,0,1,0,0,2,5,0,4,2,5,0,0,0,48,0,0,0,0,0,0,158,0,0,84,3,0,0,7,0,0,0,0,0,0,0,0,4,0,19,3,0,0,0,7,0,38,0,19,0,0,0,0,19,2,0,4,0,0,11,0,2,104,1,0,0,156,0,8,4,0,112,0,58,3,0,3,0,0,0,0,0,0,0,52,1,21,0,0,0,0,30,0,1,0,704,1,25,1,0,0,21,3,0,0,3,0,0,27,0,0,1,1,5,52,0,4,2,0,0,0,1,0,0,0,0,0,0,0,0,0,7,60,0,0,0,0,0,1,7,0,0,258,0,1,0,46,0,0,1,0,0,2,0,0,1,1,0,18,0,61,0,0,0,0,5,0,0,9,0,0,0,5,246,5,14,2,0,0,0,0,1,0,18,0,37,1,2,163,0,3,3,0,0,70,2,0,49,0,0,0,0,0,1,0,0,0,3,0,0,55,21,0,8,2,0,0,0,2,0,1,1,0,5,20,0,7,308,0,0,0,0,2,1,1736,0,16,16,0,0,0,1,0,0,5,154,1,0,0,131,0,20,0,0,62,0
"518",0,0,6,1,0,0,0,0,0,0,0,0,0,0,60,0,0,0,0,15,0,4,0,0,0,4918,0,0,19,12,0,0,4,37,0,0,12,2,0,0,0,0,0,0,0,128,0,0,0,0,0,0,0,0,4,0,0,0,0,47,0,0,0,0,0,0,0,0,0,0,0,0,0,0,0,0,0,0,0,16,0,0,24,0,0,7,0,0,0,0,0,6,35,0,0,1,8,0,66,0,0,6,0,0,0,0,0,1122,0,0,0,0,0,0,5,9,153,87,3,0,0,0,33,0,159,0,1,0,0,0,2,129,0,0,0,0,0,0,0,0,97,0,0,3,0,0,0,0,0,0,0,48,5,0,0,0,0,0,0,14,0,0,0,445,0,0,1,1,0,0,0,0,0,0,0,0,0,19,0,0,0,0,0,0,4,0,0,0,0,4,0,41,9,0,0,0,0,0,0,0,0,1,0,0,0,20,0,0,29,0,0,0,0,0,0,0,143,0,246,0,48,0,0,0,0,0,0,0,19,0,0,0,0,322,0,0,0,0,0,0,0,0,0,0,0,0,0,16,0,0,0,0,1,0,4,24,0,0,0,11,0,0,0,3,1,0,0,0,0,145,7,1,153,0,0,0,0,0,2,1060,0,0,1,0,0,0,0,0,0,0,0,0,0,0,56,0,25,0,0,23,0
"519",0,0,0,0,54,0,0,13,0,0,0,4,16,0,19,0,0,0,0,1,168,26,0,0,0,1433,0,0,0,71,224,180,0,34,0,0,15,72,0,2,0,0,0,332,0,1,0,0,0,0,0,0,0,0,0,28,0,26,0,96,0,0,0,0,4,0,70,0,0,51,72,0,0,121,0,0,0,0,0,41,0,0,0,0,23,0,0,0,0,187,57,0,0,0,0,0,0,25,19,880,0,0,1,0,0,0,0,905,0,8,0,0,0,82,22,0,0,0,196,0,0,42,0,1,41,384,0,6,0,0,0,147,0,0,0,0,90,1,0,1,4,0,0,0,0,0,100,0,0,0,0,42,0,1,0,0,0,0,0,1,0,0,0,254,0,0,0,0,0,0,0,0,0,0,0,0,0,0,430,1,0,0,0,0,6,0,0,108,0,0,27,16,0,0,0,0,0,0,0,0,16,0,0,0,0,2,0,0,0,3,1,0,15,12,20,0,51,0,0,0,0,0,0,0,0,16,0,0,70,0,198,0,0,34,0,0,0,0,0,9,0,22,0,0,3,52,0,0,0,0,0,0,0,0,32,1,1,0,0,9,6,0,0,10,0,0,0,0,0,653,0,18,104,0,1,0,0,0,0,936,3,0,130,0,0,0,0,6,0,34,0,0,0,0,64,0,1,0,0,107,0
"520",0,0,0,0,0,0,7,0,0,0,0,0,0,0,26,0,0,0,0,0,0,0,0,1,0,1328,0,0,3,38,0,0,0,65,0,0,0,0,0,1,0,0,0,0,0,0,0,0,0,0,0,8,0,0,0,0,0,0,0,0,0,0,0,0,0,0,0,0,0,0,0,0,0,0,0,0,0,0,0,0,0,0,0,0,0,0,1531,0,0,0,0,0,4,0,0,0,0,0,0,0,0,116,0,0,0,0,0,1046,0,0,0,0,0,120,0,0,0,0,67,0,11,0,0,1,0,0,0,0,0,0,0,0,0,0,0,0,1,0,0,0,0,0,0,0,0,0,0,0,0,2,0,0,0,0,0,0,0,0,0,192,0,0,0,0,0,0,0,0,0,0,0,0,0,0,0,0,0,0,0,0,0,0,0,0,0,0,0,0,0,0,0,0,0,0,0,0,0,0,0,0,0,0,4078,0,0,0,0,29,0,1,144,0,0,0,0,0,0,0,0,0,0,0,0,0,0,0,0,0,0,0,0,0,0,657,0,0,0,0,0,0,0,0,0,0,0,0,0,0,0,0,0,0,0,0,0,0,0,0,34,481,0,0,0,0,0,0,0,0,0,0,0,0,536,0,4,0,0,0,0,0,0,0,0,0,0,0,0,0,0,0,0,0,0,0,0,0,3,0,0,29,0
"521",23,25,0,0,0,0,224,0,1328,0,0,0,0,0,53,0,0,0,0,0,0,12,0,9,0,89,0,0,0,0,1,0,0,77,0,0,29,153,0,2,0,0,74,75,6,0,0,0,0,0,0,79,0,0,0,191,0,0,0,77,0,0,0,0,71,0,40,0,0,0,319,0,0,0,0,0,0,0,0,38,0,0,24,0,0,4,0,37,0,102,0,284,34,0,0,2,0,0,0,1636,0,15,0,0,0,0,0,225,0,0,0,42,0,0,70,0,23,0,19,0,0,0,0,1,16,0,5,0,0,0,0,3,0,0,0,0,18,0,0,0,488,0,192,0,0,709,0,0,0,0,0,0,0,0,19,0,0,0,0,34,0,0,0,0,0,0,0,38,0,0,0,0,3,0,15,0,0,0,52,0,0,0,0,0,0,0,5,0,0,0,0,84,0,0,0,0,0,0,0,0,3,0,0,0,1,20,0,0,7,0,0,0,0,0,0,0,68,0,341,0,0,30,0,0,0,0,0,0,122,0,124,0,0,138,0,0,0,0,0,0,0,0,0,0,6,0,0,0,0,0,0,0,46,0,13,10,0,0,0,0,0,0,0,0,0,0,0,0,0,32,0,0,534,0,0,0,0,0,1,649,0,0,309,5,0,0,0,0,0,6,190,0,0,1,107,0,16,0,0,43,0
"522",0,0,0,0,0,0,0,3,0,0,0,0,0,0,11,0,0,0,0,0,24,26,0,0,0,1728,0,0,63,0,90,0,0,41,0,0,0,41,0,0,0,0,0,87,0,390,0,12,0,0,0,0,0,2,22,0,0,0,0,16,0,0,0,21,0,0,25,0,0,0,16,0,0,0,0,0,0,0,0,50,0,6,0,0,0,0,1,0,0,0,0,3,0,0,0,0,0,0,0,0,0,0,0,0,0,0,0,203,0,0,0,0,0,95,11,0,0,0,67,0,0,0,0,1,1157,66,0,0,0,0,20,0,0,0,0,0,147,0,0,0,4,0,0,0,0,0,26,0,0,3,7,1,0,1,1,0,0,0,0,5,0,0,0,0,0,0,0,0,0,0,6,0,0,0,0,0,0,0,93,0,0,0,0,0,26,0,0,0,0,0,0,437,0,0,0,0,0,0,0,0,0,0,0,64,428,33,0,0,0,0,24,0,0,0,14,0,25,1,0,0,0,6,0,0,0,0,7,0,72,0,18,0,0,243,0,0,0,0,0,0,39,0,0,0,3,0,0,0,0,0,0,7,0,0,0,79,0,0,3,119,0,0,0,18,0,0,0,0,0,83,0,58,1041,0,0,0,0,0,0,2318,0,0,261,0,0,0,0,0,0,0,0,0,0,0,0,0,7,0,0,64,0
"523",11,7,0,0,10,0,1,0,499,0,0,0,4,153,16,0,0,0,0,0,0,0,12,50,1,915,0,0,0,65,146,0,0,82,0,0,456,451,0,11,0,17,0,51,0,153,0,0,17,0,0,0,0,0,0,0,0,0,0,0,0,0,0,0,173,0,77,0,1,0,0,0,0,2,0,3,0,0,0,27,0,0,0,0,0,708,1,1,0,0,1,146,0,0,0,0,0,20,19,617,1,0,0,0,0,0,0,94,1,101,4,4,0,77,39,0,0,10,0,0,3,93,0,23,289,0,0,0,0,0,0,0,0,0,0,0,117,3,0,0,0,0,0,0,0,0,0,3,0,0,0,0,0,0,0,0,0,0,0,36,0,0,0,0,0,3,0,0,0,0,0,0,0,0,0,0,0,0,714,0,58,0,0,0,0,0,0,0,0,1,0,91,0,0,15,0,0,0,0,0,0,1,0,0,0,0,0,0,0,59,0,0,0,0,0,0,0,0,9,0,0,0,0,0,0,0,0,0,64,0,0,0,0,803,0,0,0,0,0,0,1,0,0,0,0,0,0,0,1,0,0,0,0,0,0,201,12,0,0,0,0,0,0,0,0,0,0,0,0,26,0,0,28,0,0,0,0,0,0,670,1,0,290,0,0,0,0,0,28,0,0,1,0,0,0,0,30,0,0,104,0
"524",0,0,0,0,7,0,0,9,0,0,0,0,0,0,1,0,5,0,0,0,97,125,0,1,0,43,1,0,1,2,259,0,0,135,0,0,179,222,0,0,0,0,0,0,0,361,0,0,0,0,2,0,0,0,0,0,0,1,0,241,0,29,0,0,2,22,60,0,5,199,0,0,0,0,0,0,1,0,0,329,0,0,15,0,0,1,0,0,0,44,1332,1,1,0,0,0,0,0,0,0,0,0,0,0,0,0,0,619,1,8,0,0,0,0,1,0,0,1,208,0,0,30,0,0,0,0,387,0,0,0,0,89,0,0,0,0,1,0,0,7,0,0,0,1,0,0,3,0,1,0,11,0,0,1,0,0,1,2,0,0,0,0,0,1591,0,0,0,0,0,0,7,0,8,0,0,0,0,300,365,0,0,0,1,1,0,0,0,0,0,1,1,25,0,0,0,0,0,0,1,0,0,0,1,34,0,0,0,0,7,0,1,0,0,0,0,0,251,0,0,0,276,13,0,0,0,0,0,0,0,0,112,0,0,7,0,0,21,0,0,6,1,0,0,0,1,3,0,0,1,0,504,0,0,0,11,1,1,0,0,0,2,0,0,1,1,0,0,0,124,141,4,0,1,0,4,0,0,0,0,613,0,0,190,0,0,0,1,0,97,0,0,0,0,0,0,0,0,0,0,123,0
"525",51,0,0,3,63,0,0,0,54,3,0,0,12,0,18,0,0,0,6,0,0,0,0,0,0,1499,38,0,0,0,0,0,0,66,0,0,20,87,0,0,5,21,0,141,4,217,0,0,0,0,0,0,5,0,28,32,0,0,0,0,0,0,0,0,0,0,57,0,2,0,161,0,0,0,1,0,0,1,0,37,109,0,89,3,0,0,507,0,0,247,0,4,1,9,0,0,0,0,0,191,5,119,0,0,1,59,0,424,0,0,0,69,0,167,47,0,16,0,20,0,0,48,0,1,80,33,0,0,0,25,60,46,0,0,0,2,1,4,0,0,0,0,0,0,0,0,0,43,0,0,15,10,0,0,3,0,0,0,0,21,1,0,0,0,0,0,5,0,0,0,0,0,0,0,0,0,0,0,79,0,0,0,0,0,0,0,0,0,20,1,0,107,0,0,0,0,0,0,0,0,0,0,0,592,0,0,0,0,12,22,0,0,0,0,0,0,0,29,101,7,0,11,0,57,1,0,0,0,254,0,96,0,0,0,0,0,0,0,0,0,31,0,1,0,0,0,0,0,0,38,9,0,0,30,0,9,9,0,0,34,0,0,0,20,0,0,0,0,6,0,0,81,319,0,0,0,0,0,0,2618,0,0,331,0,0,0,0,0,0,79,0,0,0,0,0,0,62,5,0,72,0
"526",0,0,0,0,0,0,89,0,0,0,0,0,1,26,19,0,0,0,0,0,46,23,0,0,0,2543,0,0,126,0,0,0,0,32,0,0,0,231,0,0,0,0,0,0,0,0,0,0,0,0,0,0,0,0,0,0,0,0,0,0,0,0,0,0,0,0,55,0,0,0,0,0,0,13,0,0,0,0,0,23,0,0,0,0,73,3,0,0,0,17,0,48,0,0,0,0,0,0,3,0,0,0,0,0,6,0,0,514,0,61,0,0,0,4,0,0,0,0,197,0,0,0,0,1,45,0,0,0,0,0,0,263,0,0,0,0,7,0,0,0,0,0,0,0,0,0,39,0,0,0,21,0,0,0,1,0,0,0,0,31,0,0,0,0,0,0,0,0,0,0,0,0,2315,0,0,0,0,0,32,4,0,0,0,0,0,0,0,0,0,0,0,54,0,0,0,0,0,0,0,0,0,0,0,0,0,11,0,0,0,0,0,0,0,0,0,0,5,0,0,0,0,0,0,0,0,12,0,0,7,0,0,0,0,357,0,0,0,0,0,52,0,0,0,0,0,0,0,0,0,0,0,0,0,0,25,0,6,0,6,0,1,0,0,8,0,0,0,0,0,4,0,0,221,0,0,0,0,0,15,170,0,0,285,0,0,0,0,0,3,17,0,0,0,0,16,0,0,0,0,293,0
"527",37,0,0,0,0,0,2,0,0,0,0,2,0,0,32,0,0,0,0,0,0,0,0,5,0,584,0,0,33,11,0,0,0,278,0,9,656,339,0,0,0,0,0,0,0,0,0,3,0,0,0,0,0,0,0,0,0,0,0,62,0,0,0,0,0,0,0,0,0,0,0,0,8,0,0,250,2,0,0,0,1,0,0,0,0,4,0,0,0,101,0,39,86,0,0,0,0,0,0,0,1,35,0,0,0,0,0,161,4,0,0,0,0,0,25,0,5,33,96,4,0,23,3,0,0,0,0,0,0,0,0,0,0,165,1,0,14,0,0,0,0,0,42,1,0,397,0,9,0,0,0,0,0,0,0,0,7,1,0,0,6,0,0,0,0,2,0,0,0,0,0,1,0,0,1,0,0,0,0,0,0,0,0,0,0,5,0,0,0,1,0,257,6,0,0,16,179,0,0,0,0,8,0,39,62,0,0,0,0,6,0,0,0,0,0,1,247,0,552,0,0,0,0,0,0,0,0,0,0,0,0,0,0,218,0,0,0,2,0,27,4,17,31,0,0,0,0,0,1,0,20,7,0,0,0,4,0,9,26,1,0,0,0,1,0,0,1,23,23,9,30,0,741,0,7,0,0,0,0,1797,0,0,521,0,0,0,0,0,0,0,0,0,0,0,18,0,0,0,0,301,0
"528",0,0,0,0,0,2,2,0,0,0,4,1,1,0,20,0,0,18,0,0,3,52,0,0,1,240,0,0,61,21,23,0,0,44,0,0,3,0,1,0,0,0,0,0,0,2,0,0,0,0,0,0,0,0,0,0,0,0,0,0,0,0,0,0,0,0,0,0,20,0,0,6,2,8,0,0,0,0,17,26,0,0,551,0,22,0,0,0,0,7,0,0,17,33,0,0,0,0,0,0,0,0,0,5,35,0,3,3956,1,0,2,0,0,0,19,0,0,0,0,15,0,0,0,0,44,0,0,0,0,41,3,11,0,0,0,0,41,0,0,0,0,0,0,0,0,0,0,0,0,0,0,0,0,0,0,0,0,0,0,106,0,0,12,0,0,3,4,0,0,0,0,44,0,0,0,0,6,0,0,0,0,16,0,0,0,0,0,5,0,25,0,19,0,0,450,0,0,0,2,0,3,0,0,0,0,0,0,0,0,0,0,0,0,3,0,0,0,0,647,0,0,0,0,0,0,0,0,0,1,0,60,3,0,0,0,0,0,0,0,0,1,32,0,0,0,0,0,0,1,0,0,0,41,0,186,0,0,3,2,64,0,0,0,0,3,0,0,0,0,2215,0,4,81,1,0,0,0,0,0,1,1,0,94,0,0,0,0,5,0,0,340,2,1,0,13,0,38,7,0,14,0
"529",0,0,0,0,0,0,9,0,0,0,0,0,0,0,68,1,0,0,0,0,0,49,0,6,0,1747,0,0,28,47,378,0,0,84,0,0,0,0,0,0,0,0,0,0,0,95,0,3,0,0,1,0,0,0,3,0,0,0,0,70,0,0,0,0,0,0,0,0,0,0,6,0,0,0,0,0,0,0,0,0,0,0,29,0,0,0,1,0,0,8,0,4,187,0,0,0,0,0,1,0,0,0,0,0,24,0,0,1532,0,0,0,0,8,16,0,0,0,0,160,0,0,0,0,1,23,0,0,0,0,0,0,40,0,0,0,0,219,0,0,0,36,0,0,0,0,0,0,0,0,0,1,1,0,14,0,0,0,0,0,84,0,0,0,47,0,0,0,0,0,0,27,0,0,0,0,0,0,12,460,0,0,0,0,0,19,0,0,0,0,0,0,9,0,11,0,0,0,0,1,0,0,0,0,1,0,159,5,0,1,0,0,0,0,0,1,0,252,1,47,0,33,11,0,0,0,0,0,0,18,0,0,0,0,1276,0,0,18,0,1,0,0,0,0,0,58,20,0,0,0,0,0,0,11,0,3,103,34,0,3,0,5,0,0,3,0,0,0,0,0,318,0,15,95,0,0,1,0,0,8,978,0,0,129,0,0,0,0,0,0,20,0,0,0,0,6,0,21,0,0,113,0
"530",0,0,0,0,0,0,12,18,0,0,0,0,1,15,2,4,0,4,0,0,27,0,0,16,0,1054,0,0,38,26,0,0,6,204,0,0,20,323,0,0,3,0,0,0,0,353,0,0,0,0,0,0,0,4,0,0,0,1,0,198,0,55,1,0,136,0,18,0,0,34,14,0,1,2,0,82,0,0,0,45,0,3,123,0,20,1,1,0,0,94,0,4,5,0,0,0,0,0,0,0,0,0,0,0,0,0,9,1428,1,0,9,0,0,0,6,31,0,3,346,1,0,0,0,0,85,0,0,0,0,0,0,6,0,0,1,0,1,0,0,0,4,0,37,1,49,0,18,4,0,0,49,0,3,0,1,0,1,0,0,0,0,0,0,0,0,0,0,0,0,0,0,5,1,0,0,0,2,0,175,0,0,0,0,1,8,0,0,0,0,12,0,78,1,13,102,0,0,0,0,0,1,0,0,1224,0,81,15,1,12,9,0,0,0,0,0,10,64,28,5,5,0,0,0,0,1,0,0,0,0,0,4,1,0,102,0,0,0,0,0,48,1,0,0,18,0,0,0,0,1,0,0,6,13,0,107,8,3,0,8,0,5,0,0,1,34,0,1,0,0,2,0,37,51,0,25,0,1,1,2,712,0,1,742,3,0,1,0,0,58,0,0,0,0,0,3,1,3,0,0,162,0
"531",16,0,0,0,40,0,0,0,2321,0,0,0,0,0,71,0,0,32,0,0,0,0,0,1,0,1405,40,0,11,1,78,0,0,186,50,0,1,0,0,0,9,18,0,0,0,226,0,0,11,2,0,3,0,0,0,13,0,16,1,3,3,7,0,0,214,0,51,0,0,0,0,0,0,15,0,44,0,0,0,34,0,22,0,0,0,1,400,0,0,0,0,1,20,0,51,0,0,0,0,90,0,14,0,0,0,0,0,153,0,0,0,0,0,55,0,6,0,0,54,0,10,18,0,1,21,185,0,0,1,0,0,265,0,1,0,0,225,0,73,0,0,1,23,0,0,0,0,13,0,4,9,0,0,8,0,0,0,91,0,0,0,0,0,0,0,1,0,0,0,0,1,0,7,0,0,0,0,0,115,0,0,0,0,0,1,0,0,0,0,0,0,22,1,0,0,0,0,0,0,0,0,0,0,99,0,4,1,0,18,11,6,0,0,0,4,1,45,0,9,0,0,42,0,0,0,0,0,0,61,0,281,1,0,469,0,0,0,0,1,0,0,0,0,0,1,69,0,0,0,0,222,5,0,0,0,1,13,0,0,21,0,0,0,1,1,0,0,0,0,6,0,0,147,1,6,0,0,0,0,1461,0,0,98,0,0,0,0,0,0,66,0,0,0,0,43,0,6,0,0,162,0
"532",0,8,0,0,0,0,17,0,0,0,0,0,0,81,9,0,2,0,0,0,0,4,0,0,0,146,0,0,4,0,158,0,0,55,0,0,5,50,0,0,0,0,0,26,0,20,0,2,0,0,0,0,0,0,0,0,0,0,0,418,0,0,1,0,0,0,308,0,0,28,16,0,0,0,0,0,0,0,0,329,0,1,355,0,0,1,82,0,0,0,0,0,7,0,0,157,0,0,25,0,0,11,0,0,0,0,0,3549,136,0,0,0,0,0,7,0,0,1,191,0,0,36,0,0,0,0,0,0,0,0,0,0,0,0,0,0,1,0,0,0,19,0,0,1,0,0,30,0,0,0,29,3,0,0,1,0,1,0,0,42,0,0,0,0,0,0,0,0,0,0,7,0,0,0,0,0,0,0,6,6,0,0,0,0,14,0,0,0,0,0,0,23,1,0,1,0,0,1,4,0,21,30,0,0,0,43,1,0,8,0,0,0,0,0,0,1,39,0,116,0,759,21,0,0,0,3,0,0,43,0,101,0,0,19,0,0,0,0,0,1,0,0,0,0,5,0,0,0,4,0,0,2,28,0,0,1,1,0,2,0,1,0,0,1,0,0,0,0,0,93,0,43,147,0,0,0,0,5,4,951,0,0,301,0,0,1,0,0,173,0,0,0,0,0,0,0,7,0,0,8,0
"533",0,0,0,1,0,0,1,35,0,0,0,0,0,121,1,0,1,0,1,0,31,12,0,0,0,8,0,0,8,0,1,0,0,15,3,0,402,55,0,0,0,0,0,106,0,0,0,6,0,0,6,0,0,0,27,5,0,1,0,10,1,12,1,40,0,4,11,0,0,23,18,0,0,235,0,0,0,0,0,87,0,6,111,5,0,4,0,0,0,78,624,5,0,0,0,3,0,0,18,0,0,0,0,0,0,27,1,1280,0,0,0,0,0,21,0,0,0,0,78,0,0,25,0,0,0,0,0,0,2,0,0,42,92,1,0,0,15,0,0,0,3,0,0,0,0,0,3,30,0,1,8,1,0,1,4,0,0,0,76,0,0,0,0,1,0,0,0,0,0,0,1,0,1203,0,0,0,3,7,38,0,0,0,0,0,2,0,0,0,0,0,1,147,1,1,0,0,0,0,0,0,0,0,0,142,0,2,0,0,1,8,19,0,19,6,0,0,0,15,147,13,28,4,0,0,0,0,135,0,27,32,58,1,0,112,0,0,3,0,1,51,0,0,0,0,5,27,0,0,0,0,221,5,15,0,72,8,5,0,0,0,1,0,0,1,0,0,0,0,131,104,0,0,185,0,1,1,0,1,1,2044,0,0,65,0,0,0,0,3,34,17,0,0,0,0,22,0,53,0,0,32,0
"534",0,0,0,0,0,0,25,19,93,1,1,2,0,237,59,0,0,1,0,0,3,11,0,0,0,2450,1,0,40,1,99,0,0,13,0,0,3,8,1,0,0,4,0,55,0,110,0,2,8,0,1,0,0,1,57,1,0,0,0,53,1,40,0,0,0,6,29,0,0,0,30,1,0,96,0,0,0,3,0,242,7,17,1,1,16,0,0,0,0,49,1,2,9,1,0,0,0,0,6,0,0,0,0,1,11,2,69,1,0,19,0,9,0,54,7,0,10,1,9,0,0,22,0,0,167,0,0,0,21,10,22,142,4,0,0,0,12,0,0,0,6,0,0,0,0,0,20,4,1,0,12,39,0,32,1,0,0,1,87,8,0,0,1,22,0,0,1,0,0,0,17,0,0,0,0,0,5,35,259,4,12,0,0,0,6,0,10,7,0,1,0,3,0,0,23,0,0,0,0,0,0,0,860,757,0,7,0,0,0,4,0,73,98,4,17,0,112,6,2,9,0,16,0,0,0,46,4,0,86,17,6,0,2,193,0,8,1,0,0,0,10,0,1,27,0,0,0,0,1,34,29,6,14,1,1,1,2,3,1,1,3,0,1,7,2,0,0,0,4,148,0,12,5,1,0,1,2,4,3,812,1,0,50,0,0,0,0,0,21,7,56,9,9,0,34,58,29,37,0,20,0
"535",0,0,0,0,0,1,0,22,0,9,0,1,0,357,134,0,0,0,0,0,66,4,0,0,0,507,0,0,0,0,0,0,0,50,0,34,0,1,0,0,0,0,0,7,0,1,0,0,0,0,0,0,0,0,0,4,0,0,0,31,0,26,0,0,507,0,186,0,0,0,33,0,4,53,0,0,0,0,0,17,0,0,0,0,27,0,419,0,0,6,0,38,470,0,0,0,0,0,5,0,0,0,0,0,6,0,0,3321,0,59,0,0,0,30,11,6,0,0,181,0,0,0,0,1,27,139,0,0,0,0,4,11,0,0,0,0,0,0,0,1,513,0,0,0,181,0,2,1,0,0,1,2,0,7,3,0,0,0,45,3,0,0,1,0,0,0,0,0,0,0,4,0,0,0,0,0,0,0,15,1,201,0,0,0,7,0,0,0,0,0,0,99,0,0,0,0,0,0,0,0,0,0,0,0,0,71,0,0,0,0,0,0,12,6,17,0,4,0,0,3,0,39,0,0,0,0,0,0,47,2,33,0,0,249,0,0,0,0,0,0,104,0,0,0,0,0,0,0,0,0,0,0,5,0,17,0,15,0,19,0,1,0,0,4,0,0,0,0,0,0,0,33,250,0,0,0,0,0,11,15,5,0,1,3,0,0,0,0,57,6,0,0,4,0,0,0,7,0,0,47,0
"536",0,0,0,0,81,16,33,0,63,0,0,0,91,0,16,0,0,0,0,0,27,29,0,18,0,1450,35,0,63,0,0,0,0,135,0,0,1,66,0,0,6,103,0,31,0,353,45,7,7,0,0,10,0,0,0,80,0,23,26,0,0,0,9,0,354,0,414,1,0,0,0,0,4,5,0,271,0,0,0,125,87,5,0,0,1,2,8,0,0,93,0,50,0,0,0,0,0,0,23,182,0,0,0,0,0,2,0,71,68,0,0,0,0,0,99,0,8,1,545,5,5,43,0,0,43,143,0,0,0,0,0,3,0,0,0,0,1,0,70,0,1,0,0,0,203,0,0,5,0,0,3,0,0,0,2,0,1,1,7,11,0,0,0,0,0,0,0,2,0,0,0,0,0,0,12,0,0,0,0,0,0,0,0,0,0,0,1,0,0,1,0,222,3,0,93,0,0,0,0,0,5,0,0,581,0,95,0,0,0,33,0,0,0,0,21,0,0,0,150,20,32,0,1,0,0,0,0,0,39,0,4,0,3,60,0,0,0,0,0,1,5,0,0,0,0,0,0,11,4,0,1,2,0,1,0,26,6,0,4,0,3,0,0,0,0,0,0,0,0,140,0,17,97,0,0,0,2,0,6,427,0,0,368,0,0,3,0,2,53,0,0,0,0,0,0,0,11,0,0,25,0
"537",34,5,45,0,189,0,16,0,0,0,0,0,37,0,291,0,24,0,0,0,0,26,0,0,0,193,0,0,103,57,74,0,0,33,0,0,115,126,0,2,0,0,0,0,0,0,0,0,0,0,0,0,0,6,0,109,0,73,0,36,0,0,0,2,0,0,130,0,0,266,62,0,7,0,0,0,0,0,0,135,0,3,18,0,0,3,0,0,0,76,0,1831,9,0,0,1,0,0,0,812,0,298,0,0,0,0,0,1758,0,65,0,139,8,12,33,0,451,0,144,0,0,0,0,0,0,0,4,0,0,0,0,0,0,4,0,0,3,1,0,0,9,0,0,0,0,0,114,0,0,2,6,0,0,0,0,0,16,0,0,1,0,0,0,0,0,1,0,0,0,0,2,0,0,0,0,0,0,0,45,0,0,0,0,12,18,0,0,0,0,88,0,0,0,0,0,0,0,0,0,0,0,0,0,73,0,31,1,0,7,0,0,0,0,0,0,0,22,0,0,0,8,63,0,0,1,0,0,0,0,0,0,0,0,42,30,0,6,0,0,44,0,0,132,0,1,0,0,0,0,0,0,3,0,0,7,9,0,0,11,0,1,0,0,0,103,0,0,0,22,286,0,0,268,0,7,0,0,0,0,629,0,0,82,0,6,16,0,3,0,0,0,0,0,0,30,0,4,0,0,203,0
"538",0,0,0,0,156,12,2,2,45,4,0,0,17,1,4,0,0,0,0,0,35,45,0,1,0,463,45,0,2,0,0,0,0,0,12,0,5,0,0,0,2,32,0,126,0,7,0,0,16,0,0,0,0,0,0,12,1,0,0,14,0,4,10,4,0,101,121,0,0,84,107,0,10,20,0,0,0,0,1,27,178,4,37,1,46,0,183,0,0,27,7,2,0,0,0,0,0,28,0,485,0,0,12,2,17,47,2,55,1,0,0,2,0,10,80,0,3,0,25,9,9,29,4,0,94,0,0,0,0,103,0,20,4,1,0,0,1,0,0,0,1,0,0,0,0,0,78,16,0,11,55,0,0,3,1,0,0,0,3,0,0,3,0,0,0,2,2,0,0,1,22,0,0,0,0,0,0,238,3,0,0,0,0,0,0,0,0,0,0,2,152,5,0,0,0,0,109,0,0,0,0,1,0,561,0,10,0,0,0,2,0,0,15,0,18,0,97,222,251,8,0,38,0,0,0,0,0,0,53,18,19,0,0,141,0,0,0,1,0,0,21,0,0,0,0,0,0,0,1,0,112,7,39,0,4,1,4,0,0,0,0,0,0,2,0,1,0,0,0,393,0,0,819,0,1,0,0,5,10,1002,0,0,970,0,0,0,0,1,32,41,0,0,0,0,40,0,1,0,0,144,0
"539",0,86,0,0,0,5,0,0,63,0,0,2,70,0,9,0,0,0,0,1,15,59,0,0,0,2164,146,22,10,109,0,0,0,131,0,0,5,20,0,0,6,28,0,0,0,1,0,0,0,0,0,0,0,0,1,12,0,0,0,26,0,11,0,0,0,0,32,0,0,240,0,0,9,5,0,202,0,0,1,5,0,0,0,0,4,0,0,0,0,0,0,0,2,0,0,0,0,0,0,550,0,87,0,0,0,0,0,215,1,0,0,3,0,0,63,0,5,0,20,2,0,0,0,0,68,69,0,0,0,0,1,6,0,0,0,0,0,0,0,0,7,0,0,0,0,0,73,6,0,0,0,1,0,0,0,0,0,0,0,1,0,0,0,1,0,0,0,0,0,0,0,0,0,0,0,0,0,9,0,0,0,0,0,1,12,0,0,0,0,1,0,10,6,43,0,0,0,0,2,0,0,0,0,0,0,76,0,0,10,1,70,0,0,9,0,0,0,0,50,9,4,0,0,0,0,0,1,0,2,0,0,0,0,0,0,0,0,0,0,0,2,0,0,0,0,0,20,0,2,0,0,0,3,0,7,16,42,0,8,6,0,0,3,3,0,2,0,0,32,4,0,7,172,0,0,0,0,0,0,3897,0,1,25,0,0,25,0,0,0,24,0,0,0,0,25,0,25,0,0,133,0
"540",0,0,0,0,72,0,3,3,63,0,0,0,0,230,0,3,0,0,0,1,25,5,0,0,0,2047,43,0,15,27,22,0,0,37,0,0,4,1,0,0,0,15,53,0,0,216,0,12,0,0,0,1,0,0,0,21,0,21,0,1,0,0,0,0,7,0,15,0,0,27,46,0,0,13,0,0,0,0,0,1,0,3,28,0,7,0,117,0,0,0,1,13,7,0,0,0,0,0,36,171,0,0,0,0,0,4,12,851,0,21,0,0,1,0,65,0,0,1,54,0,7,115,0,1,286,13,0,0,0,0,7,123,0,0,0,0,7,0,5,1,9,4,0,0,0,0,0,13,0,0,19,1,1,7,0,0,69,1,0,49,0,0,0,3,0,0,0,0,0,0,1,0,2,0,0,0,0,1,53,1,0,0,0,0,1,0,0,0,0,0,0,24,0,0,0,0,0,0,0,0,0,0,1,0,0,2,0,0,0,0,0,0,0,0,1,0,43,1,36,0,22,0,0,0,0,0,0,0,0,0,67,0,0,343,0,0,0,0,0,0,0,0,0,0,0,0,0,0,0,0,0,1,0,0,0,0,1,0,9,29,1,0,0,4,0,0,0,0,0,10,19,0,1449,0,0,0,7,0,0,2536,0,0,157,0,0,0,0,0,4,0,0,0,0,0,0,0,6,0,0,59,0
"541",157,0,0,0,28,0,0,0,0,0,0,0,26,0,4,0,0,0,0,0,0,0,33,5,0,13,0,0,11,223,40,0,0,0,0,0,36,0,0,0,10,44,0,0,0,0,0,0,7,0,0,0,0,0,0,58,0,58,0,0,0,0,0,0,0,0,0,0,0,0,0,0,0,0,0,705,0,0,0,0,0,0,21,0,0,0,1,0,0,0,0,25,171,0,0,1,0,51,0,307,0,0,0,0,0,0,0,128,1,0,0,0,0,0,61,4,21,0,0,3,0,83,0,0,0,0,0,0,0,0,0,0,0,11,0,0,3,0,0,0,4,0,0,0,0,75,0,0,0,0,0,0,0,0,2,0,0,1,0,0,0,0,0,0,0,0,0,0,0,0,0,0,176,0,0,0,0,0,0,0,0,0,0,0,0,0,26,613,0,1,0,0,5,0,0,0,0,0,0,0,0,1,0,0,0,0,0,0,0,9,0,0,0,0,0,0,0,0,921,0,0,0,0,0,0,0,0,0,0,0,0,0,0,95,0,0,0,0,0,0,1,0,0,0,79,0,0,0,20,0,0,0,0,0,0,0,5,0,0,0,0,0,0,0,0,0,0,0,0,2,0,0,762,15,0,0,0,0,0,4942,0,0,0,0,0,0,0,17,0,0,0,0,0,0,0,0,0,0,0,0,0
"542",10,0,0,1,50,0,1,14,27,0,26,0,0,0,4,0,0,12,0,0,3,19,5,4,0,3109,53,0,54,88,58,0,0,45,2,0,10,6,0,0,0,19,0,16,0,0,0,6,4,0,1,22,0,0,0,28,0,0,0,59,0,6,0,4,0,0,53,0,1,0,17,0,24,1,1,0,0,0,0,6,0,4,15,0,33,1,0,1,0,15,6,6,0,186,0,76,0,0,0,131,0,0,0,1,1,0,164,424,0,8,0,5,0,8,135,0,8,11,54,1,0,0,0,1,10,77,0,0,1,1,0,154,0,1,0,2,31,0,0,0,1070,0,36,0,0,82,0,7,0,7,10,0,0,0,0,0,0,0,9,19,0,17,0,0,0,0,0,0,1,0,0,0,1,0,31,0,0,1,8,1,0,0,0,0,16,1,1,0,7,0,0,48,0,4,0,16,35,1,0,0,0,0,0,5,1014,87,0,0,0,13,0,0,139,0,6,3,37,16,0,0,12,10,0,50,0,7,0,0,6,0,63,0,0,155,0,0,1,0,0,1,0,0,49,0,0,7,0,0,0,0,1,0,4,0,3,4,57,0,0,5,3,21,0,0,1,0,0,0,3,6,0,0,337,0,8,0,0,1,4,263,0,0,50,0,0,0,0,0,35,4,55,0,0,0,0,0,0,4,0,12,0
"543",54,12,0,0,80,15,0,4,48,0,51,0,32,0,1,0,0,36,5,0,1,7,0,6,0,2462,32,0,10,0,122,0,0,179,3,0,5,43,0,0,4,68,0,0,0,1,1,46,4,0,3,172,7,0,0,32,0,26,0,0,0,0,0,0,8,0,74,0,0,0,28,0,0,3,0,0,0,0,0,3,0,3,311,0,0,6,0,0,0,33,0,1,39,0,0,24,0,38,0,767,0,0,0,1,1,0,0,444,1,0,0,1,0,1,107,0,0,0,9,0,0,85,0,1,2,3,0,0,1,0,38,77,0,1,0,0,100,0,0,1,0,4,0,0,3,0,0,21,0,0,6,22,82,0,0,0,0,0,1,132,0,0,0,0,0,0,0,0,0,0,0,0,1,0,0,0,0,0,1,0,0,0,0,0,0,0,0,0,0,0,0,17,1,0,112,0,0,0,0,0,0,0,0,4,0,197,0,0,7,1,0,0,0,2,0,6,0,0,11,0,0,13,0,0,0,0,65,0,6,0,4,1,0,100,0,0,0,0,0,9,0,157,0,0,0,0,0,0,195,0,0,0,0,0,0,0,48,0,0,70,3,0,0,0,95,0,0,0,0,745,0,0,600,0,9,0,0,0,0,1813,1,0,169,0,0,0,0,0,4,4,0,0,0,0,61,8,8,28,0,3,0
"544",11,0,0,0,25,0,0,0,17,0,0,0,9,0,46,0,0,0,0,82,37,0,0,2,0,1,23,2,45,0,48,0,0,8,0,0,4,171,0,0,0,19,0,0,0,138,0,0,21,0,0,0,0,0,0,140,0,46,0,0,0,0,0,0,30,0,93,0,0,34,0,0,0,0,0,258,0,0,0,0,0,5,49,0,0,0,31,0,0,0,0,1787,3,0,3,11,0,146,0,692,0,0,0,0,0,0,247,145,1,0,0,31,0,1,42,0,63,0,39,22,0,104,0,0,265,0,0,0,0,0,77,144,0,0,0,0,3,0,1,0,40,0,0,11,0,0,0,4,0,0,25,27,0,12,120,3,28,0,227,0,0,0,0,0,0,0,0,0,0,5,0,0,1,0,0,0,0,0,0,0,0,0,0,0,0,0,0,0,0,1,0,29,5,0,0,1,0,0,0,0,0,0,0,6,0,70,0,0,10,3,0,0,0,0,0,0,0,35,7,0,0,11,0,0,16,0,45,0,2,0,112,0,2,369,0,0,0,0,0,2,6,0,0,4,6,0,0,0,17,0,55,0,0,1,0,1,3,0,0,45,0,0,0,0,0,0,0,0,0,110,0,0,435,0,0,0,0,0,0,1565,0,0,0,0,0,0,0,3,20,0,0,0,0,0,0,0,0,0,0,77,0
"545",0,8,0,0,29,20,1,0,10,0,0,0,4,183,1,0,0,0,0,0,57,101,0,1,0,701,9,0,2,2,26,0,0,16,0,0,1,34,0,1,2,20,0,21,0,94,0,25,0,0,1,0,0,0,3,0,0,0,0,19,0,26,0,0,0,0,41,0,9,0,74,9,0,8,0,0,0,0,0,83,0,0,1,0,0,1,0,1,0,0,339,0,1,38,0,1,0,0,51,352,0,0,0,8,4,0,0,8,1,23,1,61,1,0,16,0,4,1,36,1,0,9,0,0,142,0,1,0,0,0,14,202,0,0,0,12,1,0,0,0,1,0,0,0,0,0,0,0,0,0,0,0,0,0,113,0,0,0,0,15,0,0,0,173,0,0,0,0,0,0,0,0,1,0,0,0,0,25,260,0,0,1,0,0,0,0,0,0,0,1,0,107,9,0,0,0,0,0,0,0,0,0,0,0,444,8,1,0,0,1,0,0,0,0,0,0,57,6,75,12,0,7,0,0,1,0,0,0,148,5,282,1,0,723,0,0,0,0,2,1,1,0,1,0,0,0,0,0,1,0,29,6,0,0,5,2,14,0,24,3,0,0,0,2,1,0,0,114,80,1,0,100,69,7,0,0,2,0,7,3457,0,61,51,0,0,1,0,0,10,26,0,0,0,0,17,1,4,0,0,117,0
"546",0,0,0,0,0,0,1,0,0,0,0,0,0,0,1,0,0,0,1,2,0,98,0,0,0,2079,0,0,0,1,0,0,0,161,0,0,1,428,0,0,0,0,0,0,0,791,0,0,0,0,1,0,0,0,0,1,0,0,0,79,0,0,0,0,0,0,0,0,1,0,0,0,0,0,0,0,0,0,0,756,0,0,181,0,0,0,0,9,0,0,0,2,0,0,0,0,0,1,103,0,3,1,0,0,0,0,0,675,21,17,6,0,0,122,1,0,1,0,342,2,0,0,7,127,0,0,0,168,0,0,104,0,0,0,0,0,0,0,0,0,16,0,52,0,0,0,37,2,0,0,0,0,0,5,2,0,0,0,0,20,0,0,0,0,0,0,0,0,0,0,0,0,1,0,0,0,0,0,457,0,0,0,0,0,35,0,0,0,0,1,0,60,0,5,1,0,0,0,0,0,0,1,0,0,0,0,15,0,0,1,0,0,19,0,0,0,233,0,0,26,0,25,0,0,0,0,0,0,80,21,762,0,0,0,0,0,1,0,0,21,1,0,6,0,0,0,1,0,1,0,0,0,0,0,0,0,20,0,0,0,0,0,4,17,0,0,0,0,0,1,0,0,3,0,0,0,3,0,0,912,0,0,44,0,0,0,5,0,0,44,56,0,0,3,0,0,2,0,0,137,0
"547",0,0,13,0,0,0,65,0,0,0,0,0,0,0,5,0,0,0,0,0,0,81,0,0,0,8,0,17,28,0,0,0,0,150,0,0,54,0,0,1,0,0,0,0,0,0,0,0,0,0,0,0,0,0,0,0,0,8,0,0,0,0,0,0,0,0,0,0,0,0,0,0,0,0,0,0,0,0,0,0,0,0,0,0,0,23,0,0,0,0,0,21,248,0,0,23,0,0,104,0,0,79,0,0,0,0,0,309,0,0,0,0,0,0,0,1,8,25,0,0,0,0,0,139,208,0,0,0,0,0,0,0,0,6,0,0,15,0,0,0,32,0,0,0,0,0,0,0,0,4,0,0,0,0,3,0,0,0,0,77,0,0,0,0,0,0,0,0,0,0,0,0,0,0,0,0,0,0,0,0,0,0,0,0,11,0,0,16,0,0,0,47,3,0,0,0,0,0,21,0,0,0,0,0,0,0,0,17,30,8,0,0,0,0,0,0,0,0,337,0,0,0,0,0,0,0,0,0,0,0,0,0,0,0,0,0,0,0,0,0,0,0,0,0,0,0,20,0,0,0,0,0,0,0,0,11,0,0,0,0,0,0,0,5,0,0,0,0,0,350,0,0,0,0,63,0,0,0,0,5879,0,0,611,0,0,0,0,0,0,0,0,0,0,0,0,0,100,0,0,0,0
"548",144,0,0,0,0,0,1,0,965,0,0,0,9,79,0,0,0,0,0,0,59,2,0,0,3,1099,45,0,0,0,0,0,3,0,0,0,2,0,0,0,3,0,0,0,0,98,0,0,0,0,0,0,4,0,0,29,0,20,0,76,0,23,0,0,28,0,490,0,0,0,16,0,6,1,0,0,0,0,0,0,0,21,81,0,365,0,7,1,0,0,1,0,2,86,0,0,0,34,0,163,0,0,0,0,0,0,0,627,1,0,0,28,2,0,23,0,201,0,145,0,33,0,0,0,0,0,0,0,0,0,0,26,0,0,1,0,0,0,63,0,6,0,0,0,0,0,0,0,0,0,10,0,0,0,1,3,0,0,0,2,0,0,0,0,0,0,0,0,0,0,0,0,0,0,0,0,0,9,0,0,0,0,22,1,0,0,3,0,0,1,0,34,0,0,2,0,0,0,0,0,0,0,0,0,0,0,0,0,0,1,0,0,0,0,0,0,0,49,89,0,69,0,0,5,0,1,0,0,4,0,86,0,0,32,0,0,0,0,0,1,0,0,0,0,0,0,0,0,1,0,0,0,0,0,4,2,21,0,0,0,7,0,0,0,0,0,0,0,0,116,0,0,0,851,0,0,0,0,4,2349,0,97,0,0,0,1,0,1,32,0,0,4,0,0,1,0,0,0,0,0,0
"549",97,0,0,0,20,0,1,0,15,0,0,0,26,0,11,0,0,0,0,0,0,45,20,15,0,284,39,0,7,252,51,0,0,17,0,0,11,40,0,0,3,0,0,0,5,1,0,0,0,0,0,0,0,0,0,0,0,33,0,0,0,0,22,0,0,0,122,0,4,0,0,0,0,1,0,0,0,0,0,27,0,0,0,0,0,58,0,0,0,72,0,22,4,0,0,0,0,32,0,486,0,0,0,0,0,0,0,867,1,0,1,0,0,93,169,0,8,1,256,2,0,29,15,0,363,0,0,0,0,0,34,38,190,0,1,0,1,0,0,0,552,3,0,28,0,516,0,3,0,0,0,0,0,0,0,0,0,0,0,11,2,0,0,0,0,0,0,2,0,0,0,0,1,0,0,0,0,0,0,0,0,0,0,0,0,0,1,401,0,1,3,117,3,0,1,1,0,0,0,0,0,1,0,0,1,0,0,0,8,1,3,0,0,0,0,0,0,0,891,0,0,0,0,0,0,0,0,0,5,0,11,0,0,112,0,0,0,0,0,0,0,0,0,0,0,21,1,21,2,0,0,0,21,1,0,0,0,0,0,0,0,0,0,0,0,0,0,0,0,18,0,0,1097,0,0,0,0,0,2,711,0,233,335,0,0,0,0,1,0,9,0,0,0,0,6,0,6,0,0,239,0
"550",0,0,0,0,212,0,1,0,32,0,0,0,7,0,9,0,0,0,0,0,0,1,0,0,0,263,170,0,8,0,0,0,0,1,0,0,164,18,0,0,0,0,0,0,0,0,0,28,0,0,0,0,0,0,0,160,0,137,0,0,0,49,0,0,315,43,0,0,1,0,27,0,0,12,0,0,0,0,0,6,0,8,0,0,287,1,0,0,0,65,1,6,1,0,0,9,1,0,0,0,0,0,0,0,0,0,34,1290,3,0,0,2,0,0,0,0,10,1,15,8,0,0,0,0,162,21,0,0,0,0,0,0,0,31,1,0,1,0,18,0,0,2,0,9,0,53,0,0,0,193,0,0,0,0,0,0,24,1,0,0,0,0,0,0,0,0,0,0,0,0,0,1,0,0,0,0,0,0,0,0,97,2,0,0,0,1,1,0,0,28,0,9,1,0,148,0,0,0,0,0,0,0,0,1861,1,12,0,0,8,7,0,0,0,0,0,0,0,0,1,0,0,0,0,0,0,0,47,0,2,0,0,0,0,32,0,0,0,0,0,1,12,0,19,45,0,0,0,0,8,0,112,0,0,0,15,0,0,0,0,0,0,0,0,0,0,0,0,40,0,25,0,0,59,0,0,0,1,2,31,1426,0,0,294,0,0,3,0,0,0,0,0,0,0,0,41,0,0,0,0,12,0
"551",170,9,0,0,0,8,0,9,41,0,0,4,10,111,0,0,0,0,17,0,30,44,0,0,1,300,20,0,0,65,6,0,3,37,0,0,21,1,1,0,0,16,0,13,0,27,0,5,0,0,0,0,1,7,1,35,0,0,3,39,0,7,0,0,20,0,22,0,1,0,22,0,0,9,0,0,0,0,0,48,81,0,55,0,39,1,0,0,0,56,0,1,0,0,0,0,0,51,50,142,0,0,0,3,1,9,0,115,0,0,0,22,0,36,76,0,57,0,55,0,22,76,0,1,201,21,0,0,9,0,56,657,0,0,0,2,2,0,0,0,591,0,0,145,0,0,79,7,1,0,29,13,0,12,1,0,0,0,11,17,0,0,6,2789,0,0,1,0,0,0,0,0,0,0,0,0,0,60,10,10,0,0,8,0,8,0,0,0,0,0,15,20,1,0,0,0,0,6,0,0,101,0,363,1,0,6,0,0,0,0,0,0,0,0,14,1,59,13,12,1,24,0,0,42,0,0,0,0,41,1,198,0,1,166,0,1,5,0,0,1,0,73,0,0,0,0,0,0,0,36,0,3,21,0,8,9,29,0,1,0,3,0,3,10,255,0,0,0,0,47,0,66,284,390,0,0,0,0,4,448,1,0,206,0,0,0,0,0,39,0,0,1,0,4,154,0,3,0,0,9,0
"552",16,0,0,0,0,0,1,0,0,0,0,0,0,0,38,0,0,0,0,0,1,70,0,1,0,303,0,0,15,136,85,0,0,26,0,0,541,38,1,0,0,0,0,34,0,86,0,0,0,0,0,0,0,4,0,0,0,0,0,0,0,0,0,0,0,0,51,0,53,0,4,0,5,1,0,0,0,0,0,6,0,0,0,0,31,58,0,0,0,24,0,33,23,0,0,9,0,0,1,0,0,0,0,0,6,0,10,471,0,0,0,0,0,85,4,0,44,2,234,1,0,3,0,0,1190,0,0,0,0,0,73,15,0,0,0,0,7,0,0,0,16,0,0,0,0,0,0,18,0,0,11,0,1,8,1,0,1,0,0,27,0,0,0,0,0,1,0,0,0,0,0,0,0,0,0,0,0,64,98,0,1,0,0,0,0,0,1,0,0,0,0,212,0,1,1,0,0,3,0,0,0,1,0,0,0,39,0,0,7,10,0,0,0,0,92,0,0,0,67,0,57,0,0,0,0,0,0,0,19,0,11,0,0,207,0,0,6,0,0,0,7,13,38,0,0,0,0,0,1,0,0,1,4,0,10,242,0,1,4,129,0,0,0,0,0,0,0,0,0,5,0,0,3046,2,0,0,0,1,0,427,0,0,491,0,0,0,0,0,0,0,0,5,0,0,119,0,7,0,0,151,0
"553",0,5,0,0,87,9,3,0,0,3,58,4,19,0,31,0,0,0,0,0,0,1,0,23,12,2667,44,0,80,0,0,0,0,1,0,0,64,1,0,0,13,86,0,0,0,11,0,7,5,0,6,0,0,0,0,35,0,0,0,1,1,0,0,1,0,0,16,0,0,0,10,0,138,18,0,0,0,0,0,1,113,3,1,0,31,0,1,0,0,112,0,34,0,0,0,0,0,42,3,398,0,0,0,32,1,4,0,107,0,0,0,1,0,16,35,0,0,0,3,0,0,0,0,1,2,7,0,178,1,0,1,187,0,2,0,0,159,1,0,0,1,4,89,0,0,27,9,89,0,0,2,4,0,1,0,0,0,0,0,0,0,0,0,1,0,0,0,0,0,0,1,0,39,0,0,0,0,1,20,1,0,0,0,0,1,0,0,0,0,1,0,30,2,0,0,0,0,0,0,0,0,0,0,1,0,2,1,0,12,31,0,0,0,1,1,0,45,1,1,0,1,3,0,0,0,0,9,0,4,0,4,0,0,111,0,0,0,1,0,1,0,0,0,0,1,2,0,194,0,0,31,0,3,0,1,1,0,0,1,0,1,0,0,1,4,0,0,0,0,1671,13,5,596,0,0,0,0,0,3,2137,1,0,1,0,0,0,0,26,0,1,0,0,1,0,0,0,6,0,0,3,0
"554",8,0,0,0,0,0,0,0,19,0,0,0,43,0,11,0,0,0,0,4,0,8,0,3,1,1053,0,0,6,261,304,0,0,38,0,0,12,10,0,0,0,31,0,9,0,323,0,7,0,0,0,0,0,0,0,17,0,0,0,49,0,0,0,0,0,0,475,0,3,0,51,0,0,0,0,0,0,0,0,50,0,0,201,0,0,1,32,1,0,0,0,3,9,130,0,1,0,26,29,211,0,0,0,0,5,1,0,502,30,0,0,0,0,0,72,0,0,3,124,0,0,35,0,0,0,0,0,0,0,121,0,857,0,0,0,49,1,0,0,7,16,0,0,6,0,438,0,5,0,0,0,0,0,6,0,0,0,0,0,27,0,0,9,0,0,0,0,0,0,0,0,0,0,0,0,0,0,0,74,0,0,0,0,0,1,0,0,0,0,25,0,14,0,0,3,0,0,0,0,0,0,34,0,0,0,0,0,0,0,0,0,0,0,0,0,0,131,0,31,0,82,0,0,0,0,0,0,0,48,0,24,0,0,22,0,11,0,0,6,1,1,23,12,0,0,0,0,0,5,0,0,0,5,0,13,21,53,0,1,3,3,0,0,0,0,0,0,0,0,3,0,15,132,0,0,0,0,0,3,1509,1,0,23,0,0,0,0,0,24,0,0,0,0,0,12,0,1,0,0,54,0
"555",0,0,0,0,0,0,122,0,0,0,0,0,0,0,7,0,0,0,0,0,0,1,0,87,0,412,0,0,18,14,0,0,0,0,0,0,0,0,1,1,0,0,0,3,0,1,0,0,0,0,0,0,0,0,0,0,0,0,0,0,0,0,48,0,0,0,0,0,0,0,0,0,0,0,0,1,0,0,0,1,0,0,6,0,0,1,0,0,0,0,0,21,239,0,0,4,255,0,0,0,0,474,0,0,0,0,0,756,1,0,0,0,0,0,0,0,3,1,9,0,0,0,5,0,6,0,0,0,0,0,0,0,0,0,0,0,1,0,0,0,50,0,0,1,0,0,0,2,0,0,0,0,0,0,1,0,22,0,0,0,0,0,0,0,1,0,2,0,0,0,0,0,1,0,0,0,0,1,8,0,0,0,0,0,1,1,0,0,0,1,0,10,0,0,1,14,0,0,0,0,0,1,0,0,0,0,0,0,13,1,0,0,0,0,0,0,0,0,1,0,0,15,0,0,0,0,0,0,0,0,0,0,0,370,43,0,0,0,2,2,0,0,0,0,1,0,0,0,1,0,0,0,0,0,0,0,5,0,0,0,0,0,0,1,217,0,0,0,0,201,0,0,476,643,0,0,0,0,1,2666,0,953,1,0,0,0,0,0,0,1,0,0,0,0,0,0,17,0,0,2,0
"556",0,0,0,0,0,0,1,0,179,0,7,0,0,164,0,0,0,0,0,0,6,0,0,1,0,0,0,0,5,18,546,0,0,0,0,24,0,14,0,0,1,0,0,13,0,0,0,3,0,1,4,0,0,0,30,0,0,0,0,35,0,13,0,0,212,0,339,0,0,0,0,0,0,0,0,290,0,0,0,0,0,8,0,0,0,5,0,35,0,9,10,0,0,39,0,0,0,0,0,0,0,0,0,0,0,0,50,0,0,0,0,5,0,1,0,0,0,0,29,0,0,1,0,1,2,0,0,0,1,131,16,36,0,0,0,1,0,0,0,0,37,0,0,0,0,0,0,0,0,0,0,28,24,0,0,0,0,1,0,31,0,0,4,0,0,0,0,0,0,0,0,0,268,0,0,0,0,18,66,0,0,1,0,0,0,0,0,0,0,0,0,35,0,0,81,0,0,0,0,0,0,0,0,0,1711,0,3,0,0,1,0,0,0,0,0,0,0,247,30,0,0,67,14,0,1,0,0,111,1,15,0,0,0,686,0,5,0,0,0,0,0,0,386,0,0,0,0,0,0,42,0,0,1,0,0,0,13,0,0,0,0,60,0,0,1,0,0,37,30,1366,0,0,656,1,0,0,1,0,1,0,0,0,0,0,1146,0,4,0,132,4,0,0,0,0,32,6,0,0,2,23,0
"557",0,3,0,0,0,1,0,0,0,0,0,0,0,0,28,35,0,0,1,0,0,24,0,0,0,0,0,0,0,0,150,0,0,0,0,0,7,204,0,0,0,0,157,0,0,0,0,5,0,0,1,0,1,6,33,0,0,0,0,0,0,0,0,1,0,0,231,0,0,0,26,0,11,0,0,0,3,6,0,211,7,0,659,0,0,0,0,0,0,33,0,0,0,0,0,0,0,0,0,0,0,0,0,0,10,0,0,744,0,48,0,0,0,36,0,0,0,0,292,0,0,0,0,0,8,0,0,0,0,0,0,232,0,0,0,0,26,0,0,0,30,0,0,0,0,0,158,0,0,0,6,9,0,52,13,0,37,0,0,0,14,0,0,0,0,0,0,0,0,0,12,0,0,0,0,0,0,3,0,0,0,0,0,0,0,0,0,0,0,0,0,150,0,8,0,0,0,1,0,0,0,42,0,599,0,0,0,0,1,7,0,0,0,13,0,1,96,0,3,0,74,37,0,0,0,0,0,0,12,0,128,0,0,142,0,0,3,0,0,0,0,0,0,0,9,406,0,0,0,0,0,0,13,0,7,0,0,0,0,128,0,0,0,0,0,0,0,0,0,38,0,101,147,0,0,0,0,0,0,3261,0,0,62,0,0,0,0,0,0,36,0,0,0,0,76,0,336,0,0,17,0
"558",111,0,0,0,54,0,0,0,728,0,0,0,12,0,106,0,0,0,0,0,0,3,10,1,0,1,0,0,3,0,352,0,0,0,0,0,0,0,0,0,13,13,0,0,0,17,0,0,0,0,0,0,0,0,0,22,0,32,0,0,0,0,0,0,0,0,0,0,0,0,150,0,0,0,0,0,0,0,0,160,0,0,130,0,0,0,1,0,0,0,0,7,0,0,0,0,2,0,0,72,0,0,0,0,0,0,0,50,1,0,0,0,0,0,0,0,0,0,37,0,0,0,33,0,0,0,0,0,0,0,0,70,0,0,0,0,1,1,0,15,1,0,0,0,0,353,0,0,0,0,0,0,0,0,1,0,1,0,0,8,0,0,0,0,0,0,0,0,0,0,0,0,0,0,0,0,0,0,0,0,0,0,0,0,0,0,0,0,0,0,1,139,0,0,0,0,0,0,0,0,0,0,0,0,0,23,0,0,14,3,3,0,0,0,0,0,355,0,99,0,0,21,0,0,0,0,0,0,52,0,31,0,0,242,0,0,0,0,0,213,0,0,0,0,3,0,0,0,1,0,0,0,0,0,22,6,1,0,0,0,2,0,0,0,0,0,0,0,0,455,0,0,2370,0,0,0,0,0,3,3093,0,0,8,0,0,0,0,4,0,0,0,0,0,0,14,0,8,0,0,0,0
"559",59,19,0,0,103,9,0,9,0,0,0,5,16,1,21,0,0,0,0,0,0,57,0,0,0,0,99,125,49,69,78,0,0,68,0,0,4,16,0,0,0,102,0,0,0,0,0,0,0,0,0,0,0,3,0,41,0,0,0,45,0,0,16,7,0,0,133,7,0,39,39,0,8,0,0,0,0,0,0,17,0,0,6,0,0,4,19,0,0,29,0,1,4,0,0,0,0,49,63,209,0,0,1,0,1,0,0,2891,0,4,0,16,3,25,89,0,0,0,84,69,0,107,138,1,0,0,0,0,0,0,0,257,0,0,0,0,4,0,0,0,376,0,215,0,7,754,69,0,0,0,11,0,0,1,0,0,16,0,7,0,0,0,0,0,0,0,0,0,0,0,9,0,0,0,0,0,0,0,11,0,0,0,0,0,0,0,0,11,0,0,0,105,0,4,0,0,0,0,0,0,312,0,0,0,0,85,0,0,1,0,0,0,0,0,0,1,105,0,16,0,15,7,0,0,0,0,0,0,8,8,4,0,0,120,0,0,1,78,0,0,0,0,0,0,79,0,0,0,0,0,0,0,0,1,4,4,10,6,8,0,0,0,1,5,0,3,0,0,0,33,0,13,518,0,1,0,0,0,0,525,0,0,220,7,1,29,0,0,0,0,0,0,0,1,19,0,105,0,0,131,0
"560",0,0,0,8,0,0,4,30,0,1,0,0,0,394,152,0,0,0,0,0,80,16,4,29,0,440,0,0,110,110,464,157,0,16,0,0,12,190,0,0,0,0,0,17,4,55,0,3,0,0,5,0,0,0,0,0,10,6,22,135,0,34,0,1,0,0,45,43,0,65,0,0,0,22,33,0,0,0,0,17,0,0,0,0,1508,3,0,0,0,26,167,113,7,0,0,0,0,0,7,0,7,0,0,0,0,0,0,34,4,53,8,0,0,130,0,0,36,2,133,4,0,50,4,0,0,4,0,0,0,30,0,204,0,8,0,0,19,0,0,14,0,2,105,1,0,0,0,31,0,77,20,0,3,53,0,0,0,203,0,50,2,0,3,180,0,2,4,0,0,0,11,95,1,0,0,11,0,19,40,0,1,0,0,1,0,0,0,0,0,1,0,25,4,0,0,0,0,0,0,0,0,0,0,0,0,0,0,0,0,12,4,0,7,0,0,0,86,0,9,0,0,20,0,0,0,0,0,0,0,0,8,0,3,1,0,0,0,0,2,1,4,0,0,0,0,0,1,0,1,0,61,2,0,0,0,4,41,0,0,10,1,0,0,15,58,0,0,0,36,5,0,0,48,11,144,0,3,0,0,1254,0,19,100,0,0,0,0,0,19,0,0,0,0,91,38,0,1,0,1,4,0
"561",0,0,0,0,0,0,1,0,0,0,1,0,0,205,2,0,0,1,0,0,71,25,0,0,0,938,0,0,5,0,0,0,2,231,3,0,1,0,0,0,0,0,0,39,0,1675,0,2,0,0,0,0,0,0,0,0,0,0,0,231,0,8,0,1,0,0,218,0,0,27,4,0,2,5,0,0,0,0,0,98,1,1,0,0,26,1,0,0,0,27,1,1,1,0,5,1,0,0,0,0,0,1,6,0,0,0,32,310,1,0,3,1,0,888,4,0,1,1,563,0,5,0,0,29,121,0,0,0,0,0,0,54,0,1,24,0,1,0,1,0,8,0,49,1,0,0,23,4,0,1,40,0,0,11,1,0,0,1,0,0,0,0,0,0,0,3,0,1,0,0,0,45,3,0,0,0,0,7,633,0,0,0,0,0,7,1,0,0,0,1,0,323,5,16,1,0,0,3,1,0,0,1,0,1,0,38,0,8,0,1,0,0,0,0,0,0,0,4,0,4,83,8,0,1,0,10,1,0,110,0,85,0,0,2,9,2,2,2,0,1,1,0,1,13,0,0,0,0,1,0,157,0,0,0,2,1,0,0,0,0,2,0,9,0,5,4,0,0,9,10,3,0,28,1,1,0,3,0,0,1751,0,0,562,0,0,1,0,1,0,5,0,7,0,0,3,0,10,0,0,49,0
"562",23,10,11,0,14,0,0,8,372,1,0,0,0,11,1,0,1,0,0,32,35,99,0,0,0,730,23,0,39,0,47,0,0,73,0,0,1,197,1,0,0,41,0,54,16,370,0,5,0,0,0,0,1,0,33,16,0,0,1,60,1,13,0,0,27,7,44,0,0,0,558,0,0,45,0,0,0,0,0,30,0,1,3,1,271,3,1,0,0,131,0,4,0,0,0,0,0,16,436,105,7,0,0,0,36,4,103,1,0,12,0,97,0,31,88,0,0,0,40,0,0,98,0,1,98,46,27,0,37,17,49,87,0,0,0,0,6,0,0,0,1,1,0,0,0,0,27,36,0,4,27,23,0,4,1,0,0,1,10,131,0,0,8,191,0,0,0,0,1,0,3,0,0,0,0,0,0,224,61,1,10,0,0,0,0,0,0,0,64,0,0,192,0,0,0,0,0,1,0,1,97,0,0,12,0,10,0,0,0,9,0,1,28,5,42,1,114,16,1,5,0,12,0,31,0,0,277,0,53,3,104,0,0,328,0,0,3,0,0,33,0,0,406,47,0,0,0,0,0,0,0,4,13,0,31,42,1,0,6,31,1,15,0,3,0,0,8,0,47,1,0,29,256,0,0,1,0,1,0,1645,1,0,314,0,0,0,3,0,64,39,27,0,0,0,112,16,25,93,0,123,20
"563",0,0,0,0,0,0,1,0,0,0,0,0,6,303,212,0,0,1,0,0,0,0,0,2,0,1451,0,0,8,1,8,0,0,0,0,0,29,0,1,0,0,0,0,0,0,27,0,0,0,0,3,0,0,0,0,0,0,1,0,0,0,0,0,0,0,0,70,0,0,0,0,0,0,0,0,512,0,0,0,3,0,0,0,0,20,0,0,0,0,256,0,1,20,0,0,0,0,0,0,0,0,109,0,0,0,0,0,76,1,0,1,0,0,1421,0,0,3,1,27,2,0,0,0,0,425,0,0,0,0,8,0,0,0,0,0,21,484,0,0,0,7,1,0,1,0,2,0,0,0,0,16,0,0,0,0,0,0,0,0,0,0,14,0,118,0,0,6,0,0,0,0,1,1,0,0,0,0,5,0,0,0,0,0,1,0,0,0,0,0,1,0,29,3,0,0,14,0,0,0,0,0,1,0,0,0,0,1,0,17,22,1,0,0,0,0,0,0,0,2,0,0,0,0,0,0,0,0,0,110,0,20,0,0,130,25,0,0,0,3,4,2,0,0,0,6,0,0,0,1,0,0,0,0,1,0,4,3,0,0,4,0,0,0,0,3,0,0,0,0,6,0,0,2353,0,1,0,0,0,0,1204,0,20,0,16,0,0,0,0,0,0,0,0,0,0,17,0,32,0,0,7,0
"564",0,0,0,0,0,6,1,0,2535,0,0,0,17,0,54,0,0,0,3,0,0,13,6,3,0,311,46,0,18,34,70,0,0,78,0,0,16,5,0,2,0,59,0,11,0,79,0,7,0,0,3,0,0,0,7,16,0,0,0,6,3,26,0,0,0,0,22,0,18,0,34,1,4,1,644,0,0,0,0,7,0,15,14,0,6,1,0,0,0,121,69,6,0,13,0,0,0,0,19,149,0,0,0,15,6,0,1,46,0,0,0,0,0,6,30,0,13,0,8,11,0,0,0,2,689,0,101,0,0,13,32,32,0,0,0,2,0,0,0,0,6,0,0,0,0,0,0,7,0,0,6,0,0,3,1,0,0,0,0,34,0,1,0,1,0,0,0,0,0,0,24,0,1,0,0,0,0,5,88,0,0,0,0,0,1,0,0,0,0,0,0,29,1,0,0,0,0,0,0,0,0,0,0,1,0,2,0,0,0,0,0,0,0,0,5,0,35,1,3,8,31,14,0,0,0,0,0,0,47,1,9,0,0,849,0,0,4,0,0,31,0,0,98,0,4,0,1,0,0,1,17,1,5,0,1,5,24,3,3,22,0,0,4,1,6,0,0,0,139,42,0,0,596,0,0,0,0,1,1,2081,0,0,429,0,0,0,0,0,3,18,0,0,1,0,27,0,6,0,0,24,0
"565",0,0,0,0,0,0,0,0,0,0,0,0,1,0,14,0,0,0,0,0,0,0,0,0,0,503,0,0,11,0,0,0,0,160,0,0,8,1,0,0,0,0,0,0,0,0,0,0,0,0,0,0,0,0,0,0,0,0,0,0,0,0,0,0,0,0,94,0,7,0,10,0,0,0,0,0,0,0,0,3,0,0,0,0,0,12,0,0,0,18,419,0,0,0,0,0,0,0,18,0,0,0,0,0,21,0,0,0,0,0,0,0,0,3,0,0,0,1,3,0,0,0,29,1,0,3,0,0,0,0,0,0,0,0,0,0,0,0,0,0,12,0,0,0,0,0,0,0,0,0,1,0,1,0,0,0,0,0,0,0,0,0,0,103,0,0,1,0,0,0,3,36,1,0,0,0,0,73,0,0,0,0,0,0,0,0,0,0,0,0,0,0,0,0,0,0,0,0,0,0,0,0,0,0,0,68,0,10,12,1,0,0,0,0,1,0,0,0,30,3,0,0,0,0,0,0,0,0,0,0,0,0,0,1632,0,0,0,0,0,17,0,12,0,0,0,0,0,0,0,0,1,0,1,0,0,10,1,0,0,0,0,0,0,1,6,0,0,0,0,4523,0,0,250,0,7,0,0,3,0,703,0,0,119,0,0,0,0,0,0,0,0,0,0,0,246,0,16,0,8,17,0
"566",0,0,0,0,0,0,31,0,0,0,0,0,0,0,0,0,0,0,0,0,0,70,0,0,0,2919,0,0,0,0,0,0,0,359,0,0,8,573,0,0,0,0,0,0,0,0,0,0,0,0,0,0,0,0,0,0,0,0,0,0,0,0,0,0,0,0,0,0,0,0,0,0,0,0,0,0,0,0,0,0,21,0,0,0,0,0,0,0,0,28,3,0,11,0,0,0,0,0,0,0,0,12,0,0,0,0,0,0,0,0,0,0,0,340,0,0,0,0,266,0,0,0,0,0,0,0,0,0,0,0,242,0,0,0,0,6,0,0,0,0,0,0,0,0,0,0,0,10,0,0,20,0,0,0,0,0,0,0,0,0,0,0,0,0,0,0,0,0,0,2,0,0,1,0,0,0,0,0,0,0,0,0,0,0,0,0,0,0,0,0,0,718,8,0,0,0,0,0,0,0,0,0,0,0,0,0,0,0,0,0,0,0,0,0,2,0,20,0,311,17,0,0,0,0,0,0,0,0,0,0,0,0,0,0,0,0,0,0,0,0,0,0,0,0,0,0,0,0,0,0,0,7,0,0,0,0,0,0,48,0,0,0,0,0,0,0,0,0,0,208,0,0,146,0,0,0,0,0,0,2720,0,0,331,0,0,0,0,0,0,0,0,0,0,0,0,0,0,0,0,46,0
"567",0,0,0,0,0,0,19,0,0,0,0,0,1,0,2,0,0,0,0,0,0,35,0,0,0,4448,0,0,6,9,1,0,0,289,0,0,2,19,0,0,0,0,0,0,0,16,0,0,0,0,0,0,0,0,8,0,0,0,13,59,0,0,0,0,0,0,166,1,0,57,27,0,0,0,0,0,0,0,0,41,0,0,220,0,0,7,773,0,0,0,7,3,295,0,0,107,0,1,0,0,0,39,0,0,0,0,0,27,1,0,2,0,0,1072,8,0,0,0,91,2,6,22,0,0,0,48,0,0,0,0,0,0,0,0,0,0,186,0,0,0,236,0,42,1,0,0,4,0,0,0,0,0,1,0,1,0,0,0,0,105,0,0,0,0,0,0,1,0,0,0,9,0,0,0,0,0,0,1,0,0,0,0,0,0,0,0,7,0,0,1,5,40,3,0,1,0,0,3,0,0,0,0,0,0,0,28,0,0,9,1,0,0,0,0,0,0,0,0,131,0,0,17,0,0,1,0,0,0,0,6,0,0,2,476,0,0,2,0,0,1,0,0,0,0,1,0,0,0,1,0,0,0,0,0,0,3,26,0,24,8,3,0,0,6,1,0,0,0,0,42,0,67,543,0,0,0,2,0,0,30,0,0,213,0,0,16,0,0,0,0,0,0,0,1,0,2,3,0,0,10,0
"568",20,25,0,0,49,9,1,19,729,0,0,0,0,0,69,0,7,0,0,0,0,34,0,13,0,1798,15,0,24,0,10,0,2,33,0,0,2,1,0,0,0,17,0,0,0,6,0,4,0,0,4,0,0,0,0,28,0,0,0,19,3,0,0,0,0,0,119,0,4,40,15,0,5,0,0,0,0,0,0,1,0,5,1,0,1,0,33,0,0,65,0,0,1,0,0,0,0,0,19,623,0,0,0,0,0,0,0,6,34,15,0,0,0,110,20,4,0,0,7,0,0,15,0,0,233,0,0,0,0,0,1,15,0,0,0,0,11,0,0,0,4,0,0,8,0,0,0,14,0,0,9,25,0,6,0,0,0,0,0,48,0,0,0,108,0,2,0,0,0,0,6,0,0,0,13,0,0,3,5,0,0,0,5,0,1,0,1,0,0,5,5,97,0,0,1,0,0,0,1,0,0,0,0,1,0,37,0,0,15,0,0,0,0,1,15,0,36,0,4,0,1,1,0,0,0,0,0,0,6,0,3,0,0,365,0,0,3,0,0,0,1,0,0,0,0,337,0,0,1,0,0,1,4,1,2,4,109,0,1,0,2,0,0,1,6,0,0,0,0,139,0,1,1352,0,0,0,0,0,1,1320,1,0,90,0,0,0,0,1,0,10,0,0,0,0,10,0,10,0,0,69,0
"569",0,0,0,0,140,0,11,17,37,0,0,0,0,0,36,0,0,0,0,0,41,20,9,0,0,870,62,0,6,0,0,17,0,157,0,0,0,1,0,0,0,24,0,26,0,481,0,26,0,0,0,0,0,0,9,27,0,0,0,104,0,46,0,0,112,0,78,0,0,1,25,3,0,22,0,0,0,0,0,14,0,0,40,0,26,0,1,0,0,60,0,7,0,0,0,0,0,27,24,549,0,0,0,0,30,0,68,293,0,0,0,162,0,13,55,0,19,0,57,0,27,18,0,1,51,0,0,0,1,0,1,14,0,0,0,0,7,0,0,0,4,0,57,0,0,0,0,7,0,0,11,3,0,0,1,0,0,0,8,50,0,0,0,353,0,0,0,0,0,0,4,0,0,0,0,0,0,84,113,0,0,0,5,1,5,0,0,0,0,0,28,33,1,0,0,0,0,0,0,0,0,0,93,678,175,2,0,0,0,0,0,56,15,0,1,0,44,21,138,2,0,38,0,0,0,1,0,0,126,34,54,0,0,424,0,0,4,0,0,0,0,0,0,0,0,0,0,0,0,0,1100,1,20,1,12,12,0,0,7,14,15,0,0,3,0,0,0,0,0,15,0,38,177,0,0,0,0,0,3,1719,0,0,131,0,0,0,0,0,105,9,0,0,0,0,9,6,0,4,0,75,0
"570",0,0,0,0,176,0,0,19,14,0,0,0,0,0,0,0,0,0,0,0,0,0,6,0,0,11,13,0,7,0,5,0,0,0,0,0,3,0,0,0,0,0,151,0,0,0,0,0,0,0,0,0,0,0,0,0,0,41,0,0,0,0,0,0,9,0,0,0,0,0,0,0,0,0,0,0,0,0,0,0,0,0,0,0,0,0,0,0,0,0,1,0,56,0,0,254,0,0,0,78,0,0,0,0,0,0,0,2971,1,0,0,13,25,0,171,0,161,42,0,2,0,0,0,0,0,265,0,0,0,0,0,0,0,0,0,0,7,0,0,0,0,2,0,0,0,1,0,0,0,108,0,0,5,0,0,0,0,6,9,244,0,0,0,0,0,0,0,4,0,0,0,0,0,0,0,0,0,1,0,0,0,0,0,1,0,0,15,0,0,0,0,0,0,0,2,0,0,0,0,0,0,0,0,0,0,0,0,0,0,4,0,0,0,0,0,0,0,0,735,0,4,0,0,0,0,0,0,0,93,0,0,0,0,3,0,0,0,0,0,46,0,0,0,0,0,0,0,0,1,0,0,0,0,0,0,0,0,0,0,0,10,0,0,0,0,0,27,0,0,1,0,0,0,1,0,0,0,0,0,3722,0,235,163,0,0,0,0,3,139,0,0,0,0,0,204,0,0,0,0,0,0
"571",0,0,0,0,0,2,1,34,0,0,1,0,0,417,53,0,0,0,0,0,131,19,0,60,0,88,0,0,25,3,5,0,0,76,0,0,31,143,1,0,0,0,0,254,0,167,0,5,0,0,3,0,0,0,22,1,0,0,0,53,3,0,0,14,0,0,33,0,0,63,18,0,3,655,0,0,0,0,0,25,0,0,133,0,88,0,0,0,0,27,0,28,139,0,0,0,0,0,30,0,0,0,0,0,21,0,200,642,206,70,19,0,0,42,55,18,0,1227,154,0,0,0,0,0,103,0,0,0,0,0,23,11,0,8,0,0,3,0,0,0,1,0,0,1,0,0,5,15,1,0,13,0,0,2,0,0,11,0,0,89,0,0,0,0,0,0,1,0,0,0,0,0,0,0,0,0,0,165,118,5,0,0,23,0,8,0,0,0,0,45,0,43,0,1,1,0,0,0,1,0,0,1,0,0,0,8,4,0,17,3,0,0,0,17,0,0,0,139,187,0,14,5,0,0,0,0,0,0,39,0,149,0,0,128,0,0,1,0,0,0,13,0,0,0,0,0,0,0,1,0,266,0,4,0,4,20,0,0,19,0,1,0,0,2,6,0,0,0,0,16,14,89,175,0,4,0,0,0,6,923,1,0,221,0,0,0,0,0,0,5,0,0,0,6,16,0,4,0,0,58,0
"572",0,0,0,0,0,0,28,0,0,0,0,0,1,0,4,0,0,0,0,0,0,0,0,0,0,2627,0,0,8,0,22,0,0,0,0,0,21,0,12,0,0,0,0,179,0,0,0,0,0,0,0,0,0,0,0,0,0,6,0,0,0,0,1,0,0,0,0,0,0,0,0,0,0,0,0,0,0,0,0,0,0,0,0,0,0,0,0,0,0,0,0,0,11,0,0,0,0,0,0,0,0,0,0,0,0,0,0,1329,0,0,0,0,0,0,0,0,0,0,66,0,0,0,0,1,542,0,0,0,0,0,0,0,0,0,0,0,0,0,0,0,7,0,0,0,0,0,0,0,0,0,26,0,3,0,0,0,0,0,0,0,0,0,0,0,0,0,0,0,0,0,0,0,0,0,0,0,0,753,0,0,0,0,0,0,11,0,7,0,0,0,0,89,1,0,690,0,0,0,0,0,0,0,0,0,0,0,0,0,0,3,0,0,0,0,0,0,0,0,4,0,415,0,0,0,0,0,13,0,0,0,0,0,0,0,0,0,0,0,0,0,0,0,0,0,1,0,0,0,0,0,0,0,0,0,0,0,3,0,0,19,0,0,0,0,0,0,0,0,0,49,0,0,0,0,0,0,0,0,0,2632,0,0,0,0,0,0,0,0,0,210,0,0,0,0,27,0,0,0,0,80,0
"573",0,0,0,22,13,0,0,0,0,9,0,0,0,12,233,0,0,0,0,0,94,0,1,0,0,2390,1,0,0,0,0,0,0,0,0,0,0,0,0,0,0,0,0,75,15,0,0,3,5,0,0,0,0,0,0,0,0,0,0,374,7,11,0,9,0,0,302,0,0,0,34,0,0,80,724,0,0,0,0,364,0,3,0,0,89,0,0,0,0,0,0,0,0,0,0,0,0,0,0,0,0,0,0,0,1,0,0,166,0,0,0,0,0,0,0,0,0,0,150,0,0,0,0,0,0,0,0,0,0,0,0,0,0,0,0,0,0,0,0,0,244,0,0,0,0,0,0,0,0,0,31,0,0,40,0,0,0,0,0,55,0,0,0,0,0,0,0,0,0,1,3,0,5,0,0,16,0,0,498,62,0,0,0,0,0,0,20,0,0,0,0,260,0,0,0,0,0,0,11,0,0,0,0,0,0,559,0,0,0,0,152,0,10,0,0,0,0,68,0,0,0,25,0,0,0,0,0,0,7,0,0,0,0,592,0,0,9,0,1,0,0,0,0,0,0,23,0,0,0,0,0,118,0,0,35,0,217,0,7,0,13,0,0,18,0,0,0,0,0,667,0,0,129,0,0,0,0,0,0,0,0,0,324,0,0,0,29,0,6,0,0,0,0,0,0,0,163,0,0,41,0
"574",0,1,0,0,0,0,1,0,0,0,0,0,1,0,4,0,0,0,0,0,127,16,0,0,0,195,0,0,1,0,345,0,0,1,0,0,1,27,1,0,0,0,0,13,0,2,0,0,0,1,1,0,0,0,3,0,0,0,0,203,0,18,0,0,0,0,399,0,3,0,2,0,0,336,0,0,0,0,0,202,0,0,13,0,129,4,0,0,0,24,0,0,4,0,0,13,0,0,13,0,0,0,0,0,0,0,0,2940,1,49,0,0,0,940,0,1,1,2,80,12,0,0,0,0,32,0,0,0,14,0,21,1141,0,1,0,0,3,0,0,0,0,0,0,1,0,0,0,3,0,0,22,15,0,0,1,0,0,1,0,27,0,0,0,61,1,0,0,0,0,0,0,0,1,0,0,0,0,9,123,0,0,0,0,1,0,0,0,0,0,1,0,16,1,0,16,0,0,3,1,1,0,0,0,1,0,0,0,5,7,1,0,0,0,3,13,0,0,0,30,0,0,0,0,0,1,0,0,5,2,0,90,1,2,434,0,0,0,0,1,0,1,0,1,0,1,0,0,0,1,0,16,0,4,0,20,2,194,0,8,0,2,0,0,10,1,0,0,22,0,391,7,0,4,264,0,0,1,0,2,688,0,0,4,0,0,0,0,0,0,5,0,0,0,0,0,0,4,0,0,12,0
"575",0,1,0,0,33,0,2,0,0,0,0,0,0,0,25,0,0,0,0,0,0,5,0,6,0,6079,0,0,23,0,1,0,0,0,0,0,2,5,0,0,0,0,0,50,0,495,0,0,0,0,0,1,0,0,0,0,0,0,0,0,0,0,0,0,0,0,29,0,0,0,37,0,0,0,43,0,0,0,0,11,0,0,17,0,0,1,0,0,0,0,0,2,0,0,0,0,4,0,0,0,0,0,2,0,12,0,0,511,1,0,0,0,0,0,1,0,0,1,11,0,0,0,0,0,0,0,2,0,0,0,0,928,0,0,0,130,0,0,0,0,41,0,0,1,0,0,12,5,0,0,33,0,0,0,0,0,1,0,0,123,11,17,0,0,0,0,0,0,0,0,6,0,0,0,0,0,0,39,26,0,0,8,0,0,6,0,0,0,0,1,1,13,0,0,2,0,0,1,1,6,0,31,0,0,0,15,0,0,0,2,0,0,0,0,0,0,39,0,1,0,0,0,0,0,0,0,0,0,0,0,0,0,0,165,0,0,2,0,0,1,1,0,0,0,8,1,0,0,1,0,0,2,21,0,0,22,24,0,0,0,0,0,0,2,123,0,0,0,4,1,0,0,92,0,0,0,0,0,6,422,0,0,30,0,0,0,0,0,6,5,0,0,0,5,6,0,2,0,0,21,0
"576",0,0,0,0,0,0,0,43,0,0,0,0,0,156,6,0,0,0,0,0,0,51,0,0,0,5437,0,0,0,0,0,607,0,239,0,0,0,0,0,0,0,0,0,0,0,97,0,0,0,0,0,0,0,0,0,0,0,0,0,411,0,0,0,0,0,0,0,0,0,0,0,0,0,12,0,0,0,0,0,0,0,0,0,0,0,0,0,0,0,79,0,0,7,0,0,0,32,0,68,0,0,11,0,0,0,0,0,384,0,0,0,0,0,24,0,0,0,0,116,0,0,0,0,1,94,0,0,0,0,148,0,0,0,0,0,0,0,0,0,0,0,0,0,0,0,0,0,0,0,0,0,0,0,0,0,0,0,0,0,0,0,0,0,0,0,0,0,0,0,0,0,6,1,0,0,0,0,0,0,0,0,0,0,0,0,0,5,0,0,0,0,119,0,0,0,0,0,0,0,0,0,0,0,0,0,0,0,0,0,0,0,0,44,0,1,0,0,0,0,0,0,0,0,0,0,0,0,0,8,0,0,0,0,0,0,0,0,0,0,12,0,0,0,0,0,14,16,0,0,0,0,0,0,0,0,0,10,0,0,0,0,0,0,0,0,0,0,0,0,0,0,0,0,0,0,0,1,0,0,0,0,0,735,0,0,0,0,0,0,78,0,0,0,0,0,0,0,0,0,112,0
"577",23,0,0,0,0,10,0,0,19,0,0,0,32,14,6,0,1,0,0,0,0,60,9,0,0,723,0,0,8,41,0,0,0,99,0,0,0,0,0,0,0,0,0,0,0,0,0,0,0,0,0,0,0,0,0,0,0,0,0,0,0,0,0,0,83,0,88,0,1,93,0,0,0,0,0,0,0,0,0,59,0,0,0,0,0,15,0,0,0,0,0,0,1,0,0,0,0,0,0,1240,0,9,0,0,0,0,0,79,1,0,1,0,0,0,84,0,0,1,25,41,4,0,0,0,198,324,0,0,0,0,0,0,0,0,0,0,1,0,0,0,25,0,51,7,0,8,0,0,0,0,0,0,0,0,0,0,0,0,0,0,0,0,0,0,0,0,0,0,0,0,0,1,3,0,0,0,0,0,0,0,0,0,0,0,0,0,0,0,0,16,0,51,0,12,0,0,0,0,6,0,0,7,0,0,0,0,0,4,9,0,3,0,0,0,0,0,0,0,204,0,178,0,0,0,0,0,0,0,0,0,0,0,0,30,0,0,0,0,0,135,0,0,0,0,1,0,0,0,7,0,0,0,0,0,0,0,0,0,0,0,0,0,0,0,0,0,0,0,0,4,0,0,483,0,0,0,0,0,0,2541,0,0,1064,3,0,0,0,0,0,0,0,0,0,0,130,0,1,0,0,462,0
"578",30,0,70,0,0,14,4,0,60,0,0,0,24,0,3,0,0,0,0,0,0,14,0,0,3,2197,48,0,0,80,293,0,0,37,0,0,7,136,1,9,24,59,0,0,0,0,0,16,0,0,4,0,0,0,19,63,0,54,0,0,0,20,38,0,0,0,25,0,0,0,0,0,0,0,0,1029,0,0,0,24,0,0,0,0,98,1,0,1,0,0,0,0,0,217,0,0,0,0,0,371,0,18,0,0,0,6,0,174,0,0,0,0,0,0,178,0,28,1,36,0,0,363,0,0,20,0,15,0,0,0,1,0,0,0,6,6,17,0,0,0,4,0,258,0,0,0,0,27,0,0,0,0,0,0,0,0,0,0,31,57,0,0,0,0,0,0,0,0,0,0,5,0,0,0,0,0,0,12,231,0,0,0,0,0,21,0,0,0,0,0,0,58,8,2,203,0,0,14,0,0,0,0,0,0,1,14,1,0,0,0,0,0,0,0,1,0,71,0,77,8,0,0,26,0,0,0,0,0,58,0,0,3,0,61,0,0,5,0,1,1,0,0,91,0,0,8,1,0,0,9,0,0,24,0,0,0,4,0,5,0,0,0,9,9,0,0,0,0,8,61,0,0,546,0,0,0,4,0,11,2381,0,0,0,0,0,7,0,0,0,18,0,0,0,0,25,4,0,0,0,22,0
"579",47,0,0,0,53,0,0,0,37,0,0,0,0,0,10,0,0,0,0,0,0,4,13,2,0,0,0,0,6,0,304,0,0,1,0,0,0,0,0,0,0,0,0,0,0,0,0,0,0,0,0,85,0,14,0,335,0,0,9,664,0,0,0,0,13,0,0,0,3,0,0,0,304,0,0,0,0,0,94,0,0,0,680,6,0,2,0,1,0,0,0,0,2,0,0,14,0,68,0,1367,0,0,0,0,0,0,0,239,1134,0,1,0,0,0,80,0,16,1,0,8,65,0,0,0,0,42,0,0,0,0,0,0,0,0,0,38,0,0,0,0,0,0,0,0,0,3,0,0,0,0,0,0,0,0,0,0,0,1,0,30,0,0,0,0,0,0,16,0,0,0,0,0,1,0,0,0,0,0,240,0,0,4,0,0,0,0,0,0,0,2,0,141,0,0,0,0,0,0,3,0,0,293,0,235,1,0,0,0,0,0,0,0,0,0,0,3,0,0,545,0,0,0,0,0,0,0,0,0,4,0,0,0,0,101,0,0,0,0,0,0,0,0,0,0,0,0,0,0,159,0,0,0,14,0,0,2,0,0,0,0,0,0,0,0,0,0,0,0,6,1008,0,0,63,0,0,0,0,0,0,0,0,0,120,0,0,0,55,0,0,0,248,0,0,0,15,0,0,0,0,0,0
"580",0,2,0,0,31,3,1,1,10,0,0,2,0,198,0,23,0,0,0,1,18,12,0,1,0,1520,36,0,2,13,75,0,0,24,0,0,2,56,0,0,0,76,0,22,0,98,0,12,0,0,0,0,0,0,3,46,0,0,1,43,0,1,0,0,0,0,22,0,0,0,18,0,4,1,624,0,0,0,0,13,0,19,10,0,1,0,0,0,0,57,2,3,1,40,0,1,0,0,20,73,0,0,10,0,4,3,22,346,1,125,1,32,0,77,0,0,118,1,15,3,0,0,0,0,110,0,2,0,0,0,12,5,0,3,0,0,1,1,0,0,1,0,0,0,0,0,0,5,0,0,8,14,1,0,0,0,1,0,0,1,0,7,0,1,0,2,0,0,0,1,0,0,0,0,0,0,0,3,404,44,0,0,0,1,0,0,0,0,23,0,0,72,4,0,1,1,0,1,1,6,0,0,0,0,0,5,0,0,0,2,0,0,0,0,0,0,47,82,6,3,14,16,0,0,0,0,22,0,0,0,27,0,0,3,0,16,0,0,0,0,0,0,24,0,0,0,1,0,1,0,0,1,0,0,6,3,1,0,0,0,1,0,0,3,1,0,0,22,23,472,0,0,5,2,0,1,1153,0,3,2400,0,0,23,0,8,0,0,1,3,29,0,1,0,0,46,29,2,3,0,9,1
"581",0,0,0,0,116,0,0,0,0,0,0,0,0,0,94,0,0,0,0,0,283,64,0,0,0,24,0,25,6,0,594,0,0,0,0,0,0,0,0,0,13,0,0,134,21,0,0,0,4,0,0,5,0,0,0,39,0,69,0,0,0,0,0,0,19,0,165,0,0,51,0,0,0,0,0,0,0,0,0,0,0,0,0,0,0,0,0,0,0,0,0,38,0,0,0,0,6,0,0,1051,0,0,0,0,0,0,0,143,106,17,0,0,0,19,0,0,0,0,31,15,0,0,13,148,63,618,0,0,0,0,0,3,0,0,0,0,37,0,0,0,6,0,84,0,0,41,94,10,0,0,0,0,0,0,0,0,16,0,0,0,0,0,0,0,0,0,0,0,0,0,0,0,1,0,1,0,0,0,152,0,0,0,0,0,0,0,0,0,0,0,6,35,0,25,0,3,0,0,0,0,0,0,0,0,2,8,0,0,18,5,1,0,0,0,0,0,67,0,441,0,0,0,0,0,0,0,0,0,0,0,0,0,0,1603,0,0,0,0,8,0,0,0,0,0,10,7,0,0,0,0,0,0,0,0,0,41,6,0,0,0,0,0,0,5,0,0,0,0,7,1115,0,0,136,0,0,0,0,0,15,506,0,0,752,0,0,0,0,0,0,70,0,0,0,0,141,0,0,0,0,143,0
"582",0,0,0,0,0,0,0,0,0,0,0,0,0,0,4,0,0,0,0,0,0,0,0,0,0,827,0,0,4,1,99,6,0,0,0,0,0,0,0,0,0,0,73,0,0,0,0,0,0,0,0,0,0,0,0,0,0,0,0,0,0,0,0,0,0,0,119,0,0,0,0,0,0,0,0,0,0,0,0,476,0,0,0,0,0,0,0,0,0,0,1,0,0,0,0,0,1,0,0,0,0,0,0,0,0,0,0,4906,1,360,0,0,0,0,1,0,0,0,0,1,0,0,0,0,0,0,0,0,0,0,0,0,0,0,0,0,1,0,0,7,18,0,0,1,0,0,0,0,0,0,0,0,0,0,0,0,0,1,0,0,0,0,0,0,0,0,0,0,0,0,0,0,1,0,0,0,0,0,97,0,0,0,0,0,0,0,0,0,0,1,0,0,0,0,0,0,0,0,0,0,0,1,0,245,1,0,0,0,0,3,0,0,0,0,0,0,50,0,244,0,0,0,0,0,1,0,0,0,0,0,0,0,0,51,0,0,0,0,0,1,0,0,0,0,1,0,0,0,1,0,0,0,0,0,0,0,0,0,0,0,0,0,0,0,0,0,0,0,0,1,0,0,26,4,0,0,0,0,0,2955,0,1,0,0,1,29,0,0,0,0,0,0,0,0,0,0,0,0,0,0,0
"583",203,5,0,0,24,0,1,55,29,0,0,0,38,0,3,5,1,0,0,17,0,0,0,1,0,1913,0,0,35,80,103,0,0,35,0,0,1,62,0,0,11,66,0,0,0,0,0,0,0,0,0,113,0,0,53,41,0,70,0,182,0,0,0,0,0,0,0,0,0,64,0,0,0,0,0,0,0,0,0,174,0,20,205,0,0,3,12,0,0,0,0,4,0,0,0,1,0,21,0,513,0,0,13,0,0,51,155,414,0,0,0,0,0,0,51,0,0,1,421,0,26,59,0,1,155,0,0,10,0,0,80,0,0,0,1,0,27,0,0,0,112,0,0,0,0,4,0,21,0,0,0,0,0,43,0,0,1,0,0,0,0,0,0,0,0,0,0,73,0,26,0,0,0,0,0,0,4,0,0,0,0,0,0,0,26,0,4,0,0,0,0,45,0,0,0,0,0,0,0,0,0,0,0,0,295,6,0,0,0,0,0,0,0,0,25,0,113,41,0,0,76,0,0,0,0,0,431,0,0,2,0,0,1,35,0,0,0,0,1,49,0,0,0,23,6,16,0,0,0,0,0,0,23,1,0,9,0,0,15,0,0,0,0,8,0,0,0,0,16,6,252,0,269,0,0,3,0,0,6,1614,1,3,499,0,0,0,0,0,136,0,0,1,0,0,0,0,12,0,0,115,0
"584",45,0,0,0,0,0,0,0,0,0,0,0,0,0,172,0,0,0,12,0,19,9,0,8,0,662,0,0,30,0,1033,0,67,316,0,0,741,0,0,0,0,0,0,0,0,0,0,0,0,0,0,0,0,0,0,0,0,0,0,0,0,0,0,0,0,0,71,0,0,0,38,0,0,0,0,0,0,0,0,0,0,0,42,0,0,3,0,0,0,37,0,0,243,0,0,0,0,0,33,0,0,0,0,0,21,0,0,236,0,0,0,0,0,18,0,0,0,41,292,0,0,0,0,2,25,0,0,0,0,0,0,428,0,0,0,204,54,0,0,0,34,0,0,0,0,0,48,0,0,0,7,0,0,37,0,0,0,0,0,0,0,0,0,0,0,0,0,0,0,0,0,0,0,0,0,0,0,0,341,0,0,0,0,0,0,0,0,0,0,0,0,0,2,1,0,0,0,0,0,0,0,0,0,0,0,0,0,0,7,14,0,0,0,0,0,0,0,0,216,0,0,0,0,0,0,0,0,0,129,0,117,0,0,1,0,0,0,0,0,0,0,0,0,0,0,0,0,0,0,0,0,0,101,0,8,0,0,0,0,0,5,0,0,0,10,3,0,0,0,806,0,0,1080,0,6,0,0,0,0,1323,0,0,609,0,0,0,0,0,0,0,0,0,0,0,78,0,4,0,0,42,0
"585",15,1,0,0,0,0,0,0,0,0,2,0,0,0,130,0,0,0,1,0,0,21,1,16,0,2001,0,0,170,4,363,0,0,83,0,0,10,0,0,0,0,0,0,0,0,97,0,1,0,0,2,0,0,1,0,1,0,0,0,65,2,0,0,1,0,0,118,0,0,0,57,0,0,0,0,0,0,0,0,153,0,0,9,0,0,0,0,0,0,136,0,39,0,0,0,0,0,0,0,0,0,9,0,0,0,0,0,131,1,12,0,0,0,0,1,0,2,0,2,0,2,4,0,0,0,0,0,0,0,0,0,402,0,0,0,0,0,0,0,0,0,0,0,1,0,0,23,1,2,0,8,0,0,1,0,0,0,0,88,0,0,0,0,2,0,0,0,0,0,0,7,0,1,0,0,0,1,83,278,0,0,0,2,1,0,0,0,0,0,0,1,0,0,0,31,0,0,0,0,0,0,1,0,1,1572,60,0,0,8,13,0,0,0,9,0,0,70,20,1,0,3,6,0,5,0,0,0,0,22,0,10,0,0,660,0,0,2,0,0,2,5,0,1,0,0,171,0,0,1,0,0,4,14,1,6,0,0,2,8,1,3,0,0,0,2,0,0,0,3,3,0,4,23,0,0,0,0,0,16,2032,0,0,142,0,0,0,0,0,26,22,0,0,0,0,37,0,0,0,0,69,0
"586",0,0,0,0,0,0,7,6,0,0,1,1,0,0,62,0,0,1,0,0,4,57,0,2,0,3547,0,0,66,2,8,0,0,8,0,0,1,24,1,0,0,1,0,1,0,261,0,1,0,0,1,0,0,0,38,0,3,0,0,226,0,4,1,0,0,1,320,0,3,0,11,0,0,1,0,0,0,0,0,108,0,7,29,1,1,2,0,1,3,9,0,130,2,0,0,1,0,0,4,0,0,0,0,1,7,0,0,285,1,0,1,0,0,46,4,0,0,1,88,0,0,0,0,85,56,14,0,3,0,1,0,19,4,0,0,0,38,0,0,0,1933,7,0,1,355,0,0,0,0,0,8,6,0,0,0,0,0,0,26,10,0,5,2,0,22,0,1,1,1,0,35,0,1,1,0,0,0,8,39,0,1,0,0,1,0,0,0,96,0,0,7,32,0,0,1,0,0,0,0,0,0,1,0,24,0,0,0,0,0,2,0,0,1,9,12,4,95,26,209,4,4,53,0,49,0,18,0,0,2,22,22,0,1,334,0,0,3,0,3,20,6,13,2,0,1,0,0,0,1,0,1,4,2,0,1,21,0,0,4,2,28,0,0,13,0,0,0,0,0,1,0,5,27,1,1,1,0,1,2,783,1,0,63,1,0,0,0,0,2,60,51,0,0,0,7,2,22,3,0,71,0
"587",0,2,0,0,0,0,1,14,0,0,4,0,1,193,63,0,23,0,0,0,41,19,0,0,0,699,1,0,39,0,495,0,0,119,0,16,0,61,0,0,0,0,0,13,0,45,0,1,0,0,0,0,0,0,3,0,0,0,0,30,2,31,1,0,3,3,59,0,4,0,10,0,1,6,0,0,0,0,0,91,0,0,0,0,9,9,1,0,0,98,0,2,54,0,0,0,0,0,58,0,0,0,0,0,30,0,29,492,1,22,0,1,0,62,1,0,0,34,44,0,0,17,0,0,300,26,0,0,32,0,27,161,0,0,0,0,319,0,0,0,4,1,0,1,0,0,6,1,0,0,3,34,6,8,1,0,1,1,0,39,5,0,0,259,0,0,1,0,0,0,8,0,0,0,0,0,0,113,0,3,0,0,0,1,7,0,25,0,22,0,0,14,4,0,61,0,0,1,0,0,0,1,0,0,0,46,0,0,0,9,0,0,2,3,0,0,257,3,0,0,0,0,0,0,0,10,1,0,40,0,37,0,0,1725,0,0,0,0,0,12,1,0,16,8,0,0,0,0,1,0,191,7,12,0,6,3,12,0,7,2,3,0,0,1,0,0,0,0,0,58,7,6,12,0,0,0,0,0,8,1877,0,0,40,0,0,0,0,1,17,17,0,0,0,0,232,0,6,0,1,94,35
"588",0,0,0,0,0,0,0,0,0,0,0,0,0,0,15,0,0,3,0,0,0,19,0,0,0,4171,0,0,13,11,1,41,0,66,0,0,12,0,3,1,0,0,0,0,0,95,0,0,0,0,1,0,0,0,7,0,0,0,0,0,0,0,0,0,0,0,1,0,0,0,17,0,0,0,0,828,0,0,0,1,0,0,34,0,0,35,0,0,0,41,171,0,1,0,0,14,0,1,5,0,0,0,0,4,1,0,0,26,0,0,0,0,0,1,0,0,1,0,129,0,0,0,0,1,62,0,0,0,0,0,37,79,0,0,0,0,61,0,0,0,10,0,0,0,0,0,0,0,0,206,28,120,0,0,1,0,0,0,1,0,0,0,0,327,0,0,0,0,0,0,0,0,0,0,0,0,0,6,0,0,21,0,0,0,37,0,0,135,0,1,0,36,0,0,0,0,0,0,0,0,0,0,0,29,0,27,0,5,0,6,0,52,0,0,2,0,0,0,16,0,0,0,0,0,0,9,0,0,52,0,0,0,5,0,0,0,0,0,0,0,0,0,0,0,0,0,17,0,0,0,0,0,45,0,5,9,0,0,14,44,0,0,0,0,1,0,0,0,0,0,0,0,521,0,0,0,0,0,8,1466,0,0,0,0,0,0,0,0,0,47,0,0,0,0,1,0,0,0,0,305,0
"589",0,0,0,0,0,0,0,0,0,1,0,0,0,0,1,0,0,0,0,0,0,135,0,21,0,4273,0,0,0,19,116,0,0,171,0,0,170,0,0,0,0,0,0,111,0,0,0,0,0,0,0,0,0,0,0,0,0,0,0,180,0,0,0,0,0,0,0,0,0,0,0,0,0,0,0,0,0,0,0,0,0,0,0,0,0,0,0,0,0,0,0,0,0,0,0,0,0,0,0,0,0,0,0,0,0,0,0,636,0,0,0,0,0,0,0,0,0,0,19,11,0,0,0,0,0,0,0,0,0,0,0,4,0,0,0,69,12,0,0,0,29,0,0,0,0,0,0,0,0,4,38,0,0,0,0,0,0,0,0,151,0,12,0,0,0,0,0,0,0,0,0,0,0,0,0,0,0,162,0,0,0,0,0,0,0,0,0,0,0,0,0,0,0,0,0,0,0,0,1,0,0,0,0,0,0,0,0,0,0,0,0,0,0,0,305,0,0,95,0,0,0,0,0,0,0,0,0,0,0,0,0,0,0,557,0,0,0,0,0,0,0,0,0,0,0,0,0,0,0,0,0,0,0,0,0,128,0,0,0,0,0,0,0,3,6,0,0,0,16,9,0,0,0,0,0,0,0,0,28,1639,0,0,408,0,0,0,0,0,0,10,0,0,0,0,148,0,0,0,0,0,0
"590",1,0,0,0,0,0,1,0,72,0,0,0,0,0,13,0,0,0,0,0,4,33,1,1,0,4603,0,0,4,2,0,0,0,28,0,0,3,1,0,0,0,0,0,5,0,79,0,0,0,0,0,0,0,0,0,0,3,1,0,0,0,10,1,0,1,0,0,0,0,0,0,0,1,11,0,0,0,0,0,0,0,0,70,0,0,4,0,0,1,19,0,2,1,0,0,0,0,0,2,0,0,0,0,0,0,0,1,1786,6,0,0,0,0,0,0,0,2,1,72,2,0,0,0,0,114,0,0,0,0,0,0,501,0,1,1,0,1,0,0,0,42,0,0,1,0,0,0,1,0,69,18,0,0,5,1,0,1,0,0,0,0,0,0,0,0,2,0,0,0,1,0,0,0,0,37,0,0,17,0,0,0,0,0,0,0,11,0,0,0,1,0,7,1,0,1,17,0,1,0,0,0,1,0,0,0,142,0,0,0,1,0,0,0,0,0,1,0,0,1,0,0,0,0,0,0,0,0,0,0,0,43,1,0,459,0,0,0,0,0,0,0,1,0,0,0,0,0,0,1,0,6,6,2,0,2,34,0,1,0,14,1,6,0,0,0,0,0,0,0,631,0,0,67,0,0,0,0,0,6,615,0,0,92,0,0,0,0,0,0,0,0,0,0,0,3,0,2,0,0,27,0
"591",0,17,0,0,25,0,0,42,644,0,0,0,12,1,28,0,67,0,0,0,0,38,8,0,0,155,138,0,100,0,0,0,0,18,0,0,1,317,1,0,0,62,0,49,0,0,0,97,2,0,29,1,0,0,0,121,0,0,0,259,3,0,0,0,0,0,108,0,0,0,53,0,0,0,322,0,0,0,0,41,0,14,28,0,0,0,0,0,0,51,1,179,0,0,0,3,0,34,5,128,13,0,0,0,3,6,0,61,0,18,0,0,0,335,63,0,8,11,135,0,0,48,0,1,3,27,39,12,0,0,1,7,0,0,0,0,156,0,0,0,1,0,49,0,0,6,0,47,0,0,11,0,1,0,1,0,0,0,25,17,0,0,0,0,0,0,1,0,0,0,7,0,1,0,0,27,0,23,46,1,0,0,0,0,0,0,0,0,0,0,0,299,3,0,0,0,0,8,0,0,0,0,0,1619,0,268,0,0,0,0,0,0,0,0,1,0,106,187,277,0,222,19,0,6,0,0,0,0,50,19,324,0,0,420,0,0,0,0,1,0,0,0,0,0,0,56,0,0,0,0,0,7,8,0,34,35,0,0,0,0,0,0,0,14,0,0,0,0,7,180,0,0,25,0,0,0,0,0,1,830,0,0,116,0,0,0,1,0,0,37,0,0,0,1,8,53,137,0,0,33,0
"592",0,0,0,0,0,0,1,3,586,0,0,0,12,32,43,0,0,0,27,0,1,0,0,25,0,1856,0,0,123,19,32,17,0,17,0,0,0,28,0,0,3,22,0,1,0,30,0,0,0,0,0,1,0,0,1,16,0,45,6,17,0,1,0,0,281,0,60,0,0,54,8,0,0,1,23,0,0,0,0,0,111,0,1,0,14,1,0,0,0,0,0,10,1,13,0,0,0,0,19,872,0,0,0,0,0,4,0,96,245,0,0,0,0,4,75,0,283,0,1,0,11,16,0,1,4,11,0,0,0,0,1,102,0,0,0,0,272,0,0,0,30,0,0,0,0,0,0,7,0,0,1,3,0,1,0,0,0,0,0,1,0,0,4,730,0,0,0,0,0,0,0,0,0,0,0,0,0,2,8,1,0,0,0,1,1,0,0,0,0,0,0,37,0,0,0,1,0,0,0,13,0,0,0,1,0,137,0,0,0,0,0,0,4,0,0,0,67,3,0,0,44,4,0,0,0,5,0,0,3,0,14,1,0,2082,0,0,1,0,1,47,0,0,1,0,3,0,0,0,0,33,31,3,0,0,0,62,15,0,1,1,3,0,0,6,1,0,0,0,0,23,0,13,111,1,0,0,1,1,0,616,1,0,1,0,0,0,0,0,3,8,0,1,0,0,186,0,189,0,0,11,1
"593",0,0,0,0,78,0,0,0,474,0,0,0,18,0,3,0,0,0,0,0,17,21,15,0,0,1261,0,0,1,19,0,0,0,8,0,0,16,128,0,0,0,30,0,42,0,136,0,32,0,0,5,5,0,0,59,17,0,0,0,112,0,21,0,1,35,0,1146,0,0,12,60,0,37,12,0,0,0,0,0,145,0,14,7,1,0,1,0,0,0,36,0,0,0,0,0,0,0,0,10,573,0,0,0,0,0,0,64,139,0,0,0,0,0,23,0,0,44,0,54,0,0,112,0,1,1,33,0,0,4,37,51,0,0,0,0,0,1,0,0,0,3,0,0,0,0,0,192,0,0,0,6,0,0,109,0,0,0,0,32,35,0,0,0,261,0,0,1,0,0,0,3,0,7,0,0,0,3,81,443,0,0,1,0,0,21,0,0,0,0,0,0,43,1,0,0,0,0,0,0,0,0,0,0,559,595,13,2,0,0,1,6,0,29,1,5,0,102,101,0,6,33,52,0,0,0,0,48,0,21,0,149,1,0,281,0,0,7,0,1,0,0,0,0,0,0,0,0,0,0,0,0,0,22,0,28,1,0,0,23,5,1,0,0,5,0,0,4,0,159,24,40,29,116,0,0,0,0,0,37,845,0,0,106,0,0,25,0,0,90,16,0,0,0,0,15,0,3,0,0,85,0
"594",0,0,1,1,0,0,0,0,0,0,0,0,0,0,9,0,0,0,0,1,0,0,0,1,0,1715,0,0,18,0,0,0,0,1,0,0,10,0,0,0,0,0,0,0,0,13,0,0,0,0,3,0,0,0,0,0,0,0,0,306,1,0,0,0,0,0,252,0,0,0,23,0,0,0,977,0,0,0,0,81,0,0,0,0,1,0,0,0,0,0,0,5,1,0,0,0,0,0,0,0,0,52,0,0,0,0,0,2923,0,0,0,0,0,0,0,0,0,0,4,0,0,0,0,0,0,0,59,0,0,0,0,0,0,0,0,0,1,0,0,1,37,0,0,0,0,0,0,0,0,0,7,0,0,0,1,0,0,0,0,0,0,0,0,0,0,1,0,5,1,0,0,0,1,0,0,0,0,0,0,6,0,0,0,0,0,0,0,0,56,0,0,1,0,0,0,0,0,0,0,0,0,0,0,1609,0,155,0,0,1,0,0,0,0,0,1,0,0,0,37,0,30,0,0,0,0,0,0,0,0,0,1,0,0,457,0,0,0,0,0,56,0,0,0,0,5,0,0,0,0,0,4,1,0,0,4,12,16,0,0,1,0,0,0,0,0,0,0,0,0,0,0,0,145,0,0,0,42,0,0,0,0,0,56,0,0,0,0,0,0,0,0,0,0,0,0,0,1,0,0,24,0
"595",29,0,0,0,63,14,0,15,41,0,0,0,16,25,43,0,0,0,0,0,0,0,9,0,0,82,0,0,25,0,0,0,0,206,0,0,0,0,0,0,3,30,0,56,0,40,0,0,0,0,0,1,0,0,0,34,0,0,0,20,0,0,0,0,3,0,0,0,3,0,57,0,110,0,0,1,0,0,0,0,0,0,0,0,0,0,0,0,0,378,0,21,22,0,0,4,0,34,0,143,0,0,0,0,0,0,141,1432,0,0,0,0,0,173,29,0,231,0,0,0,7,54,0,1,773,0,0,0,0,0,49,0,0,4,0,9,67,0,0,0,0,0,0,0,0,6,0,0,0,0,0,0,0,0,0,0,0,0,0,125,0,0,0,0,0,0,0,0,0,0,0,0,0,0,0,1,0,43,134,0,0,0,0,0,0,0,0,0,0,0,0,164,0,0,0,2,0,0,0,0,0,0,0,0,0,0,0,0,0,0,0,0,0,0,0,0,0,0,0,0,0,0,0,0,0,0,0,0,170,0,71,0,0,0,0,0,0,0,0,0,0,0,0,0,0,0,0,0,0,0,0,0,0,0,0,0,0,0,3,0,0,0,0,0,0,0,0,0,0,156,19,0,826,0,1,0,0,0,0,3224,0,0,249,0,0,0,0,0,0,46,0,0,0,1,0,0,0,0,0,49,0
"596",0,0,0,0,0,2,3,0,0,0,0,0,1,0,47,0,6,0,0,0,0,0,6,0,0,3764,0,0,43,0,0,0,1,56,0,0,7,28,0,0,0,0,0,0,0,0,0,2,0,0,0,0,0,0,0,0,0,0,0,0,0,0,4,6,0,0,0,0,0,0,0,0,0,0,0,660,0,0,0,0,0,0,0,0,0,7,0,0,0,31,0,5,1,0,0,0,0,0,0,0,0,13,28,0,0,0,0,1163,1,0,16,16,0,0,0,0,3,3,365,22,0,0,0,0,256,0,0,0,0,19,18,0,0,1,0,25,4,0,0,0,141,2,0,13,0,0,9,5,0,0,0,0,0,0,1,0,12,1,0,0,0,0,0,0,0,3,20,0,0,0,0,0,0,0,0,0,0,0,0,0,0,0,0,0,7,5,0,0,0,51,0,222,0,0,0,0,0,0,2,0,0,1,0,0,0,82,0,0,0,6,0,0,0,0,0,0,0,0,0,0,0,0,0,0,0,0,0,0,10,0,201,6,0,0,0,0,0,0,0,2,5,0,0,0,0,0,1,0,45,0,0,0,4,0,0,52,69,0,3,23,0,0,0,0,0,0,0,0,0,3,0,0,98,0,0,0,0,0,0,2,0,0,161,0,927,1,0,0,0,57,0,0,0,0,27,0,78,0,0,41,0
"597",0,0,0,0,0,10,4,0,26,0,0,0,55,1,26,0,0,0,0,1,16,1,8,3,0,1,0,0,119,198,1,0,0,1,0,0,17,1,1,0,32,11,0,11,0,26,0,5,0,0,0,0,0,0,0,25,0,0,0,0,1,0,0,0,0,0,58,0,7,0,8,5,8,0,0,0,0,0,3,0,0,0,1,0,25,18,0,0,0,43,0,25,0,0,0,0,0,0,1,841,0,0,0,0,1,0,1,214,0,0,0,0,0,1,0,0,170,0,7,0,11,0,0,48,4,0,0,0,0,0,1,16,0,0,0,0,3,0,1,0,351,0,0,0,0,0,0,25,0,0,1,0,0,0,1,0,0,0,0,13,0,0,0,158,0,0,0,0,0,0,0,0,0,0,0,0,0,25,1,0,0,0,0,0,0,0,0,0,0,35,0,27,7,0,0,0,0,0,0,12,0,0,0,1,0,111,1,0,1,175,1,0,0,0,1,0,12,1,104,0,0,1,0,0,0,0,0,0,1,0,13,0,0,659,0,0,0,0,0,0,0,0,0,0,0,0,0,0,0,0,0,1,0,0,7,8,0,0,1,1,0,0,0,1,0,0,0,0,5,2630,0,0,1577,973,0,0,0,0,0,246,0,0,1,0,0,0,0,3,0,9,0,0,0,0,0,0,9,0,0,22,0
"598",21,0,0,0,29,0,0,62,506,0,0,0,0,343,3,0,0,0,0,0,0,84,0,0,0,700,0,0,0,0,0,0,0,82,0,0,0,348,0,0,0,46,0,53,1,5,0,0,0,0,0,3,0,0,64,22,0,12,10,261,0,88,0,0,4,16,171,0,2,12,117,0,0,238,1,0,0,0,0,121,0,3,0,0,436,0,0,0,0,0,0,37,18,0,0,0,0,0,35,355,0,5,0,0,3,0,68,58,0,1,0,0,0,0,95,0,0,1,226,0,15,119,0,0,6,43,0,0,0,0,0,30,0,0,0,2,92,0,0,0,6,0,23,0,0,0,0,30,0,0,19,9,0,0,0,0,0,0,0,36,0,0,0,278,0,0,0,0,1,0,0,0,0,0,0,0,0,0,345,0,0,0,0,0,0,0,0,0,0,0,0,129,0,0,0,0,0,38,0,0,0,0,0,0,0,121,0,0,0,0,0,0,0,0,0,0,69,0,0,0,0,0,0,0,0,0,0,0,36,26,90,0,0,101,0,0,6,0,0,29,0,0,199,0,0,0,0,0,0,0,701,0,0,0,0,7,34,0,0,0,20,0,0,0,0,0,0,27,18,1,0,0,17,0,0,0,7,3,0,1932,0,0,292,0,0,0,1,0,67,17,0,0,0,0,0,8,3,0,0,434,19
"599",0,0,0,0,0,0,43,0,0,0,0,0,0,0,38,0,0,0,0,0,0,0,10,18,0,3051,0,0,0,0,291,0,0,130,0,0,0,376,0,0,1,0,0,0,0,0,0,0,0,0,0,0,0,0,0,0,0,0,0,196,0,0,0,0,0,0,0,0,23,0,0,0,0,0,0,0,0,0,0,0,0,0,0,0,0,0,0,0,0,0,0,60,617,29,0,0,0,0,0,0,0,0,0,0,0,0,0,1070,0,0,0,0,0,0,0,4,0,0,58,0,0,0,7,0,0,0,0,0,0,0,0,0,142,12,0,83,491,0,0,0,28,0,0,0,0,0,8,0,0,0,0,0,0,0,0,0,0,0,0,147,0,0,0,5,0,0,0,0,0,0,0,6,0,0,0,0,0,0,98,0,0,0,0,0,0,0,0,0,0,0,0,77,0,0,0,0,145,0,0,0,0,0,0,0,2,0,0,0,1,0,0,0,0,0,62,0,0,0,50,0,0,0,0,0,0,0,0,0,0,0,0,0,0,509,0,0,0,0,8,0,0,0,82,0,0,0,0,0,0,0,0,3,0,1,8,0,0,0,17,0,0,0,3,0,0,0,0,0,0,655,0,0,224,4,10,0,0,1,48,0,0,0,255,0,0,0,0,0,0,0,0,0,0,0,0,0,0,0,0,34,0
"600",12,2,0,5,61,0,0,0,0,0,0,0,9,0,151,0,0,0,0,0,0,25,0,23,0,2792,0,0,17,0,0,0,0,34,0,0,2,0,0,0,3,31,0,0,0,0,0,6,8,0,0,0,0,0,0,0,0,39,0,370,0,0,0,0,0,0,0,0,0,0,0,0,12,0,0,228,0,0,0,96,0,0,1,0,107,2,109,0,0,0,0,0,15,0,0,0,0,0,0,137,0,327,0,0,0,0,0,719,1,40,0,22,5,0,75,0,0,1,0,35,38,0,0,0,0,0,0,0,0,0,0,0,0,0,0,0,1,1,0,0,18,0,113,0,0,736,0,0,0,0,0,0,0,2,0,0,0,1,0,32,0,0,0,239,0,0,0,4,0,0,21,0,0,1,0,0,5,0,0,0,0,0,0,0,0,0,0,0,0,3,0,0,5,3,0,0,0,0,0,0,0,1,0,1,0,750,4,0,10,9,0,0,0,0,0,0,0,0,5,0,0,13,0,0,0,0,0,0,10,0,0,0,0,789,0,0,0,61,0,1,1,0,0,0,0,0,0,0,3,0,0,0,0,0,8,0,0,0,0,0,12,0,0,7,0,0,0,0,0,209,0,0,7,0,20,0,0,0,6,6,0,0,398,0,0,34,0,1,12,0,0,0,0,0,51,0,50,0,0,0,0
"601",117,0,0,0,20,0,0,27,32,0,0,0,8,66,27,0,34,0,0,0,0,18,0,0,0,80,48,0,0,0,0,0,0,20,0,0,1,22,0,0,0,78,85,0,37,309,0,0,0,0,0,3,0,0,0,19,0,44,24,204,0,0,0,0,51,0,15,0,0,106,22,0,0,0,0,0,0,0,0,58,0,0,0,0,1,0,8,0,15,0,0,0,0,0,0,0,0,31,68,225,10,0,12,0,0,0,0,4,1,0,1,0,1,0,78,0,0,1,68,0,5,58,0,0,0,85,0,0,0,0,0,232,0,0,1,0,130,0,0,0,18,1,76,7,0,466,0,0,0,43,11,0,0,8,0,0,25,0,0,14,2,0,0,2321,0,0,0,0,0,0,5,0,0,0,0,0,0,3,495,0,0,0,0,1,0,0,0,0,0,0,0,25,0,11,0,0,0,4,2,0,297,1,0,0,0,62,0,0,117,0,12,0,0,0,0,0,147,0,0,0,109,0,0,0,0,0,0,0,13,0,0,0,0,475,0,0,0,0,0,4,2,0,0,0,3,21,0,0,1,0,0,0,0,0,0,0,22,0,0,4,0,0,0,4,0,2,0,0,0,0,0,0,164,0,0,0,0,0,0,1072,0,0,104,5,0,0,0,0,0,0,0,0,0,0,0,0,6,0,0,66,0
"602",13,51,0,0,42,7,2,0,0,0,0,0,13,188,21,0,0,0,0,0,0,23,0,0,0,114,79,0,0,0,56,0,0,100,0,20,0,2,0,0,2,72,0,0,0,0,0,70,0,0,9,0,1,0,0,12,0,29,0,119,0,0,12,0,3,0,54,0,22,0,123,0,0,7,0,137,0,5,0,15,44,37,0,0,3,0,0,0,0,54,8,1,0,0,0,0,0,21,0,68,5,0,0,11,34,4,0,59,1,0,0,0,0,52,8,1,0,1,9,0,0,113,0,0,0,46,0,0,0,74,0,63,132,0,0,129,138,0,11,0,5,0,0,0,0,0,0,16,0,0,3,67,0,33,0,0,0,3,0,9,0,5,5,183,0,2,0,0,0,0,9,0,0,0,0,0,4,0,61,5,0,0,0,0,24,0,0,0,0,1,0,0,0,0,122,0,0,1,0,1,0,1,0,410,0,0,0,0,0,1,0,0,52,0,0,0,40,429,30,0,0,78,0,137,0,0,0,0,93,0,0,0,0,44,0,0,9,0,0,231,1,0,69,0,0,0,0,0,1,0,0,1,14,0,9,0,2,0,0,0,2,8,0,0,0,0,0,0,0,949,0,0,734,0,4,0,0,0,0,2221,1,0,0,0,0,0,0,1,35,0,0,0,6,0,0,0,0,0,0,0,0
"603",0,0,0,0,0,0,0,0,0,0,0,0,0,0,24,0,0,5,0,0,6,32,0,3,0,2173,0,0,6,58,0,0,0,54,0,0,5,193,0,0,0,0,0,0,0,17,0,0,0,0,9,0,0,0,0,0,0,0,0,0,0,0,0,0,0,0,168,0,4,0,0,0,0,0,0,0,0,0,0,51,0,0,29,0,0,0,0,0,0,53,1,23,61,0,0,0,0,0,22,0,0,0,0,0,0,0,0,2083,0,41,0,0,0,0,0,0,0,66,26,50,0,0,0,0,42,3,0,0,0,0,11,42,0,5,0,3,4,0,0,0,26,0,0,0,0,0,8,0,0,0,12,0,0,0,0,0,0,0,0,0,0,0,0,0,0,0,0,0,0,0,1,0,0,0,0,0,0,131,0,0,0,0,0,0,1,0,0,0,0,0,0,51,0,0,0,0,0,0,0,0,0,0,0,0,0,7,0,0,0,0,0,0,0,0,1,0,0,0,71,0,0,0,0,0,0,0,0,0,0,0,0,0,0,244,0,0,0,0,0,0,0,0,0,0,0,0,15,0,0,0,0,3,23,0,10,0,0,0,0,5,0,0,0,4,0,0,0,0,5,1112,0,0,180,0,0,0,0,0,3,2121,0,0,95,0,0,0,0,0,0,11,0,0,0,0,10,0,29,0,0,51,0
"604",1,0,0,0,0,0,98,36,0,0,0,0,0,142,69,0,0,0,0,0,24,5,0,0,0,2087,0,0,158,7,0,0,0,11,0,0,6,90,0,0,0,0,0,14,1,0,0,0,0,0,0,0,0,0,0,0,0,0,0,0,0,22,0,0,0,0,1,0,0,0,38,0,0,4,0,0,0,0,0,0,0,0,0,0,124,0,0,0,4,39,1,91,10,0,0,0,0,0,7,2,0,101,0,0,0,0,0,185,7,0,11,0,0,126,5,0,22,1,20,2,4,0,8,0,148,0,0,0,0,0,0,2388,0,0,0,0,1,0,0,0,16,2,72,1,0,0,1,0,0,5,12,0,0,1,1,0,19,0,0,0,0,0,0,0,0,3,0,0,0,0,0,0,0,1,0,0,0,0,1,0,0,0,0,0,0,0,0,0,0,21,0,0,53,0,1,0,0,0,0,0,0,1,0,0,0,0,0,0,10,4,0,0,0,0,0,0,1,0,18,7,1,1,0,0,0,0,0,0,3,0,111,0,0,56,0,0,0,0,0,1,1,0,0,0,0,0,0,44,3,0,1,0,0,0,0,0,0,0,0,0,1,0,0,0,0,0,0,0,0,1,0,0,130,0,2,0,0,0,18,1577,0,0,112,4,0,0,0,69,2,0,0,0,0,0,1,0,1,0,0,2,0
"605",9,0,0,0,42,0,1,0,0,0,0,0,29,64,19,0,0,0,0,0,0,0,0,3,1,2877,0,0,38,39,14,0,0,0,0,0,11,98,0,11,12,0,0,0,0,117,0,0,5,1,4,0,0,0,0,0,0,37,0,0,0,0,43,0,0,0,220,1,0,0,0,0,0,0,0,0,0,0,0,0,0,0,0,0,35,0,61,0,10,28,0,69,0,0,0,0,0,29,0,223,0,0,0,0,0,0,0,14,407,0,0,0,0,40,77,0,136,0,150,1,24,70,7,0,199,0,0,0,0,0,0,7,0,1,0,0,1,0,0,0,6,0,0,0,0,0,0,0,0,0,0,0,0,0,0,10,0,0,0,0,0,0,0,314,0,1,0,0,0,0,0,3,0,0,0,0,0,0,131,0,0,0,0,0,0,0,0,0,0,0,0,105,1,0,0,2,0,0,0,13,0,0,0,104,0,10,0,0,0,13,0,0,0,0,0,0,63,0,313,0,0,0,0,0,0,0,0,0,42,0,0,0,0,885,0,0,0,0,0,0,0,91,0,0,0,0,0,0,0,0,0,0,3,1,0,0,24,0,0,0,0,0,0,4,0,0,0,0,0,24,0,0,91,0,19,0,0,0,5,2428,0,0,0,0,0,0,0,7,0,0,0,0,0,0,40,0,0,0,0,204,0
"606",0,10,0,0,47,7,44,0,13,0,0,0,6,2,1,0,0,0,0,0,0,0,0,5,0,2155,10,0,5,0,519,0,0,49,0,0,0,525,0,0,0,0,0,0,0,149,0,0,0,1,0,0,0,0,18,28,0,56,0,45,0,0,0,0,56,0,91,0,0,192,74,0,0,0,0,0,0,0,0,202,0,0,0,0,58,0,0,0,0,0,0,0,0,0,0,0,0,0,0,105,0,0,0,0,0,0,0,3,1,0,1,0,1,0,0,0,2,0,6,3,0,0,0,0,0,0,0,0,0,0,15,18,0,0,0,0,0,0,0,0,1,0,0,0,0,0,0,0,0,0,18,138,0,0,0,0,0,0,0,199,0,0,0,203,1,0,0,0,0,0,7,0,0,0,0,0,0,83,422,0,0,0,0,8,0,0,1,0,0,1,0,29,0,0,1,0,0,0,0,784,0,0,0,0,0,0,0,0,0,11,36,0,0,0,0,0,23,0,0,0,0,23,0,0,0,0,0,0,3,0,0,0,0,150,0,0,2,0,0,2,2,0,0,0,1,0,1,0,1,0,0,0,0,0,0,4,3,0,0,0,8,0,0,0,11,0,0,0,0,4,17,0,38,0,4,0,0,0,0,1413,0,4,492,0,0,0,0,2,0,78,0,0,0,0,4,0,2,0,0,686,0
"607",0,0,0,0,0,0,468,29,0,0,0,0,0,0,0,0,3,0,1,0,0,0,0,147,0,0,0,0,29,1,1,0,22,78,0,0,1,5,0,0,0,0,0,0,0,409,0,0,0,0,0,0,0,0,3,0,0,4,0,375,0,0,0,0,0,7,97,0,144,390,42,0,0,0,0,0,0,0,2,7,0,0,48,0,113,0,0,0,0,35,0,19,18,0,0,0,0,0,0,0,0,0,0,0,53,0,0,124,0,0,0,0,0,196,0,3,0,0,8,1,0,0,0,393,6,0,0,0,0,0,0,0,0,1,0,20,1,1,0,0,0,0,0,0,0,0,0,0,0,0,28,0,0,0,0,0,0,290,0,422,0,0,0,0,0,0,0,0,0,0,0,0,0,1,0,0,0,62,89,0,0,0,0,0,18,0,0,0,0,0,0,112,1,0,0,0,0,0,0,0,0,381,0,0,0,0,0,0,1,0,0,0,0,0,1,3,209,0,3,0,8,0,0,0,0,33,0,0,163,0,0,0,0,0,0,0,0,0,0,0,0,0,0,0,0,0,22,0,0,0,0,3,0,0,0,9,0,0,0,21,0,0,0,1,0,0,0,0,0,0,0,0,1774,0,7,0,0,0,0,3202,0,0,0,0,0,0,0,0,0,0,0,0,0,0,52,0,1,0,0,7,0
"608",37,0,0,0,0,0,1,0,36,0,0,0,0,1,40,5,0,0,0,0,0,4,0,4,0,155,0,0,22,0,448,0,0,1,0,0,8,0,0,0,41,0,0,51,0,0,0,0,0,0,0,10,0,0,0,0,1,28,0,80,0,13,21,0,30,0,0,0,0,29,0,0,7,10,0,0,0,0,0,106,0,0,0,0,64,1,0,0,3,180,7,19,0,0,0,0,0,0,5,1091,0,0,0,0,0,0,0,506,0,0,0,0,0,545,0,0,21,1,25,0,11,83,0,0,1,0,0,0,0,0,0,0,0,1,0,0,26,0,0,0,0,0,44,88,0,0,0,69,0,2,19,0,0,0,0,0,0,0,0,0,0,0,0,0,0,0,0,0,0,0,0,0,0,0,10,0,0,0,30,0,0,0,0,0,0,0,0,0,0,0,0,64,1,6,0,0,0,0,0,0,0,0,0,0,280,2,0,0,0,4,0,0,0,15,0,0,7,0,0,10,0,0,0,0,0,0,0,0,0,0,181,0,0,674,0,0,0,4,0,0,0,0,0,0,0,0,0,1,0,0,10,0,0,0,24,0,0,0,6,0,3,0,0,0,0,0,0,3,0,4,0,0,807,0,1,0,0,0,3,3114,0,0,209,1,0,0,0,0,0,44,0,0,0,0,20,0,280,0,0,12,0
"609",25,0,0,0,234,0,3,0,48,0,0,5,49,0,157,0,0,0,0,0,0,0,0,1,0,1,0,0,0,0,1,0,0,0,0,0,1,1,0,0,8,119,0,11,0,1,0,0,0,0,4,18,0,0,3,125,0,64,0,0,0,0,414,0,0,0,52,0,0,0,29,0,0,0,0,0,0,0,0,0,0,0,3,2,10,0,19,0,0,35,0,17,189,13,0,14,0,174,0,193,0,0,0,0,0,4,1,842,0,0,0,0,0,5,0,0,11,0,21,11,0,70,0,22,6,0,0,0,0,0,7,0,0,0,1,85,246,0,0,0,480,7,0,0,0,0,0,10,0,0,1,1,0,0,0,1,0,0,0,65,1,0,0,0,0,0,0,59,0,0,0,0,0,0,0,0,5,0,0,0,0,0,0,0,2,0,1,0,100,0,0,12,2,0,1,27,0,0,0,0,0,0,0,0,0,4,4,0,0,21,0,0,0,0,0,0,0,4,93,0,0,0,0,0,0,0,25,0,8,0,4,0,1,134,0,0,0,0,1,0,0,0,0,0,0,0,21,0,0,0,0,0,6,0,9,0,0,0,5,0,0,0,0,0,0,0,0,0,0,1468,5,5,3007,0,11,2,0,0,1,132,0,0,0,0,0,0,0,0,18,0,0,0,0,0,25,0,5,0,0,8,0
"610",0,0,0,0,0,0,10,0,0,0,0,0,5,110,1,1,64,3,0,0,0,162,0,0,3,61,0,1,18,0,0,0,0,408,0,0,0,0,0,0,0,0,0,0,0,267,0,36,0,0,0,0,0,0,0,0,0,0,0,0,0,0,0,72,0,0,83,0,0,0,0,0,0,27,0,1,0,0,0,0,0,0,0,0,48,1,189,0,0,249,0,17,0,0,0,0,8,1,91,0,0,0,0,0,1,0,10,0,0,0,0,0,0,88,0,0,0,0,128,0,0,0,1,1,537,0,0,0,120,124,100,6,0,0,0,0,9,0,0,0,9,0,0,0,0,0,0,0,0,0,0,0,0,0,0,0,0,0,0,55,0,0,0,945,0,0,0,0,0,0,58,1,0,0,0,0,0,65,0,6,0,0,0,0,0,0,0,0,0,0,0,299,1,0,0,0,0,0,0,0,0,0,0,0,0,63,9,0,0,0,1,0,0,0,48,0,52,0,100,0,0,0,0,0,0,12,0,0,334,3,0,0,0,190,0,0,6,0,0,1,0,0,0,0,0,0,1,0,0,0,0,9,0,0,0,9,10,0,138,0,1,0,0,11,0,0,0,0,0,6,0,0,163,0,0,0,0,0,0,2313,0,7,1234,0,0,0,0,1,0,190,0,0,0,0,23,0,28,0,0,227,0
"611",0,1,0,0,0,0,17,94,0,0,0,0,0,400,3,0,0,0,0,0,96,87,0,1,0,14,0,0,15,9,32,0,4,41,0,0,7,128,1,1,0,0,0,135,0,382,0,0,0,0,4,0,0,0,0,0,6,0,0,415,0,0,0,1,0,0,22,0,0,0,34,0,0,163,0,0,0,0,0,87,0,0,5,0,84,1,1,1,0,245,0,1,8,0,0,0,0,0,58,0,0,0,0,0,53,0,137,222,0,0,0,0,0,194,0,3,0,11,21,0,0,0,0,1,14,0,0,0,0,0,227,1131,0,4,0,0,1,0,0,0,6,0,0,0,0,0,0,0,0,0,32,43,0,0,0,0,0,0,0,112,0,0,0,3,0,0,0,0,0,0,0,0,0,0,0,0,0,91,43,0,0,0,0,0,0,0,4,0,0,0,0,219,1,0,0,0,20,1,0,0,0,0,0,0,0,47,4,0,1,5,0,0,0,0,1,0,139,0,3,0,1,19,0,0,0,8,0,0,50,0,70,0,0,120,0,0,0,0,0,22,0,1,0,0,0,0,14,0,0,0,72,0,23,0,3,3,0,9,19,29,0,0,0,4,1,0,0,0,0,10,0,54,252,0,1,0,1469,0,5,1868,2,0,359,0,0,0,0,4,0,0,0,0,0,0,0,0,3,0,0,45,0
"612",6,0,0,0,17,0,0,18,546,0,0,0,0,0,3,0,0,0,0,0,0,34,0,0,0,121,40,0,0,0,53,0,0,112,0,0,0,86,0,0,0,67,0,85,0,47,0,6,0,0,0,0,0,0,120,28,0,0,0,233,0,0,0,0,0,0,191,0,0,0,0,0,110,613,0,0,0,0,0,96,0,0,240,0,0,0,0,0,0,198,0,13,5,0,0,0,0,0,27,69,0,0,0,0,0,1,82,62,1,17,0,0,10,0,23,0,140,1,14,14,8,25,0,0,348,2,0,0,0,0,25,0,0,0,0,0,1,0,0,0,26,0,0,0,0,0,0,36,0,0,0,0,1,0,0,0,0,0,6,0,0,0,7,442,0,0,0,0,0,0,38,0,41,0,0,3,0,0,3,0,1,0,0,0,0,0,0,0,0,1,0,233,0,0,47,0,0,0,0,0,0,1,0,49,0,0,0,0,0,0,0,0,0,0,0,0,96,0,103,0,0,38,0,0,0,0,0,0,94,0,0,0,0,830,0,0,0,0,0,0,6,0,17,0,0,0,1,0,1,0,80,0,24,0,68,0,0,0,0,187,0,0,0,0,207,0,1,0,0,4,0,0,656,0,0,0,0,0,0,433,0,0,389,0,0,0,1,0,28,44,0,0,0,5,122,1,32,0,0,214,0
"613",1,0,0,1,0,0,3,0,0,0,0,0,0,0,11,0,0,1,0,0,0,5,0,5,0,2821,0,0,4,11,199,0,0,9,0,0,17,0,0,0,1,0,0,0,0,0,0,0,0,0,0,0,1,0,0,1,0,0,0,0,0,0,0,0,0,0,1,1,3,0,0,0,0,0,0,0,1,0,0,0,0,0,10,0,0,0,0,0,0,0,0,3,5,0,0,0,0,0,0,0,0,0,0,0,0,1,0,675,1,1,1,0,0,0,1,1,0,0,0,15,4,59,0,0,0,0,0,0,0,0,0,0,0,220,0,0,733,0,0,9,35,0,0,2,0,0,0,0,0,0,0,0,0,0,0,1,12,0,0,0,2,0,0,0,0,0,0,0,0,0,0,0,3,0,4,0,0,0,0,0,0,0,0,0,0,0,1,0,0,1,3,22,0,0,197,0,0,0,1,0,0,0,0,0,1,0,0,0,0,1,166,0,0,0,0,0,29,0,37,0,1,0,0,0,0,0,0,0,0,0,0,0,0,0,0,0,0,0,0,0,1,0,0,0,2,0,0,10,1,0,0,0,0,0,0,0,0,0,0,0,0,0,0,0,0,0,0,0,0,12,0,0,74,7,0,0,0,0,0,3867,0,0,4,0,0,0,0,0,0,0,0,0,0,7,0,0,0,0,0,20,0
"614",0,0,0,0,0,0,0,7,0,0,0,1,10,0,0,0,0,0,0,0,3,0,0,8,0,326,1,0,10,23,0,0,0,0,0,0,4,1,0,0,0,0,0,0,0,205,0,0,0,0,0,0,0,0,33,0,0,1,0,14,0,0,1,0,0,0,24,0,0,0,0,0,3,10,0,174,0,0,0,28,0,0,0,0,0,0,0,0,0,61,0,10,63,0,0,0,0,0,122,0,0,0,0,0,3,0,95,166,94,0,0,0,0,0,0,0,0,11,4,0,0,0,0,1,730,0,0,0,0,0,7,3,0,0,0,0,54,0,0,0,41,0,0,0,99,0,0,10,0,3,10,49,0,0,0,0,0,0,0,0,0,0,0,268,0,0,0,0,0,0,1,0,0,0,0,0,0,67,0,0,0,0,0,0,2,0,0,0,0,1,0,18,3,0,92,0,0,6,0,0,0,0,0,0,0,2,0,0,12,18,0,0,0,3,1,1,0,0,39,0,51,0,0,0,0,0,76,0,271,0,0,1,0,242,0,0,0,0,0,52,0,0,0,0,0,0,0,1,0,0,0,0,0,0,5,14,4,5,0,0,0,0,0,3,0,0,0,0,5,3306,0,0,1233,0,0,0,11,0,0,1415,0,0,78,0,0,0,0,0,3,0,0,0,1,0,50,30,16,0,0,13,0
"615",0,0,0,0,0,0,3,22,0,0,0,0,0,469,8,0,0,0,0,0,30,0,0,3,0,0,6,0,68,60,0,0,0,20,0,0,7,1,0,0,1,0,0,21,0,13,0,0,0,0,0,0,0,0,0,0,0,0,0,162,0,18,4,0,79,0,52,0,0,0,34,0,4,43,0,0,0,0,0,0,0,0,0,0,47,0,0,0,0,16,195,9,125,0,0,0,0,0,0,0,0,0,0,33,0,0,151,3545,0,0,0,0,0,0,0,0,0,0,0,15,0,0,0,0,2,0,0,0,0,0,0,13,0,0,0,0,2,0,0,0,11,0,0,0,0,0,14,0,0,1,5,4,0,0,0,0,0,0,0,0,0,0,0,17,0,0,0,0,0,0,0,23,8,0,0,0,0,0,0,8,0,0,0,0,0,1,0,0,0,0,0,27,1,0,0,1,0,0,0,0,0,0,0,73,413,41,0,0,0,15,0,0,0,0,1,0,121,402,160,0,0,0,0,0,0,2,0,0,0,0,76,0,0,55,0,0,0,0,0,0,0,0,0,22,0,0,0,0,0,0,0,0,0,0,0,12,0,0,11,0,0,0,0,4,0,0,0,0,0,116,0,0,195,0,0,0,0,3,1,1800,0,0,89,0,0,0,0,8,30,0,0,0,0,0,21,0,1,0,0,0,0
"616",0,12,0,0,0,0,1,0,0,0,0,0,0,262,0,0,0,0,0,0,0,0,0,7,0,1,0,0,6,0,428,0,0,0,0,0,1,0,0,0,0,0,0,0,0,1,0,0,0,0,0,0,0,2,0,0,0,0,0,0,0,0,0,0,0,0,237,0,0,0,0,0,0,0,0,0,0,0,0,605,0,0,0,0,0,0,0,0,0,0,0,0,0,0,0,14,0,0,0,0,0,0,0,0,44,0,0,4425,0,0,0,0,1,0,0,0,0,72,84,0,0,0,0,0,0,0,3,0,0,0,0,0,0,0,0,0,0,0,0,0,7,0,0,0,0,0,0,0,0,0,18,0,1,0,0,0,0,0,0,3,0,1,0,0,0,0,0,0,0,0,41,0,0,0,0,0,0,9,0,0,0,0,0,0,0,0,1,0,0,0,0,101,0,0,0,0,0,0,0,0,0,0,0,0,0,39,0,0,1,1,0,0,0,0,0,0,0,0,248,0,0,0,0,0,0,0,0,0,0,0,0,0,0,36,0,0,0,0,0,0,0,0,0,0,1,6,0,0,0,0,0,0,0,0,0,0,0,0,0,0,0,0,0,0,0,0,0,0,0,15,0,0,39,0,0,0,0,0,0,1912,0,0,109,0,0,0,0,0,0,0,0,24,0,0,0,0,19,0,0,0,0
"617",0,0,0,1,0,0,1,0,0,0,0,0,0,0,0,0,4,0,0,0,0,4,0,9,0,3243,0,0,408,26,8,0,0,3,0,0,48,8,0,0,0,0,0,0,1,0,0,0,0,0,0,0,0,0,0,0,0,2,0,0,0,0,0,0,0,0,0,0,0,81,0,0,0,0,0,0,0,0,0,0,0,0,319,0,0,68,0,0,0,0,7,55,0,0,0,0,0,0,0,0,6,0,0,0,0,0,0,1942,2,0,1,0,0,0,2,0,0,2,24,5,0,0,0,0,0,0,28,0,0,0,0,0,0,0,0,16,0,0,0,0,62,1,0,1,0,0,0,10,0,0,0,0,0,0,0,0,9,0,3,12,0,0,0,0,0,0,0,0,0,0,0,0,0,0,0,0,0,0,18,0,0,0,0,0,0,0,1,0,0,12,0,3,0,0,0,0,0,0,1,0,0,4,0,0,264,0,0,0,0,0,0,0,0,0,0,0,42,0,305,0,26,0,0,0,0,0,0,0,0,0,0,0,0,537,0,0,0,0,0,100,0,0,1,0,54,3,1,0,3,0,0,0,0,0,0,396,4,0,0,0,0,0,0,0,0,0,0,0,6,1668,0,0,14,0,2,0,0,0,0,1,0,2,29,0,0,0,0,0,3,0,0,0,0,0,13,0,1,0,0,0,0
"618",0,0,0,8,0,1,1,1,0,0,0,0,1,0,84,0,34,0,1,0,5,1,0,0,0,3237,0,0,17,75,0,0,2,18,0,0,9,160,0,0,1,0,0,0,0,56,0,2,0,0,4,0,0,0,19,0,0,0,0,80,0,1,2,27,0,3,607,0,3,0,0,0,0,0,0,0,0,0,0,52,0,1,33,1,0,4,0,1,0,8,168,0,71,0,0,0,0,0,2,0,0,0,0,0,5,8,1,198,1,26,2,1,0,46,12,0,4,1,33,2,0,0,11,0,189,0,0,0,0,31,4,9,0,0,0,11,22,0,0,0,1074,0,0,1,0,0,0,8,0,0,5,0,0,51,1,0,0,0,1,6,0,0,0,0,0,2,0,0,0,0,0,0,1,1,0,0,0,0,22,27,0,0,0,0,3,6,0,0,0,1,0,69,4,0,1,0,0,3,0,0,0,1,0,193,0,375,16,0,8,35,0,0,0,0,0,3,0,0,0,0,0,5,1,0,1,0,30,0,18,16,1,0,0,244,0,0,0,0,6,105,3,0,3,0,7,0,0,0,1,0,4,0,0,0,4,58,0,0,0,0,2,5,0,3,0,0,0,0,0,81,270,0,1011,0,0,0,0,0,1,182,0,0,13,0,0,99,0,5,2,0,0,0,0,0,1,5,2,0,0,25,0
"619",8,0,0,0,0,0,1,0,742,0,0,0,13,491,19,0,0,0,0,0,0,13,18,0,1,1821,0,0,18,0,16,0,0,12,0,0,5,71,0,0,3,0,0,0,0,96,0,0,0,0,0,42,0,0,0,32,0,0,0,0,0,0,0,1,0,0,26,0,1,0,63,0,0,0,267,0,0,0,0,28,0,0,3,0,19,0,0,1,0,0,208,7,6,0,0,0,0,28,0,869,0,0,0,0,36,0,0,71,0,0,1,0,0,93,51,0,281,0,9,15,22,21,10,1,0,0,0,0,0,0,0,186,0,0,0,38,0,0,0,0,0,0,0,0,0,0,0,0,0,0,11,0,0,0,0,0,0,0,0,0,0,0,0,163,0,0,4,0,0,0,0,1,1,0,0,0,0,0,115,0,0,0,0,0,0,1,0,0,0,0,0,16,2,0,0,0,0,0,0,284,0,0,0,0,76,2,0,0,0,19,0,0,0,0,0,0,141,62,0,6,1,0,0,0,0,0,0,0,65,0,166,0,0,129,0,0,0,0,0,0,0,0,0,0,1,0,0,0,0,0,209,0,0,0,8,0,0,0,0,0,0,0,0,0,4,5,0,0,0,12,0,0,297,17,41,0,0,6,8,2651,0,0,90,0,0,0,0,0,0,0,0,0,0,2,0,0,13,0,0,53,0
"620",34,0,0,1,21,13,5,9,580,0,0,4,13,104,42,0,0,0,0,0,0,0,0,6,1,2615,22,0,11,0,1,0,0,38,0,1,0,12,0,0,5,21,0,6,2,78,0,0,0,0,0,40,0,0,0,0,0,16,0,0,0,0,0,0,0,0,139,1,10,0,15,0,4,6,0,0,0,0,0,0,0,0,0,0,9,0,0,1,0,4,0,13,0,35,0,0,0,20,10,466,33,0,0,17,1,10,1,924,0,19,1,0,0,1,24,0,42,18,5,0,0,16,0,1,0,0,1,0,0,68,3,11,0,0,0,191,6,0,0,0,1010,0,0,0,3,0,0,13,0,0,0,0,20,0,0,0,0,0,8,22,1,0,0,896,0,0,1,0,0,0,0,0,0,0,0,0,0,2,23,0,0,8,0,0,0,0,0,0,0,0,0,17,1,0,112,0,0,0,0,0,15,0,0,0,1,176,0,0,0,3,0,0,0,0,0,0,63,0,0,0,0,0,0,0,0,0,0,0,5,9,37,0,0,677,0,1,0,0,0,0,0,0,1,0,0,0,1,0,0,0,4,0,9,0,0,0,0,7,0,0,0,0,0,0,0,1,0,32,4,1,0,0,101,0,0,0,0,0,52,322,0,0,50,0,0,0,0,0,16,0,0,5,0,0,16,0,0,0,0,108,0
"621",277,9,0,1,76,5,1,0,0,0,78,0,27,0,48,0,4,0,9,1,0,9,0,1,0,167,51,0,0,73,23,0,34,50,0,0,0,19,0,0,0,27,0,36,0,1,0,11,0,0,38,0,0,0,12,0,0,0,0,88,0,0,0,0,0,0,0,6,1,0,52,0,0,0,0,0,0,0,0,13,0,2,1,0,0,1,0,2,0,77,0,9,20,0,0,1,0,36,0,278,0,36,0,0,0,0,0,2239,1,0,8,133,0,41,25,0,210,0,80,9,0,0,0,0,263,0,1,0,0,82,1,0,252,0,0,28,1,0,0,0,6,0,0,10,0,491,0,11,0,0,0,0,0,0,0,0,0,0,0,16,0,0,0,0,1,2,0,6,0,0,0,0,1,0,0,0,7,19,7,0,0,0,0,0,7,2,2,0,0,1,0,36,10,10,1,0,0,0,0,0,0,50,0,2,0,174,6,0,9,1,1,0,0,0,0,0,0,0,0,0,120,3,0,0,0,0,1,0,96,0,113,0,0,101,0,0,3,0,0,63,1,0,1,0,0,0,23,0,2,0,0,0,0,0,38,7,0,0,0,2,0,0,9,0,0,0,0,0,0,61,3,0,173,0,0,0,0,0,0,2042,0,0,32,0,0,0,0,0,0,12,0,0,0,0,0,0,3,124,0,46,0
"622",0,70,0,0,0,3,91,0,38,0,0,0,9,0,3,1,23,0,0,0,0,0,0,1,0,44,37,0,3,87,433,0,0,26,0,0,109,545,0,1,0,0,0,0,0,117,0,0,1,0,0,0,0,0,0,14,0,35,0,0,0,0,10,162,0,0,0,23,0,44,0,0,0,0,0,628,0,0,0,0,0,0,132,0,0,1,1,0,0,0,0,5,1,0,0,0,1,0,0,65,0,24,0,0,0,0,0,1085,0,0,0,0,10,0,11,0,4,94,44,6,0,0,4,0,0,0,14,0,0,0,0,0,0,0,0,0,1,1,0,0,1,2,0,2,0,423,0,0,2,0,0,0,0,0,0,0,1,0,0,0,6,0,0,1480,0,2,0,0,0,4,0,29,8,0,0,0,0,120,0,0,0,0,0,0,0,0,0,0,0,1,0,283,4,0,0,1,0,0,0,0,0,1,0,0,0,45,0,0,11,19,184,0,0,0,0,0,0,0,143,0,52,0,0,0,0,0,0,0,0,0,0,0,0,223,13,0,0,0,0,6,0,0,0,0,2,248,17,0,1,0,0,0,0,0,0,7,15,0,0,0,0,0,0,0,1,0,0,0,0,3,0,0,12,0,1,0,0,0,0,1999,0,0,331,0,0,1,0,1,0,0,0,0,0,0,0,0,3,0,0,128,0
"623",0,0,0,0,87,7,4,0,1959,0,0,0,10,222,2,0,0,0,0,0,111,29,3,0,0,603,19,0,0,0,0,0,0,116,0,0,0,0,0,0,0,50,0,45,0,1,0,4,0,0,0,0,0,0,0,25,0,0,0,0,0,16,0,102,0,2,0,0,0,0,110,2,2,4,0,0,0,0,0,1,0,9,4,0,0,1,18,0,0,850,0,0,0,1,0,0,0,0,12,0,0,0,0,9,0,0,41,1098,1,0,0,2,0,0,3,0,3,1,32,0,14,0,0,26,228,0,0,0,0,0,0,26,0,0,0,0,1,0,0,0,0,0,0,0,0,0,0,2,3,0,19,13,0,4,1,0,0,1,0,36,0,0,1,75,0,0,0,0,0,0,0,0,1,0,5,0,0,7,0,0,0,0,2,1,0,0,0,0,0,2,0,48,0,0,1,0,0,0,5,0,0,1,0,1,0,10,0,0,0,0,0,0,0,0,0,0,0,6,0,0,47,9,0,0,0,0,0,0,192,0,78,1,0,137,0,0,1,0,0,0,1,0,0,0,0,0,0,0,1,0,0,0,5,0,6,5,3,0,0,0,23,0,0,0,0,0,0,0,0,1,0,0,391,0,0,0,0,1,2,2087,0,0,283,0,0,1,1,0,1,18,0,0,1,0,28,1,0,0,0,56,0
"624",14,0,0,0,30,13,0,1,36,0,0,5,16,0,989,0,14,0,0,0,0,1,0,1,0,66,68,0,8,237,131,0,0,77,3,0,181,0,0,0,3,60,0,0,0,36,0,12,0,0,0,0,0,0,6,29,0,0,0,1,1,5,15,1,0,0,13,0,0,0,16,0,0,5,0,436,0,0,0,1,0,12,1,1,18,43,97,0,0,36,0,6,142,0,0,13,0,0,6,167,0,0,0,0,3,3,22,934,0,0,0,0,0,2,49,15,13,0,1,0,0,112,0,7,383,36,0,0,0,0,14,3,0,1,0,0,4,0,0,0,17,0,0,0,0,0,0,10,0,0,1,7,0,4,1,0,0,0,14,24,0,0,0,308,0,0,1,0,0,0,1,0,0,0,0,0,8,11,9,0,0,0,0,0,1,0,0,0,0,0,0,34,1,0,597,1,0,0,0,0,0,0,0,1,0,8,17,0,7,0,0,0,0,27,1,1,11,9,132,1,0,1,59,0,0,8,7,0,68,1,41,1,0,262,0,0,1,0,0,290,0,0,0,0,9,2,0,0,0,0,4,1,0,0,8,9,9,0,6,15,1,0,0,0,0,0,0,0,0,1025,20,100,810,0,0,0,0,3,0,1357,0,0,88,0,0,0,0,0,1,0,0,0,0,0,39,0,3,0,0,23,0
"625",0,0,0,0,0,0,0,29,0,0,0,0,1,154,71,0,0,0,0,1,138,14,0,4,1,1339,0,0,38,57,0,0,0,8,0,0,11,88,0,0,0,0,0,27,0,10,0,0,0,0,3,0,0,1,15,0,0,0,0,53,1,25,1,0,0,1,26,0,0,0,10,0,0,8,0,0,0,0,0,7,0,0,38,0,49,0,0,0,1,56,0,86,23,0,0,0,0,0,5,4,0,0,0,0,1,0,0,2847,214,0,0,0,0,87,1,0,0,0,123,0,0,0,1,1,41,0,0,0,0,0,11,126,0,0,0,0,128,0,0,0,14,0,0,0,0,0,2,18,0,0,7,0,0,1,3,0,0,0,4,0,0,0,0,0,0,0,0,0,0,0,0,0,0,0,0,0,0,0,56,0,0,0,0,0,1,0,0,0,0,0,0,48,0,0,441,0,0,3,0,0,73,0,0,0,0,2,0,0,0,0,0,0,0,1,0,0,13,0,101,5,0,10,0,0,0,0,0,0,29,1,69,0,0,34,0,1,0,0,0,0,0,15,0,0,0,0,0,0,0,0,0,0,0,0,4,3,4,0,6,11,3,0,0,3,0,0,0,0,0,77,0,5,119,0,0,0,443,0,3,2170,1,0,71,0,0,0,0,1,8,0,0,0,0,0,31,0,6,0,0,51,0
"626",0,12,0,0,0,0,16,0,0,0,0,0,13,0,13,0,0,0,0,0,0,0,0,11,0,688,0,0,32,18,0,0,0,0,0,0,0,0,0,0,3,0,0,0,0,0,0,0,0,0,1,0,0,0,41,0,0,0,0,0,0,0,0,0,0,0,393,0,0,0,0,0,0,0,0,0,0,0,0,0,0,0,5,0,0,17,0,0,0,0,0,14,29,0,0,43,28,0,0,0,0,164,0,0,56,0,0,1600,0,0,0,0,0,123,0,4,1,0,349,33,0,0,9,0,0,0,0,0,0,0,0,0,0,0,0,0,7,0,0,0,28,0,0,0,0,0,74,0,0,0,0,0,63,14,10,33,0,0,0,0,0,0,0,0,6,0,0,0,1,0,0,0,2,0,0,0,0,0,0,0,0,0,0,0,0,0,0,0,0,0,0,0,21,15,0,2,0,1,0,0,0,0,0,0,0,72,10,0,7,34,0,0,0,0,0,0,0,0,935,0,0,9,0,0,3,0,0,11,0,0,0,0,0,1132,0,0,4,0,0,65,0,0,0,0,7,0,0,0,0,0,0,0,0,0,0,89,10,0,0,0,4,0,0,0,4,0,0,0,0,61,0,0,142,0,0,0,21,0,0,1592,0,21,0,0,0,0,0,0,0,0,0,0,0,0,0,0,489,0,0,263,0
"627",0,0,0,0,313,0,3,0,234,0,0,0,0,5,0,0,0,0,0,0,44,64,29,0,0,4314,133,0,0,101,1,27,0,100,0,0,0,0,0,0,0,0,0,0,0,152,0,0,0,0,0,0,0,0,0,0,0,43,0,211,0,0,0,0,6,0,19,0,0,20,102,0,0,3,0,0,0,0,0,8,0,0,0,0,0,0,0,0,0,0,0,0,0,0,0,0,0,0,0,329,0,0,0,0,0,0,0,40,0,0,0,0,0,11,0,0,0,0,39,0,71,0,0,0,39,6,0,0,0,0,0,0,0,0,0,0,0,0,0,0,0,0,213,0,0,49,0,30,0,0,6,0,0,18,0,0,0,0,0,0,0,0,0,807,0,0,0,0,0,0,5,14,0,0,0,0,0,0,0,0,0,0,0,0,8,0,0,0,0,0,0,6,0,0,0,0,0,0,0,0,3,0,0,0,477,0,0,0,24,0,0,0,0,0,64,0,147,0,177,0,0,0,0,0,0,0,0,0,0,0,0,0,0,92,0,0,0,0,0,0,0,0,0,0,0,22,0,0,0,0,0,0,0,0,0,0,0,0,24,0,0,0,0,8,0,0,0,0,0,338,0,0,312,0,0,0,0,0,0,28,0,0,263,0,0,0,0,0,0,27,0,0,0,0,19,0,3,0,0,143,0
"628",0,0,0,1,0,0,0,0,2433,0,0,0,0,0,33,0,73,0,2,0,0,28,0,1,0,1,0,0,21,10,1,36,0,1,0,0,5,21,1,0,0,0,0,0,0,90,0,0,0,0,0,0,0,0,11,0,0,2,0,47,0,0,0,0,0,0,47,0,0,102,19,0,0,0,0,0,0,0,0,20,0,0,1,0,0,1,0,0,6,29,0,1,7,0,0,0,0,0,0,0,0,0,0,0,0,0,0,212,51,0,16,0,0,90,0,0,0,0,81,10,0,0,135,0,114,0,0,0,0,0,0,0,0,0,0,0,1,0,0,0,586,0,0,1,0,0,27,69,0,60,0,0,0,0,0,6,4,0,29,0,0,0,0,0,1,0,2,71,0,0,0,0,0,0,0,0,0,0,4,0,0,0,0,0,5,3,0,0,0,1,0,82,0,0,196,0,0,0,0,0,0,1,0,1,647,0,0,0,13,1,7,0,0,0,0,0,51,0,0,0,3,0,0,0,0,0,1,0,0,0,15,0,0,15,0,0,0,0,6,12,0,0,0,0,2,0,0,0,62,0,0,0,0,0,4,6,34,0,0,3,1,0,0,3,0,0,0,0,0,62,198,143,566,0,0,0,0,0,0,1173,0,148,15,0,0,0,0,0,93,74,0,0,0,0,24,0,69,0,0,17,0
"629",19,187,0,0,0,0,1,0,81,0,0,0,12,0,1,0,0,0,0,1,0,0,0,0,0,953,0,0,0,11,0,0,0,129,0,0,22,0,0,0,0,23,0,0,0,38,0,6,0,0,0,0,0,0,0,61,0,49,0,83,0,0,0,0,0,0,106,0,0,84,0,0,0,0,0,0,0,0,0,12,0,19,92,0,0,56,0,0,0,0,0,14,1,0,0,0,0,0,0,146,0,211,0,0,0,1,1,608,0,0,0,0,1,0,46,0,59,0,58,0,0,0,0,0,282,0,0,0,0,0,20,0,0,0,0,0,57,0,0,0,3,0,0,0,0,0,267,13,0,0,4,3,0,0,0,0,0,0,0,0,0,0,0,0,0,0,0,0,0,0,0,0,0,0,0,0,0,0,306,0,0,0,0,0,6,0,0,0,0,0,0,128,0,0,0,0,0,0,0,0,0,0,0,1,0,163,1,0,0,0,0,0,0,0,0,0,0,15,0,0,0,13,0,0,0,0,0,0,0,0,37,0,0,1127,1,0,0,0,0,29,0,0,0,0,0,0,0,0,0,0,7,0,0,1,0,103,0,0,3,0,0,0,0,0,0,1,0,0,0,186,105,0,130,0,0,0,0,0,0,3128,0,0,326,0,0,9,0,0,1,0,0,0,0,0,0,0,57,0,0,118,0
"630",0,0,0,0,25,7,1,0,91,0,0,0,19,0,2,0,0,0,0,0,0,1,13,1,0,2971,48,15,0,2,1,0,0,35,0,0,29,1,2,0,10,21,0,0,0,0,0,11,0,0,0,0,0,0,1,0,0,0,0,9,0,17,0,0,0,0,21,0,0,0,10,3,12,263,0,133,0,0,1,1,75,0,0,0,77,24,0,0,0,0,0,3,0,2,0,0,0,0,0,146,0,100,0,0,9,9,0,437,99,0,0,1,0,0,51,0,74,0,1,3,0,0,0,0,76,425,0,0,0,0,1,37,0,0,0,205,1,0,0,0,700,4,0,0,0,779,0,10,0,41,0,15,0,0,1,0,0,0,0,12,0,15,1,0,0,3,4,0,0,0,7,0,1,0,0,0,0,1,0,0,0,0,0,0,10,0,0,0,0,1,0,10,0,0,1,0,0,0,0,79,0,1,0,0,0,562,11,0,0,0,16,0,0,0,0,0,6,0,164,11,0,0,166,0,0,0,0,0,5,0,0,0,0,0,30,0,0,0,0,27,1,0,0,0,0,0,0,0,33,62,0,9,5,0,6,10,50,0,9,3,0,0,0,2,15,0,0,0,0,28,0,2,61,5,0,0,2,18,35,1,0,6,4,0,12,0,0,0,0,4,0,0,0,0,8,5,5,0,0,62,0
"631",47,10,0,0,24,10,1,0,82,0,0,0,0,0,46,2,15,0,0,0,0,1,0,0,0,2119,30,0,2,13,12,0,0,0,0,0,3,1,0,0,0,37,0,0,0,7,0,5,0,0,0,0,0,3,0,26,0,0,0,1,0,0,0,0,0,0,0,0,3,0,60,0,4,0,0,0,0,0,0,0,68,5,148,0,0,3,59,0,0,21,0,138,2,97,0,0,0,97,41,297,0,148,1,3,0,2,0,85,5,0,0,25,0,0,40,0,5,0,1,0,0,0,0,0,1040,0,0,0,0,16,11,0,0,0,1,103,1,0,2,0,54,21,0,18,0,2,0,3,0,0,0,3,0,0,115,0,4,0,0,72,0,6,0,0,0,3,0,0,0,0,0,0,12,0,17,0,0,0,0,0,0,0,0,0,3,0,0,0,0,1,0,38,0,0,2,0,0,0,6,0,0,1,0,873,0,15,14,1,0,0,0,0,0,0,0,0,0,0,0,0,1,0,0,0,0,0,2,0,0,0,11,0,0,0,0,0,1,0,0,29,1,0,72,14,0,0,0,0,23,0,0,0,0,0,11,330,3,0,8,30,0,0,0,2,2,0,0,0,0,433,0,17,161,0,0,0,0,1,35,66,0,0,104,0,0,77,0,0,0,47,82,1,0,0,302,0,1,0,0,49,0
"632",42,0,0,0,0,0,1,0,0,0,0,0,0,0,7,0,0,0,0,0,0,2,0,0,0,2251,0,0,0,0,121,44,0,27,0,0,1,28,1,0,0,0,0,0,0,3,0,0,0,0,1,0,0,0,1,0,1,0,0,14,0,11,0,0,0,0,58,0,0,0,0,0,0,0,0,0,0,0,0,14,0,0,0,0,0,4,0,0,0,25,0,31,6,0,0,0,0,0,39,0,0,1,0,0,0,0,0,346,1,0,0,0,0,4,7,0,0,1,106,0,8,96,0,0,6,0,0,0,0,0,0,3,0,0,0,0,201,0,0,0,493,0,0,1,0,0,0,0,0,0,12,3,0,29,1,0,0,0,0,0,0,0,0,185,0,0,0,0,0,0,0,0,0,0,0,0,0,3,57,0,0,0,4,0,0,0,0,0,0,0,0,1,0,0,0,0,0,0,0,0,0,1,0,6,290,100,0,0,11,0,0,0,0,0,0,0,408,0,6,0,0,0,0,12,0,0,0,0,34,0,19,0,0,406,0,0,2,0,0,0,0,0,0,0,0,0,0,0,1,0,183,2,8,0,4,6,0,0,0,0,7,0,0,2,1,0,0,0,0,4111,0,0,82,0,0,0,1,0,3,312,0,0,0,0,0,0,0,0,0,3,0,0,0,0,12,1,0,0,0,7,0
"633",0,0,0,0,26,9,1,0,2520,0,0,6,5,0,0,0,0,0,0,0,0,0,5,0,0,193,23,0,0,0,32,0,0,56,0,0,0,1,0,0,0,0,0,178,0,5,0,0,0,0,0,5,0,0,0,10,0,0,0,0,0,0,12,0,194,0,0,0,0,0,0,0,0,36,0,0,0,0,0,0,0,0,1,0,0,0,4,0,0,169,0,0,0,0,0,0,1,0,54,84,0,0,0,0,0,0,94,45,1,0,0,10,9,0,23,0,4,68,7,0,0,17,0,0,0,0,0,0,0,0,11,63,0,0,0,0,0,0,0,0,1,0,0,0,0,0,0,32,0,0,19,0,0,17,0,0,1,0,0,48,1,0,0,97,0,0,0,0,0,0,0,0,0,0,7,0,0,0,0,0,0,0,0,0,6,0,0,0,0,12,0,35,0,0,0,0,0,0,1,0,162,1,0,0,0,8,0,0,8,0,0,0,0,0,0,0,0,0,1,0,16,0,0,0,0,1,0,0,0,0,58,0,0,263,0,0,0,0,0,1,1,0,0,0,1,0,0,0,1,0,0,0,0,0,0,0,0,0,0,133,0,0,0,1,0,1,0,0,0,6,0,26,776,0,0,0,0,0,1,3353,0,0,18,0,0,0,0,0,0,0,0,0,1,0,461,0,0,0,0,13,0
"634",1,0,0,0,0,0,1,0,0,0,0,0,0,0,1,0,0,0,0,0,0,115,0,1,0,725,0,0,11,0,115,0,0,30,0,0,3,247,0,0,0,0,0,0,0,2,0,0,0,0,0,0,0,0,0,0,1,0,0,0,0,0,1,0,0,0,141,0,1,0,9,0,2,0,0,0,0,0,0,26,0,0,110,0,0,1,2,0,0,0,0,1,1,0,0,1,0,0,25,0,0,1,0,0,3,0,0,5521,1,0,0,0,0,0,2,0,0,1,193,0,0,0,0,0,164,0,0,0,0,0,0,0,0,4,0,0,11,1,0,0,15,0,0,0,0,0,61,0,0,0,45,0,0,0,1,0,0,0,0,0,0,0,0,0,0,2,0,0,0,0,0,0,0,0,0,0,0,39,71,0,0,0,0,0,19,0,0,0,0,1,0,366,3,1,1,0,0,0,0,0,0,1,0,0,0,43,0,0,6,1,0,0,0,0,0,0,10,0,17,0,1,7,0,0,0,0,0,0,0,0,0,0,0,1,0,0,0,2,0,6,0,14,0,0,0,0,0,0,1,0,2,0,0,0,47,1,0,4,100,15,0,0,0,14,0,0,0,0,0,9,0,0,4,0,0,0,0,0,5,1919,0,0,100,0,0,0,0,0,0,0,0,0,0,0,6,0,3,0,0,32,0
"635",0,0,0,0,0,0,0,0,0,5,0,0,0,0,3,0,0,0,0,0,30,0,0,0,0,1044,0,0,5,0,0,0,4,153,0,0,0,432,0,0,0,0,0,42,0,1387,0,0,0,0,12,0,0,0,38,0,0,0,0,0,3,30,0,0,0,0,45,0,0,0,0,0,0,0,0,0,0,0,0,385,0,0,248,0,0,38,253,0,0,39,0,0,0,0,0,0,0,0,39,0,0,0,0,0,50,0,11,32,0,0,0,0,0,252,0,0,0,0,264,0,0,0,0,1,45,0,0,0,0,0,27,8,0,0,0,0,3,0,0,0,0,0,0,0,0,0,0,18,0,0,73,0,0,0,0,0,0,0,0,24,0,0,0,0,0,0,0,4,0,0,0,0,1,0,0,0,0,114,563,4,0,0,0,0,0,0,0,0,0,0,0,141,0,0,0,0,0,0,0,0,0,0,0,752,0,154,0,0,1,0,0,0,0,0,2,0,0,186,0,0,0,38,0,0,0,1,0,0,56,0,92,0,0,58,0,0,0,0,0,88,0,0,0,0,0,0,0,0,0,0,1,0,0,0,28,0,10,0,0,0,0,0,0,27,0,0,0,0,0,9,0,0,73,0,0,0,0,0,9,1612,0,0,611,0,0,0,0,0,0,58,0,0,0,0,0,0,3,0,0,116,0
"636",21,8,0,0,0,6,1,0,3731,0,0,0,7,0,1,0,0,0,0,0,0,0,0,4,0,2551,0,0,2,26,0,0,0,253,0,0,3,0,2,1,3,0,0,0,0,0,0,0,0,0,0,0,0,0,2,0,0,22,0,0,0,0,0,0,0,0,0,0,0,0,19,0,4,1,0,0,0,0,0,0,0,0,0,0,0,26,0,0,0,0,0,3,1,0,0,0,0,39,41,96,0,0,2,0,0,0,0,64,1,0,2,1,0,0,21,0,10,0,0,8,10,0,0,0,0,0,0,0,0,0,0,0,0,0,48,0,1,0,0,0,9,0,0,0,0,0,0,6,0,0,28,0,0,0,0,0,0,0,0,0,0,0,0,0,0,2,0,0,0,0,0,0,0,0,0,0,0,0,0,0,0,0,0,0,0,0,0,0,0,0,0,100,9,10,1,0,0,0,0,0,0,0,0,5,0,82,0,3,10,1,0,0,0,0,0,0,0,0,58,0,0,0,0,0,0,0,0,0,0,0,0,1,0,817,0,0,0,0,0,134,0,4,0,0,0,0,0,0,1,0,1,0,0,1,0,0,0,0,1,17,0,0,0,0,2,0,0,0,0,3,0,0,337,1,1,0,0,0,0,235,0,0,0,0,0,34,0,1,0,0,0,0,0,0,41,0,501,0,0,187,0
"637",19,0,0,0,0,0,60,3,0,0,0,0,10,0,2799,0,0,0,0,0,0,0,0,12,0,0,0,0,250,51,0,0,0,112,0,0,0,90,0,0,3,6,0,0,0,0,0,1,0,0,6,0,0,0,0,0,12,0,0,0,0,40,0,0,0,0,0,36,0,0,50,0,0,0,0,0,0,0,0,31,0,0,11,0,0,0,0,0,0,217,0,0,20,0,0,4,0,0,0,0,0,0,0,0,0,0,0,0,0,0,0,0,0,0,0,5,0,0,256,75,0,0,0,0,1253,0,0,0,0,0,0,48,8,0,0,23,44,0,0,0,102,0,0,0,0,0,7,0,0,35,0,4,0,10,0,0,0,0,0,83,0,0,0,0,12,0,1,219,0,84,0,0,41,0,0,0,0,189,1693,0,0,0,0,0,0,0,0,0,0,0,7,0,42,16,246,0,0,0,0,55,0,97,0,4,0,0,0,0,0,39,0,0,0,0,0,3,0,0,297,11,0,0,0,148,6,0,0,0,133,0,0,0,0,0,0,0,0,0,1,0,0,0,0,0,0,0,0,0,127,0,0,0,14,6,3,0,0,0,0,0,0,0,0,5,0,0,0,0,0,231,0,0,0,23,33,5,0,9,8,0,0,0,0,0,1,0,0,0,46,0,0,0,0,0,193,5,0,0,0,0,0
"638",0,110,0,0,65,0,0,0,0,0,0,0,34,0,20,0,0,0,0,0,0,0,0,1,0,1027,0,0,7,0,1,0,0,0,0,0,1,0,0,2,0,0,0,0,0,178,0,0,0,1,0,0,0,0,0,0,0,27,0,0,0,0,26,0,0,0,44,0,0,1,0,0,0,0,0,0,0,0,0,0,0,0,0,0,0,0,10,0,0,0,0,4,23,0,0,25,0,39,0,260,0,13,0,0,0,0,0,314,0,0,0,0,0,0,33,5,25,0,117,0,0,104,22,1,1400,0,0,0,0,0,0,0,0,1,0,0,11,0,0,0,3,1,0,152,0,0,0,0,0,0,0,71,0,0,0,1,0,0,0,0,0,0,0,0,0,0,0,0,0,0,0,0,0,0,0,0,0,0,0,0,0,0,0,0,0,0,0,0,0,0,0,0,1,0,0,2,0,0,0,188,0,0,0,0,492,4,0,0,1,3,0,0,0,0,0,0,138,0,17,0,0,0,0,0,0,0,0,269,0,0,0,0,0,340,0,0,0,0,0,0,0,0,0,0,3,0,2,0,0,0,0,0,0,0,0,10,1,0,0,0,0,0,0,0,0,0,0,0,0,26,0,0,588,0,0,0,0,0,0,3511,0,398,0,0,0,0,0,1,0,0,0,0,0,0,0,0,44,0,0,73,0
"639",0,0,0,0,7,0,0,0,0,0,0,0,0,1,193,0,0,0,0,0,1,1,0,0,0,849,0,0,0,0,325,150,1,15,0,0,0,1,0,0,0,0,0,11,0,1,0,1,0,0,1,18,0,0,0,0,0,0,0,1,0,0,0,0,0,0,16,0,3,0,3,0,0,0,1061,0,0,0,0,1,0,1,0,0,0,0,0,1,0,23,1,0,3,0,0,18,0,0,5,0,0,0,0,0,6,0,0,154,0,10,0,0,0,6,1,0,0,0,25,0,0,0,0,0,0,0,33,0,0,73,0,19,0,0,0,0,0,0,0,0,7,0,0,0,0,0,3,0,0,0,3,0,3,0,0,0,0,0,7,26,0,0,0,0,0,0,0,0,2,0,2,0,0,0,0,0,0,21,6,1,0,1,0,1,1,0,0,0,45,0,0,21,0,0,0,0,0,1,0,0,0,0,0,118,0,30,0,0,0,0,0,7,0,0,0,0,52,3,1,0,21,11,0,0,0,1,0,0,14,0,1,0,0,537,0,0,1,0,0,0,0,0,0,0,5,0,0,0,0,0,0,0,15,0,16,0,1,0,0,0,1,0,0,0,103,0,0,0,3,2213,0,0,2226,0,0,0,0,0,5,1035,0,0,11,0,0,0,1,0,4,3,170,0,0,0,0,0,3,0,0,14,0
"640",0,0,0,0,0,0,0,39,0,0,0,0,0,0,13,7,0,0,0,0,41,41,0,127,0,1024,0,0,276,12,379,0,0,176,0,0,2,0,0,1,0,0,0,138,0,321,0,0,0,0,0,0,0,3,5,1,0,6,0,20,1,0,0,0,0,0,21,0,0,0,0,0,0,23,0,0,0,0,0,0,0,9,158,0,89,1,0,0,0,155,0,6,5,0,0,0,0,0,47,0,0,0,0,0,0,5,255,46,1,0,0,0,0,25,4,0,260,1221,74,3,0,0,82,0,122,0,0,21,0,0,41,108,0,6,2,0,11,0,0,0,25,0,0,1,0,0,16,42,2,25,0,0,0,11,1,0,35,0,0,0,0,0,0,0,0,0,0,0,0,36,0,0,22,0,7,0,0,0,0,0,0,0,0,0,44,0,0,234,0,1,1,13,9,0,0,3,0,0,0,0,0,0,0,0,0,210,0,0,0,15,4,0,0,0,0,0,71,0,34,0,0,0,0,0,0,0,0,0,0,0,254,7,3,288,0,0,0,0,0,30,0,0,1,0,1,0,1,0,1,0,0,0,0,0,4,6,0,0,0,0,21,0,0,0,0,0,0,0,0,19,0,0,0,264,47,0,0,0,3,1755,0,0,79,0,0,0,0,0,0,0,0,0,0,0,29,0,11,0,0,117,0
"641",0,0,0,0,0,0,1,0,0,0,0,0,0,0,42,0,0,0,0,0,0,41,0,5,0,1,0,0,5,0,569,234,0,189,0,0,10,12,0,0,3,0,122,0,0,92,0,0,0,2,0,0,0,0,0,0,0,0,0,56,0,49,9,0,248,0,24,15,0,0,0,0,0,0,0,0,0,0,0,50,0,0,0,0,0,0,1,0,0,116,18,1,9,0,0,12,0,0,0,0,0,48,0,0,0,0,0,2374,0,0,0,0,0,17,0,37,0,0,0,1,0,0,0,1,75,0,0,0,0,0,0,0,0,1,0,0,12,0,0,0,0,0,0,0,0,0,0,0,0,0,0,1,0,0,0,11,0,0,0,30,0,0,0,0,0,0,0,0,0,0,0,0,1,0,0,0,0,0,70,0,0,0,0,0,0,0,0,0,0,0,0,43,1,0,142,0,0,0,0,0,0,0,0,0,170,0,0,0,0,3,0,0,0,0,0,0,71,0,17,0,0,0,0,0,0,19,0,0,61,0,0,0,0,0,0,0,0,0,0,0,0,0,0,0,0,0,13,0,162,0,0,0,0,0,0,0,0,0,0,0,0,0,0,0,0,0,0,43,0,9,0,95,468,0,1,0,0,0,3,3280,0,0,126,0,0,0,0,19,4,0,0,0,0,0,0,0,0,72,0,51,0
"642",32,0,53,0,170,4,20,0,17,0,0,0,36,0,0,0,1,39,11,2,0,1,26,0,0,1403,105,0,0,0,1,0,0,1,1,0,1,1,0,0,0,13,0,0,0,0,0,55,0,0,0,0,0,18,0,129,0,36,0,6,0,0,0,4,0,0,0,0,0,0,208,0,0,0,1,0,13,0,0,7,0,28,3,0,0,1,1,0,0,0,0,6,1,0,0,0,0,0,0,512,38,0,29,2,0,15,0,2984,1,0,0,1,0,0,30,0,7,1,74,0,0,28,0,0,0,0,1,0,0,37,0,0,0,0,35,14,3,0,0,14,621,0,0,26,0,5,93,31,4,0,0,0,0,0,1,0,1,0,0,1,0,7,0,0,0,0,0,0,0,14,0,0,0,4,0,0,0,1,0,4,0,0,0,0,32,1,0,0,3,2,45,0,0,0,1,0,0,0,0,0,0,1,0,1776,0,52,6,0,0,0,7,0,0,0,0,0,0,7,0,0,75,0,0,1,0,0,0,0,0,4,9,0,0,13,0,0,9,20,0,14,1,0,0,0,5,9,0,0,1,0,0,2,5,0,7,4,34,0,2,4,5,0,0,45,0,0,0,0,0,2,0,0,0,0,0,0,0,0,1,247,0,0,0,0,0,0,0,0,11,81,0,0,0,0,0,2,0,0,0,14,0
"643",0,0,0,0,4,0,108,0,0,0,0,0,1,0,0,2,0,0,0,1,0,0,0,0,0,4014,0,0,2,2,3,0,0,81,0,0,6,1,0,0,0,0,0,0,0,0,0,0,0,0,1,0,0,0,0,0,0,0,0,0,0,0,0,0,0,0,0,0,0,0,0,0,0,0,0,0,0,0,0,0,0,0,326,0,0,1,2,0,0,0,0,1,2,0,0,0,5,1,60,0,0,10,0,0,0,0,0,90,1,20,0,0,0,0,6,1,3,0,2,1,0,0,7,0,0,0,0,7,0,0,0,0,0,0,0,102,0,4,0,13,24,0,0,1,0,0,0,7,0,0,0,0,0,0,1,0,0,0,0,31,0,0,0,0,0,2,1,0,0,0,0,0,1,0,0,0,0,0,0,0,0,0,0,1,0,0,0,0,0,2,2,5,0,0,0,0,0,0,1,4,0,0,0,864,0,0,1,0,0,1,0,0,0,0,0,0,0,0,6,0,0,0,0,0,0,0,0,0,0,0,0,1,0,176,0,0,0,0,0,1,1,0,0,0,1,0,0,0,1,0,0,0,0,0,0,1,1,0,0,0,0,0,0,2,3,0,0,0,0,1,0,0,652,0,0,0,0,0,0,2999,0,1,139,0,1,0,0,0,0,0,0,0,0,0,0,0,2,0,0,14,0
"644",0,0,0,8,0,1,12,0,0,0,0,0,0,0,12,1,0,0,0,0,0,37,0,0,0,1,0,0,7,0,4,0,0,27,0,0,0,99,0,0,2,0,0,84,0,3,0,0,0,0,0,0,0,0,0,0,0,0,0,0,0,0,0,0,0,0,68,0,135,18,0,0,0,0,0,0,0,0,0,0,0,0,0,0,50,0,1,0,0,13,0,6,2073,0,0,1,3,0,6,0,0,1,0,0,0,0,0,1593,25,17,1,0,0,1,2,0,3,0,39,0,1,0,0,0,0,0,0,0,0,0,0,2,0,0,0,0,7,0,0,0,51,0,0,1,0,0,13,22,0,0,1,0,0,18,0,2,2,1,0,52,1,0,0,0,0,0,0,0,0,0,0,0,0,0,0,0,0,0,38,0,0,0,0,0,0,0,0,0,0,16,0,5,0,0,0,0,0,0,1,240,0,0,0,639,189,5,0,0,14,10,4,0,0,0,0,0,0,0,0,0,17,51,0,0,0,0,0,0,55,0,61,0,0,33,0,0,0,0,0,25,2,0,0,0,1,0,0,0,1,0,0,0,0,0,0,8,2,0,0,29,0,0,0,5,32,2,0,0,0,3396,0,62,34,0,0,0,0,0,0,257,0,0,155,0,0,1,0,0,0,0,0,0,0,1,0,0,2,0,0,54,0
"645",0,0,0,0,0,0,0,0,0,0,0,0,0,0,0,0,23,0,0,0,0,0,0,0,0,0,0,0,0,263,1757,0,0,483,0,48,12,10,0,0,0,0,0,0,0,766,0,0,0,2,0,0,0,0,13,0,0,0,0,18,0,0,4,0,0,0,0,0,0,0,0,0,0,0,0,1413,0,0,0,0,0,0,0,0,0,23,0,0,0,141,0,0,28,0,39,0,0,3,0,0,0,0,0,32,0,0,0,0,0,0,0,126,0,0,0,0,0,18,0,59,0,0,0,1,98,0,0,0,0,0,17,0,0,0,1,0,9,0,0,0,53,4,0,0,0,0,0,0,0,0,0,13,2,0,0,0,0,0,0,0,0,0,0,0,0,0,0,0,0,0,28,24,211,0,0,0,0,58,0,0,0,0,0,0,0,0,4,450,0,0,0,0,0,0,0,0,0,0,0,0,0,0,0,0,0,0,0,0,0,0,0,0,0,30,1,0,0,0,0,0,0,0,0,0,0,26,0,14,0,0,0,0,0,0,8,0,0,0,0,0,0,0,324,0,0,0,25,0,0,0,0,0,34,0,0,0,0,0,6,1,0,0,0,1,0,0,11,0,0,1767,9,0,0,0,0,0,0,0,0,0,0,40,227,0,0,0,3,0,0,12,3,0,0,6,0,0,0,0,97,0,0
"646",0,0,0,0,0,0,0,0,0,0,0,0,0,0,0,31,2,0,0,0,13,33,0,0,0,367,0,0,6,23,155,0,0,336,0,0,0,0,0,0,0,0,0,0,0,0,0,0,0,0,0,0,0,0,0,0,0,0,0,36,0,0,0,0,0,0,20,0,0,64,0,0,0,8,0,0,0,0,131,0,0,0,0,0,0,0,99,0,0,170,963,2,35,0,7,0,0,0,0,0,0,0,0,0,0,0,137,59,0,0,0,0,0,1324,0,0,0,0,176,0,0,0,0,52,834,0,0,0,0,0,0,0,0,0,1,0,0,0,0,0,2,0,0,1,0,0,0,7,0,0,0,13,0,0,0,0,8,0,0,0,0,0,0,0,0,0,0,0,0,3,0,0,1,0,0,0,0,0,0,0,0,0,0,1,1,0,0,0,0,1,0,274,0,0,0,0,0,0,4,0,0,1,129,0,0,12,0,0,0,0,1,0,0,0,74,0,0,0,12,0,75,0,0,0,0,7,0,1,0,0,85,0,0,0,0,0,0,0,0,1,1,0,0,0,0,0,0,0,1,0,0,0,0,0,0,0,4,0,20,53,0,0,0,0,0,0,0,0,0,3,5,0,0,0,0,0,0,0,0,3106,0,0,336,0,0,0,0,0,0,24,0,0,0,0,161,0,0,0,1,205,0
"647",38,73,0,3,138,0,1,0,583,0,0,0,0,1,32,0,0,0,0,0,0,0,25,0,0,11,0,0,0,0,1,0,0,17,0,4,0,0,1,0,3,0,0,16,0,0,0,0,0,0,0,0,0,0,0,0,0,0,0,0,0,5,0,0,3,0,0,0,5,0,0,0,0,0,0,0,0,0,0,0,0,0,0,0,1,0,0,0,0,5,1,0,2377,0,0,0,0,30,53,136,0,458,0,19,0,0,1,203,0,42,1,1,0,1,0,0,304,11,0,0,10,0,0,1,45,0,0,0,0,0,0,118,0,0,0,28,20,0,0,0,0,0,0,0,0,0,0,0,0,0,1,0,0,0,57,10,0,0,0,90,0,0,0,0,0,0,0,1,0,0,0,0,9,0,0,0,0,0,1,0,0,0,0,9,0,0,13,0,27,0,0,0,1,0,0,0,0,0,0,0,0,0,0,0,16,0,0,5,0,0,0,0,0,0,0,0,43,0,0,0,0,0,0,0,7,0,0,0,0,0,0,0,0,744,0,0,0,0,0,0,0,0,276,0,0,0,0,0,0,0,14,0,0,0,0,0,0,0,0,5,0,0,0,0,8,0,0,3,0,772,0,0,1732,483,0,0,0,0,1,183,0,3,0,0,0,0,0,0,17,0,45,0,0,0,46,0,0,0,0,0,0
"648",1,0,0,0,0,1,1,0,0,0,0,0,0,0,8,0,0,4,1,1,16,16,0,1,0,2722,0,0,1,1,1,0,0,20,0,0,45,8,2,0,0,7,0,0,0,38,0,1,0,0,0,0,0,0,0,0,0,0,0,4,1,0,0,0,0,0,176,0,0,0,10,0,0,0,0,0,1,0,0,33,0,0,35,0,0,0,48,0,0,32,0,1,10,0,6,196,0,0,0,0,0,0,0,0,0,0,0,1959,1,0,1,0,0,60,5,1,0,0,22,0,0,37,0,0,0,0,0,0,0,0,0,191,0,0,0,0,3,0,0,0,8,0,0,1,0,0,15,0,0,0,15,4,0,1,0,0,0,0,0,0,0,3,0,0,1,0,1,1,0,0,1,0,0,0,0,0,2,1,1,0,0,0,0,0,1,0,0,0,0,0,1,190,0,1,51,0,0,0,0,0,0,1,0,1,0,0,0,0,12,1,0,0,0,4,33,0,3,11,1,0,35,1,0,0,0,0,0,0,75,0,116,0,0,286,0,0,1,0,0,0,1,0,0,0,0,1,0,0,1,0,0,6,4,3,3,0,0,0,10,6,1,0,5,1,0,0,0,0,0,412,8,54,5,0,0,0,0,0,1,2569,0,0,44,0,0,0,0,0,9,25,0,0,0,0,0,0,43,0,0,11,0
"649",67,62,0,0,37,0,0,0,53,0,0,5,0,0,1,0,0,0,0,4,0,1,0,1,0,2344,0,0,3,37,165,0,0,65,0,0,0,0,0,0,55,99,0,1,0,48,0,0,0,0,6,7,0,0,1,60,0,0,0,12,0,0,0,0,0,0,0,0,17,0,0,0,0,0,0,0,0,0,0,52,0,0,35,0,0,0,0,0,0,0,0,1,4,0,22,0,0,182,6,307,0,731,0,0,1,5,31,195,0,0,0,0,0,35,49,0,13,0,25,19,0,0,0,1,49,0,83,0,0,0,1,0,0,0,0,0,9,0,0,0,15,0,0,0,0,0,0,23,0,0,0,0,0,0,0,7,0,0,0,0,0,0,0,0,0,0,0,9,0,0,0,0,1,0,0,7,0,1,0,0,0,0,0,0,0,0,0,178,0,0,0,3,0,0,0,0,0,0,0,0,0,0,0,0,0,2,3,0,0,4,0,0,0,0,0,0,56,1,3,0,0,0,0,0,0,0,0,6,47,3,4,0,0,106,0,0,0,0,0,0,0,0,23,0,0,0,0,0,0,0,0,0,0,0,0,3,0,0,0,1,0,0,0,0,0,0,0,0,0,1233,5,0,695,0,0,0,0,0,0,2441,0,0,191,0,0,0,0,0,0,14,0,0,0,0,3,0,0,0,0,1,0
"650",0,0,1,0,0,0,0,0,0,0,1,0,0,0,9,0,0,0,0,0,0,65,0,6,0,491,0,0,45,0,238,0,7,194,0,0,240,473,0,0,0,0,0,0,0,264,463,0,0,0,13,0,0,0,0,0,0,0,0,0,0,0,1,0,0,0,29,0,0,0,0,0,0,295,0,0,0,0,0,39,0,0,20,0,0,3,1,1,0,241,0,7,0,0,0,0,0,0,0,0,0,1,0,0,0,0,0,136,0,0,0,0,0,279,0,0,0,18,164,0,0,0,0,1,54,0,4,0,0,0,0,20,0,0,0,0,0,0,0,0,1,0,0,1,42,0,1,0,0,0,12,0,17,0,0,0,0,0,0,118,0,0,0,0,0,0,0,0,0,0,0,0,0,0,0,0,0,85,412,1,0,0,0,0,18,0,1,0,0,0,1,141,3,0,0,0,0,0,0,0,0,0,0,0,0,2,0,0,1,16,0,0,0,0,68,0,0,0,93,0,44,0,0,0,0,0,0,0,0,0,79,0,0,565,0,0,0,0,0,1,0,0,0,0,1,0,0,0,0,0,0,0,19,0,27,17,1,0,0,0,5,0,0,1,0,1,0,0,0,1,0,91,127,0,0,0,0,0,10,3144,2,0,410,0,0,0,0,1,8,0,0,0,0,0,22,0,1,0,0,252,0
"651",0,0,0,0,4,0,1,20,0,0,3,0,0,291,4,0,3,0,0,0,18,42,0,2,0,814,0,0,7,2,63,0,0,46,0,0,4,8,4,0,0,0,0,10,0,96,0,3,0,1,0,0,0,0,3,0,0,1,0,3,0,0,0,0,0,0,34,0,0,0,15,1,0,6,0,0,0,0,0,12,0,0,8,0,18,0,2,0,0,68,0,5,0,0,7,0,0,0,16,0,0,0,0,0,13,0,95,1799,1,0,0,0,0,619,2,6,0,89,106,2,0,22,0,0,82,0,0,0,0,0,1,7,0,0,0,0,12,0,0,0,8,0,0,0,0,0,6,2,0,0,15,1,0,0,0,0,13,0,0,8,0,0,0,158,0,0,0,0,0,0,9,0,0,0,1,0,0,160,300,0,0,7,0,0,5,0,0,1,0,1,0,41,0,0,1,0,0,0,1,1,0,0,0,0,0,65,7,0,12,1,2,27,0,5,39,0,412,37,6,0,0,0,0,0,0,6,0,0,86,0,112,0,0,1050,0,0,0,0,0,0,1,0,0,0,0,45,28,0,1,0,0,6,0,0,16,19,0,0,1,1,0,0,0,7,0,0,0,0,0,11,0,2,94,0,10,0,0,0,3,2261,0,0,53,0,0,0,0,0,0,21,0,0,0,0,29,0,7,0,0,34,19
"652",60,0,0,0,234,11,0,0,26,4,0,0,37,0,145,0,0,0,0,0,0,13,0,2,0,268,47,6,2,43,0,0,0,0,0,0,47,0,0,0,0,144,0,0,0,87,0,5,0,0,17,0,1,0,5,22,1,166,0,0,0,0,0,0,0,0,422,1,1,0,118,0,51,0,1,186,19,0,0,54,0,5,1,0,59,1,1,1,0,0,9,10,2,0,0,0,31,0,33,117,0,699,0,34,23,15,0,0,1,0,0,69,18,0,57,0,9,0,31,3,0,0,0,0,0,0,1,0,0,0,0,317,0,8,0,0,14,1,70,0,2,0,0,12,0,0,0,51,2,0,0,0,0,0,9,0,2,10,0,0,0,6,0,0,0,3,0,0,1,13,0,0,90,0,0,0,11,52,0,0,0,0,0,0,1,0,0,0,0,1,1,71,5,0,0,0,0,0,0,0,0,0,0,10,0,16,0,0,0,0,2,0,0,0,0,0,0,52,8,0,0,0,0,0,1,0,0,0,0,0,0,0,4,711,0,0,0,0,0,149,0,0,0,0,1,0,0,0,29,1,0,0,0,0,3,134,3,0,0,76,0,0,0,12,7,0,0,0,27,130,0,0,661,0,0,0,0,0,1,2389,0,0,1,0,0,0,0,1,135,11,0,0,0,0,9,0,5,0,0,22,0
"653",24,7,0,0,26,0,21,0,60,0,0,0,47,0,114,0,0,0,0,0,0,39,9,0,0,1008,0,0,0,7,1,0,0,119,4,0,16,111,0,0,0,28,0,0,0,166,0,0,0,0,0,3,0,0,0,57,0,0,0,0,0,0,0,0,0,0,12,0,54,0,82,0,0,0,349,0,0,0,0,0,0,3,0,0,0,0,243,0,0,0,0,4,0,0,0,16,0,36,0,210,0,0,0,16,0,0,226,1351,0,0,0,38,9,0,50,0,165,0,0,0,4,52,0,0,0,0,0,13,0,0,0,0,0,0,0,151,0,1,0,0,0,0,0,0,0,495,0,0,0,8,0,0,0,0,0,0,39,0,0,41,13,22,0,0,0,0,0,0,0,0,0,0,77,0,17,0,0,0,0,0,0,0,0,0,0,0,0,0,0,0,1,0,4,0,0,0,10,0,0,0,0,54,0,0,214,0,0,0,0,6,0,0,0,0,0,0,0,0,0,0,27,0,0,0,0,0,0,0,0,0,364,0,5,71,1,0,0,25,0,29,0,0,58,0,1,4,0,0,0,0,0,0,0,0,0,0,0,0,0,0,0,0,0,0,1,0,0,0,0,4,0,0,83,0,0,0,0,4,0,3229,0,0,164,0,0,0,0,0,30,0,0,8,0,0,0,0,7,0,0,0,0
"654",0,0,0,0,0,0,10,0,0,0,0,0,0,0,56,2,20,0,0,0,217,10,0,0,0,58,0,0,60,0,0,0,0,0,0,0,3,0,0,0,0,0,0,0,0,179,0,0,0,0,0,0,0,0,38,4,0,0,0,5,0,53,0,0,0,3,101,0,0,418,0,0,0,0,0,0,0,0,0,3,0,0,112,0,80,0,0,0,0,224,0,0,41,0,0,0,301,0,0,0,0,0,0,0,0,0,0,760,1,0,0,0,0,0,0,0,0,0,141,0,0,0,0,0,86,0,0,0,0,0,0,932,0,0,1,0,0,0,0,0,31,0,0,0,0,0,0,52,0,0,22,0,0,0,23,0,21,0,0,82,0,0,0,281,0,0,0,0,0,0,0,0,1,0,0,0,0,1,0,0,1,0,0,1,3,0,1,0,0,18,0,423,0,0,2,0,0,0,2,0,0,0,0,0,0,239,0,0,0,0,0,0,0,0,27,0,0,27,0,0,26,7,0,0,0,3,5,0,0,0,166,0,0,1301,3,0,0,0,2,1,1,0,0,1,5,9,0,0,4,0,163,0,0,0,40,11,0,0,1,10,2,0,0,4,0,0,0,0,0,2,5,48,21,0,0,0,0,0,0,2192,0,0,48,0,0,0,0,0,1,10,0,0,0,0,0,0,0,0,0,48,0
"655",0,0,3,1,0,0,9,0,0,0,0,0,0,0,1,0,53,0,0,0,0,0,0,3,0,3100,0,0,30,11,334,0,0,313,0,0,3,0,0,0,0,0,0,0,0,0,0,0,0,0,0,0,0,3,0,1,0,1,0,1,0,0,0,0,0,0,13,0,0,58,14,0,0,3,0,0,0,0,0,0,0,0,0,0,0,6,0,0,0,45,0,224,0,0,0,1,0,0,0,0,1,7,2,0,0,0,0,145,1,0,1,0,8,0,2,2,0,2,168,2,0,41,0,0,0,17,0,0,0,0,0,0,0,8,1,0,1,0,0,0,13,0,42,1,0,0,6,4,0,0,20,56,92,0,1,0,2,0,0,70,2,0,0,0,0,0,0,0,0,10,0,1,0,1,1,0,0,0,53,0,0,0,0,1,64,0,8,0,0,0,0,14,12,3,1,0,0,0,1,0,0,3,0,0,0,13,3,0,13,1,0,0,0,0,0,1,0,0,0,0,0,1,9,1,0,1,0,0,6,0,0,0,0,153,0,0,1,1,0,169,0,0,0,0,2,1,0,0,2,0,0,0,0,0,0,2,2,0,16,2,1,0,0,2,0,1,0,0,0,5,0,0,914,0,9,0,0,0,0,2914,0,0,0,0,0,0,0,0,0,0,0,0,0,0,1,1,1,0,0,81,0
"656",0,1,0,0,0,0,1,35,0,0,2,0,0,105,6,0,0,0,0,0,7,16,0,2,0,1368,1,0,101,40,28,0,0,0,0,0,3,109,1,0,1,1,0,20,0,130,0,1,0,1,4,0,1,0,27,4,0,0,0,348,0,39,1,3,0,0,109,0,3,0,12,1,5,2,0,1,0,0,0,132,0,19,166,0,565,26,4,0,0,5,0,23,2,7,0,0,0,0,4,0,1,0,0,9,4,0,0,885,2,0,0,0,0,29,1,0,81,1,160,0,0,0,0,0,0,0,0,0,0,0,4,66,0,12,0,0,99,2,0,0,41,0,0,1,77,0,45,2,0,0,1,1,0,0,1,0,0,2,0,1,0,4,1,0,0,1,6,0,0,0,6,0,1470,0,0,0,2,53,523,16,0,0,0,1,25,0,0,0,0,5,0,43,1,0,16,0,0,0,0,0,0,1,0,280,0,113,7,0,8,1,0,0,0,0,34,0,93,79,31,0,36,21,2,0,0,0,0,0,2,6,42,1,2,27,0,0,17,0,0,639,1,0,0,0,0,0,0,0,1,0,0,1,15,0,9,43,5,0,3,3,0,0,0,12,2,0,13,0,113,163,5,1,2,0,0,0,23,2,7,514,0,0,12,0,0,0,0,0,27,41,0,0,0,0,1,3,86,0,0,39,0
"657",0,40,0,0,24,0,1,0,0,0,0,0,0,0,0,0,0,0,0,0,0,0,8,0,0,1,50,0,104,42,0,0,0,38,0,3,0,65,0,0,3,0,0,0,0,28,0,5,0,0,0,0,0,0,0,21,0,0,0,0,0,0,0,0,0,0,0,0,22,0,0,0,0,0,0,71,0,0,0,1,0,29,3,0,0,0,0,15,0,0,3422,0,0,0,0,0,0,43,0,0,0,22,0,4,0,0,0,6,1,1,8,126,0,0,72,0,66,1,0,0,0,0,0,0,70,116,0,0,0,0,38,0,0,0,3,0,0,0,0,0,0,0,66,0,2,0,0,24,0,0,0,0,0,0,0,0,0,0,0,0,10,0,0,0,0,0,0,0,0,179,0,0,1,0,0,0,0,0,0,0,0,0,0,0,1,0,2,0,0,27,0,33,0,0,0,0,0,0,0,0,26,0,0,0,3372,0,0,0,0,10,4,0,0,0,0,0,0,0,1,0,0,5,0,0,0,0,146,0,0,0,0,0,0,7,0,0,0,0,0,21,1,0,0,0,0,0,1,0,2,0,0,0,0,0,0,0,0,0,16,0,0,0,0,1,0,0,0,0,17,130,12,0,556,0,0,0,0,0,0,1,0,0,10,0,0,0,56,0,0,32,0,0,0,0,0,0,0,0,0,0,0
"658",47,2,0,0,215,0,4,0,0,0,0,0,15,0,7,0,0,0,0,0,0,0,7,3,0,4575,0,0,31,13,0,0,0,62,0,0,6,0,0,3,0,37,0,0,0,0,0,0,7,0,0,0,0,0,1,0,0,61,0,0,0,0,0,0,0,0,0,0,0,0,0,0,0,0,0,5,0,0,0,0,0,0,0,0,0,1,1771,0,0,72,0,0,1,0,0,0,0,97,0,665,0,401,0,0,0,0,0,143,1,0,0,0,0,0,29,0,10,0,31,0,0,0,0,36,166,7,0,0,0,0,0,0,0,0,0,0,3,0,0,0,25,0,132,0,1,61,0,4,0,0,0,0,0,0,1,0,0,0,0,0,0,0,0,0,0,0,0,2,0,0,0,0,0,0,0,0,0,0,0,0,0,0,0,0,0,0,0,0,0,7,0,16,12,0,0,1,0,0,0,0,0,0,1,0,0,0,16,3,0,1,68,0,0,0,0,0,0,0,1,0,0,0,0,0,0,0,0,0,0,0,0,0,0,0,0,0,0,0,0,43,16,0,0,3,0,10,0,0,1,0,0,0,0,1,0,0,0,0,0,0,0,0,0,0,0,0,0,0,0,21,0,0,161,0,0,0,0,0,0,6,0,3,108,0,0,1,0,4,0,0,0,0,0,0,36,0,56,0,0,0,0
"659",0,0,0,0,0,0,0,0,0,8,2,1,0,0,65,0,0,0,0,0,0,17,1,0,0,3460,6,0,3,11,0,0,0,14,0,0,28,1,0,0,0,0,0,59,0,66,0,1,0,0,0,0,0,0,5,1,0,0,0,45,2,0,0,0,0,0,0,0,0,103,0,1,2,174,0,0,0,0,1,39,0,0,2,3,0,1,0,0,0,38,0,3,0,0,0,1,0,0,75,0,2,0,2,2,0,24,52,3,112,59,0,0,0,0,2,0,4,1,2,0,0,34,0,0,34,270,0,9,0,0,6,583,0,0,1,0,11,0,0,0,59,0,0,1,0,2,3,5,0,17,0,0,0,0,2,0,1,1,0,109,0,0,1,96,0,0,0,0,0,0,13,0,1,0,0,0,0,0,5,0,47,0,0,0,1,0,0,0,0,3,0,19,0,0,1,0,0,0,2,0,0,0,0,15,0,8,11,0,0,4,49,0,7,11,12,3,0,0,1,9,1,52,0,0,0,0,1,0,58,0,79,18,0,58,0,13,0,1,2,1,3,0,0,3,0,12,0,0,2,0,50,4,19,0,2,1,0,1,8,7,0,13,0,1,0,0,0,0,2,49,0,2,646,0,0,0,0,0,4,1445,0,0,11,0,0,0,1,0,145,18,0,0,0,0,96,36,3,4,0,13,0
"660",59,0,0,131,31,0,0,0,0,0,0,0,91,0,1,0,0,0,0,0,0,0,0,6,0,3778,0,0,14,9,1,0,0,54,0,0,11,3,0,0,0,102,0,0,0,21,0,0,0,0,0,0,0,0,0,27,0,29,19,10,0,0,67,0,0,0,0,0,4,0,0,0,0,0,0,0,0,0,0,1,0,36,1,0,0,0,286,0,0,0,0,8,1,0,0,12,0,43,0,0,0,45,0,0,0,16,0,188,0,539,0,0,51,0,32,0,0,11,234,0,0,230,0,0,26,0,0,0,0,0,0,0,0,1,0,3,14,0,0,0,55,0,0,96,0,26,0,81,0,0,19,0,42,10,293,0,0,0,0,65,0,0,0,0,0,0,0,0,0,0,0,0,0,0,0,0,0,0,0,1,0,0,0,0,14,0,0,0,0,24,18,169,4,0,0,0,0,0,0,0,0,0,0,0,0,4,6,0,0,1,0,0,0,0,0,0,0,0,355,0,0,0,0,0,0,0,0,0,0,0,0,3,0,329,0,0,0,0,0,184,0,0,0,0,5,0,0,0,0,0,0,0,0,0,29,25,18,0,0,0,0,0,0,18,12,0,0,0,6,33,0,0,527,0,0,0,0,0,0,344,0,0,364,0,0,3,0,0,143,0,0,0,0,3,36,51,0,0,0,320,0
"661",151,0,0,0,65,0,1,0,17,0,0,0,48,1,1,0,118,0,0,0,0,55,0,0,0,47,61,0,5,43,0,0,0,78,0,0,0,0,0,0,8,0,0,0,0,0,0,0,0,0,0,10,0,0,98,119,0,22,11,9,0,0,14,0,338,0,624,39,0,0,52,0,0,6,0,1,10,0,0,114,0,0,0,0,1,27,0,0,0,287,0,25,11,0,0,0,0,40,0,675,0,51,0,0,0,0,0,0,1,0,9,6,0,0,26,21,210,5,5,2,6,0,84,0,0,22,0,0,0,0,0,1,0,0,0,0,1,0,0,0,4,1,80,8,0,7,321,8,0,0,0,0,0,0,2,0,37,1,0,0,0,0,0,0,0,0,0,0,9,0,0,0,1,0,0,0,0,0,0,0,0,0,0,1,48,7,0,0,0,17,0,125,0,0,0,0,0,0,0,0,0,1,0,71,0,0,0,46,0,0,0,0,5,0,0,0,117,0,0,0,0,0,0,110,1,0,0,0,81,0,0,0,0,811,0,0,0,0,0,124,0,0,0,0,3,0,0,0,2,0,0,0,0,0,0,198,14,0,0,0,0,0,0,6,0,0,0,0,338,1108,0,0,51,0,1,0,7,0,0,179,0,0,759,0,0,0,0,0,0,183,0,0,0,0,35,0,134,0,0,96,0
"662",0,0,0,0,62,0,1,0,673,0,0,0,63,0,37,1,0,0,0,0,0,16,0,0,0,1063,0,0,5,204,0,0,0,24,0,0,0,0,0,0,0,0,0,0,0,128,0,0,0,0,0,8,0,0,0,31,0,0,0,0,0,0,0,0,0,0,0,0,0,22,44,4,5,0,0,0,0,2,0,0,0,0,0,0,0,3,0,0,0,63,0,5,0,0,0,0,0,24,18,1005,0,116,0,0,6,0,0,259,0,0,0,0,0,33,82,0,25,0,21,0,6,0,0,1,297,0,37,0,0,0,6,23,0,0,0,0,0,0,5,0,1,0,120,0,0,0,0,13,0,0,0,0,0,0,0,0,0,0,0,20,0,0,0,3,0,0,7,0,0,0,0,0,0,0,0,0,0,40,315,0,0,0,8,0,0,0,0,0,0,0,9,60,0,6,0,0,0,0,0,0,0,0,97,147,154,3,0,0,7,7,0,0,0,0,0,0,78,0,114,0,0,0,0,0,0,0,0,0,0,0,0,0,0,796,0,0,0,0,0,0,0,0,0,0,0,0,0,0,0,0,106,1,14,0,9,11,0,0,0,0,0,0,0,7,0,0,0,0,0,53,0,0,422,0,0,0,0,0,0,2573,0,0,425,0,0,0,0,38,0,31,0,0,0,0,19,0,18,0,0,16,0
"663",0,1,1,0,0,0,1,0,0,0,0,0,1,284,4,0,0,0,0,0,0,43,0,0,0,721,0,0,80,0,0,0,0,0,4,0,0,0,0,0,1,0,0,0,0,150,0,0,0,0,24,0,0,0,0,0,0,0,0,352,0,138,0,0,0,0,48,0,0,41,107,0,0,0,294,0,0,0,0,738,0,0,0,0,146,1,0,0,0,0,0,0,0,0,0,0,0,0,0,0,0,1,0,0,0,0,0,21,1,0,5,0,0,229,0,0,1,0,33,10,0,0,0,0,0,0,1,0,0,0,0,1271,0,0,0,56,0,0,0,0,1,0,0,0,0,0,6,0,0,0,0,0,0,0,0,0,0,0,0,100,0,2,0,0,0,2,0,0,0,4,0,0,934,0,0,0,0,193,35,0,0,0,0,1,0,0,0,0,24,1,0,0,0,0,49,0,0,0,1,688,0,1,0,0,0,17,0,0,0,0,1,0,0,0,0,0,302,0,0,0,0,0,0,0,0,0,0,0,0,0,163,0,0,131,0,0,3,0,0,1,0,0,1,0,0,0,0,0,1,0,0,11,0,0,0,2,49,0,4,0,31,0,0,9,1,0,0,20,0,1,8,0,9,0,0,0,0,0,0,1850,0,0,0,0,0,0,0,0,66,43,0,0,0,0,0,0,3,0,0,36,0
"664",0,0,0,0,0,0,0,0,0,0,0,0,0,0,18,2,0,0,0,0,0,0,0,1,0,3334,0,0,2,9,213,0,0,174,0,0,107,6,0,0,0,0,0,32,0,29,0,0,0,0,0,0,0,0,0,0,0,0,0,239,0,0,0,0,0,0,45,0,0,0,0,0,0,0,0,0,0,0,0,0,0,0,87,0,0,0,91,0,0,0,0,17,0,0,0,0,0,0,0,0,0,0,11,0,0,0,1,267,0,0,0,0,7,0,1,0,0,1,103,0,0,0,0,43,0,0,0,0,0,0,0,0,0,0,0,0,11,0,0,0,1,0,0,1,0,0,0,0,0,0,0,0,0,0,0,0,0,0,0,0,11,0,0,0,0,0,0,0,0,0,0,0,0,0,0,0,0,0,194,0,0,0,0,0,0,0,1,0,0,1,0,230,0,0,0,0,0,0,0,0,0,1,0,0,0,23,0,0,19,1,0,0,0,0,0,0,0,0,1,0,18,0,0,0,0,0,0,0,68,0,0,0,0,587,0,0,0,2,0,29,1,0,0,0,3,0,0,0,1,0,155,0,0,0,0,7,0,0,0,0,1,0,0,0,2,0,0,0,0,1077,0,0,32,0,6,0,0,0,0,2410,0,0,187,0,0,1,0,0,0,0,0,0,0,0,45,0,37,0,0,0,0
"665",25,0,0,2,240,0,16,0,0,0,0,0,12,0,2,0,98,0,0,0,0,0,0,0,0,516,0,0,0,6,111,0,0,371,0,0,2,377,0,0,13,0,0,0,0,0,0,5,0,0,0,0,7,0,0,21,0,0,0,8,0,0,285,0,0,0,0,0,0,0,0,0,10,0,0,0,0,0,1,10,0,0,56,0,0,1,0,0,0,0,0,2,21,0,0,17,0,43,0,297,0,114,0,0,0,0,0,20,0,1,19,0,0,0,28,0,0,3,95,0,4,0,0,0,0,54,0,0,0,0,0,0,0,15,1,0,1,0,0,0,0,0,0,3,0,61,26,0,0,0,0,0,0,0,0,0,19,9,0,0,0,0,0,0,0,0,1,0,0,0,17,0,0,0,0,0,0,0,0,0,0,0,0,0,0,0,0,0,0,1,0,14,0,0,1,0,0,0,0,0,0,1,0,1,560,35,0,0,22,88,5,0,0,0,0,0,0,0,47,0,0,0,0,0,0,0,0,0,0,0,0,0,0,1326,0,0,0,2,0,12,0,0,0,0,1,367,0,0,16,0,0,0,7,0,1,27,2,0,0,0,0,0,0,17,0,0,0,0,24,5,0,0,715,0,0,0,0,0,0,1960,0,0,367,0,0,0,0,0,0,55,0,0,0,0,0,0,28,0,0,323,0
"666",18,0,0,1,164,7,0,0,24,0,0,0,0,0,32,0,0,0,0,3,34,8,10,0,3,1,0,0,47,0,1,312,0,7,0,0,16,0,0,0,3,13,0,0,0,2,0,4,0,0,0,3,0,0,0,47,0,0,1,38,0,0,0,0,34,0,0,0,0,0,7,0,3,11,1,0,0,0,0,26,0,0,0,0,156,0,0,0,0,0,14,0,0,0,34,1,0,69,5,172,6,0,0,0,0,1,0,3334,1,9,0,20,0,0,14,0,0,0,0,2,4,43,0,0,0,66,1,0,0,1,2,120,0,0,0,0,0,0,0,6,0,0,40,0,0,485,0,14,0,0,0,0,0,0,0,0,0,0,0,5,0,14,3,539,0,0,0,0,0,0,4,0,1,0,0,0,0,0,18,0,0,0,0,1,1,0,0,0,0,2,0,1,0,0,0,0,0,0,1,0,0,1,0,149,0,59,0,0,0,59,0,0,0,0,0,0,103,0,0,7,0,0,0,0,0,0,0,0,0,0,86,0,0,2354,0,0,0,0,0,0,1,0,0,0,0,0,0,0,1,0,243,0,5,0,0,0,7,0,1,3,0,0,0,2,0,0,0,2,0,88,0,9,749,0,0,0,0,4,9,121,0,0,3,0,0,0,0,0,12,6,0,0,0,0,130,0,0,0,0,39,0
"667",0,0,0,0,0,0,79,0,0,0,0,0,12,0,2,4,0,0,0,2,82,122,0,0,0,1348,0,10,417,26,0,0,3,0,0,0,11,418,0,0,0,0,0,0,0,0,0,0,0,0,0,0,0,0,149,0,0,0,0,0,0,0,0,0,0,0,0,0,0,0,0,0,0,16,0,303,0,0,0,0,0,0,0,0,155,3,0,0,0,0,0,296,8,0,0,0,7,0,41,0,0,0,2,0,0,0,0,130,1,0,13,1,0,0,25,0,6,0,35,0,0,0,0,0,181,0,0,0,0,0,189,169,0,0,0,0,1,0,0,0,25,3,0,2,0,0,25,14,3,0,4,0,0,0,0,0,12,0,0,0,0,0,0,0,0,3,0,0,0,1,0,0,0,0,0,0,0,0,0,0,0,0,0,43,62,0,0,31,167,91,0,22,0,0,217,1,0,0,2,0,17,0,0,0,0,477,0,0,0,0,0,0,0,8,0,0,0,0,206,0,0,0,0,0,0,0,1,0,0,0,221,0,0,903,23,0,0,0,0,2,35,0,0,0,0,0,0,0,115,0,0,0,60,0,25,19,9,0,107,0,4,0,0,0,0,2,0,0,0,7,0,113,42,4,0,0,0,0,116,562,0,0,0,0,0,0,0,0,207,0,0,0,0,0,59,0,0,0,0,270,0
"668",138,0,0,0,60,0,2,0,30,0,0,2,0,0,54,0,0,0,0,0,84,47,0,36,0,1081,55,0,20,0,3,0,0,47,0,0,11,82,0,0,0,115,0,47,0,38,86,66,0,0,2,0,0,0,222,68,0,42,0,398,0,0,0,0,312,0,7,1,0,0,168,0,0,0,0,0,0,0,0,133,0,7,1,0,46,0,0,0,0,63,7,48,18,0,0,1,0,38,27,216,0,0,0,0,7,2,68,5,1,0,0,17,0,0,22,0,0,29,58,19,0,0,0,0,158,0,1,0,0,1,1,19,0,13,0,21,1343,0,0,0,8,0,0,0,0,2,0,6,0,0,1,0,0,3,1,0,0,0,0,40,0,18,0,115,0,2,0,0,0,0,17,0,0,0,0,0,0,13,167,12,0,0,0,0,1,0,0,0,0,1,0,36,1,0,1,0,0,3,0,0,0,0,0,1,0,46,0,0,0,2,0,0,0,0,0,0,111,0,85,0,16,26,0,4,0,0,0,0,0,0,140,0,0,103,0,0,1,0,0,34,1,0,634,0,0,0,0,76,6,0,206,1,5,0,9,2,18,7,0,0,2,0,0,0,0,0,0,64,39,9,0,15,59,0,0,3,0,5,3,213,0,93,352,0,0,0,0,1,34,11,0,0,0,0,74,96,11,0,0,76,0
"669",31,0,0,0,0,0,1,0,0,0,0,0,0,0,3,0,5,0,0,0,0,53,0,0,0,1376,0,0,5,0,0,0,0,0,0,0,0,336,0,0,0,0,0,0,0,0,0,0,3,0,0,0,0,0,0,0,0,0,0,0,0,0,1,0,0,0,930,0,43,0,0,0,0,0,0,0,0,0,1,0,0,0,0,0,0,3,0,0,4,0,0,9,0,0,0,0,0,0,0,0,0,0,0,0,0,0,0,695,0,0,0,0,0,0,0,0,0,0,170,0,0,0,0,0,0,0,207,0,0,0,0,0,0,0,0,0,1,0,0,0,45,0,0,0,0,0,0,0,0,1,19,0,0,0,0,0,98,0,0,0,0,0,0,1,0,0,0,0,0,1,3,0,0,3,0,0,0,0,0,0,0,0,0,0,0,27,0,0,0,0,34,0,2,0,0,0,0,0,0,0,0,140,0,1331,0,40,0,0,0,6,20,0,0,0,17,0,0,63,0,0,0,0,0,0,0,0,0,0,0,0,0,0,0,226,0,0,0,0,1,0,0,0,0,0,53,45,0,8,0,0,0,0,0,0,42,20,0,0,0,0,9,0,0,4,0,0,0,0,0,7,0,0,180,0,0,0,0,0,0,3432,0,0,0,0,0,0,0,0,0,0,0,0,0,0,0,0,0,0,0,0,0
"670",0,0,0,0,0,0,1,2,0,0,0,0,0,2,6,0,0,0,0,0,61,1,0,2,0,4567,1,0,3,0,0,0,0,50,0,0,0,0,0,0,1,0,0,8,0,58,0,0,0,0,0,0,0,0,0,0,0,0,0,11,0,7,0,0,5,0,84,0,1,4,0,1,1,6,0,0,0,0,0,56,0,0,0,0,15,3,0,0,0,0,8,0,2,0,0,0,0,0,32,0,0,0,0,16,0,1,0,1803,1,0,0,0,0,319,11,0,0,1,38,10,0,0,0,0,117,14,0,0,0,0,0,88,0,0,0,0,0,0,0,0,1,0,0,1,0,0,0,2,0,0,0,0,0,0,0,0,0,0,0,10,0,0,3,95,0,4,0,0,0,0,0,0,1,0,0,0,0,0,149,8,0,0,0,0,0,0,0,0,0,1,0,41,0,1,0,0,0,0,0,0,546,0,0,5,1,16,0,0,0,1,0,0,0,0,0,0,81,0,1,6,0,0,0,0,0,0,1,0,0,0,16,1,0,19,0,0,0,0,0,3,0,77,0,0,0,0,0,0,1,0,170,0,0,0,0,0,0,0,109,0,0,0,0,2,1,0,0,0,0,1,0,0,1,0,0,0,0,0,2,1307,0,0,72,0,0,0,0,0,0,0,0,0,0,0,3,0,1,0,0,7,0
"671",0,0,0,0,112,0,0,0,2757,0,0,0,0,36,0,0,0,0,0,0,36,37,5,0,0,30,15,0,0,0,319,0,0,3,0,0,0,45,0,0,0,8,110,16,0,0,0,17,21,0,0,4,0,0,33,13,0,0,0,0,0,0,0,0,6,0,0,0,3,71,50,0,0,3,0,0,0,0,0,26,0,0,6,4,22,0,0,0,0,33,0,0,0,2,0,0,0,23,15,55,1,0,0,28,10,0,141,1900,1,3,0,60,0,0,10,0,0,1,7,0,0,9,0,0,0,3,54,0,0,0,35,1,0,0,0,0,0,0,0,0,0,0,0,0,27,0,0,8,0,0,0,0,0,0,1,0,6,1,4,1,8,0,0,65,0,0,0,0,0,0,0,0,0,0,0,6,0,0,37,0,0,0,0,0,1,0,0,0,0,1,0,5,0,0,0,0,0,0,0,0,0,0,852,74,1080,0,0,0,0,0,0,73,1,0,0,0,32,164,0,6,32,34,0,0,0,0,1,0,22,0,3,0,0,71,0,0,0,0,0,0,1,0,0,0,0,19,0,0,1,0,0,6,17,0,9,0,0,3,5,0,0,0,0,7,0,0,0,0,7,102,0,66,48,0,0,0,0,0,2,192,0,3,214,0,0,0,0,0,8,70,0,0,0,0,13,0,8,48,0,32,0
"672",0,1,0,0,0,0,1,1,0,0,0,0,0,0,12,0,0,0,0,1,1,1,0,38,0,1927,0,0,20,96,248,0,5,1,0,0,12,1,4,3,3,0,0,4,0,4,0,0,0,5,2,0,0,0,5,0,0,2,0,25,0,1,15,0,0,0,280,0,0,112,2,0,0,0,0,0,0,0,0,1,0,0,4,0,0,2,0,0,0,1,0,28,5,0,0,57,35,0,1,0,0,0,0,0,0,0,4,4352,1,0,11,1,0,1,3,0,2,3,42,0,0,14,0,0,87,0,62,17,0,0,6,1,0,0,0,0,1,0,0,0,814,0,0,5,0,0,12,0,0,7,0,0,0,0,1,0,0,0,26,8,0,0,0,1,0,3,0,56,0,0,0,0,0,0,0,0,0,1,9,0,0,0,0,1,0,0,0,0,0,9,0,44,0,0,0,0,0,0,0,0,0,0,0,1,0,129,0,0,18,21,0,0,0,0,0,0,19,0,261,0,23,0,0,0,0,0,0,0,1,0,1,2,0,27,0,0,0,0,0,5,0,0,0,0,0,0,0,0,14,0,2,0,13,0,3,42,0,0,0,12,0,0,1,14,0,1,0,0,21,744,0,0,222,0,1,0,0,0,2,1,0,0,14,0,0,0,0,0,0,0,0,0,0,0,1,0,4,0,0,14,0
"673",0,0,0,0,0,0,0,1,0,1,0,0,0,0,1,0,0,1,0,0,1,10,0,0,0,2898,0,0,0,5,24,0,0,125,3,0,4,0,0,0,0,0,0,0,0,247,0,0,0,0,3,0,0,0,9,0,0,0,0,56,0,6,0,0,0,0,114,0,0,0,7,0,0,5,0,0,0,0,0,17,0,13,684,0,1,0,4,0,0,12,0,4,18,0,9,0,0,0,28,0,0,0,0,0,1,0,1,364,0,0,0,0,0,9,0,0,0,0,9,0,0,0,0,1,369,36,0,0,0,0,7,1,0,215,0,0,1,0,0,0,0,0,0,0,0,0,0,0,0,0,1,1,0,5,0,0,0,0,0,111,0,0,0,3,0,0,0,0,0,0,1,0,0,0,0,0,0,4,45,0,0,0,0,0,3,0,0,0,0,0,0,69,0,0,0,0,0,0,0,0,0,0,0,329,0,1,1,0,1,0,0,0,6,0,1,0,0,5,0,1,4,6,0,0,0,1,0,0,25,0,86,0,0,1247,0,0,5,0,0,1,0,0,0,0,0,0,0,0,0,0,7,1,0,0,1,4,1,0,1,1,0,0,0,0,1,0,0,0,0,465,0,5,129,0,1,0,0,1,0,1651,0,0,101,0,0,0,0,0,23,28,0,0,0,0,18,0,12,0,0,20,0
"674",0,0,0,0,0,0,0,0,0,0,0,0,0,0,13,0,3,0,0,1,0,38,0,10,0,2265,0,0,126,18,0,0,0,526,0,0,0,0,0,0,0,0,0,0,0,317,0,0,0,0,0,0,0,0,72,0,0,0,0,0,0,0,0,0,0,0,12,0,0,0,0,0,0,0,0,0,0,0,0,30,0,0,0,0,0,136,0,1,0,0,238,5,4,0,0,2,0,0,0,0,0,8,0,0,0,0,0,182,0,0,0,0,0,0,0,0,0,0,48,0,0,0,0,0,8,0,0,0,0,0,0,0,0,0,0,0,9,0,0,0,1,0,0,0,0,0,0,0,0,0,0,0,0,0,4,0,1,0,0,0,0,0,0,0,0,0,0,0,0,0,0,0,0,0,0,0,0,321,0,0,0,0,0,62,0,0,0,0,0,0,0,5,3,0,0,0,0,0,0,0,0,0,0,0,0,2,0,0,18,0,0,0,0,0,7,0,0,0,3,0,94,0,0,0,0,0,0,0,0,0,0,0,0,379,0,0,0,0,0,35,0,0,0,0,3,0,0,0,0,0,0,0,0,0,65,1,5,0,9,9,4,0,0,0,0,0,0,0,0,0,0,0,368,0,0,0,0,0,0,3442,0,12,228,0,0,0,0,0,24,0,0,0,0,0,132,0,3,0,0,465,0
"675",0,9,1,0,0,0,54,0,0,0,5,0,0,0,1,0,9,0,0,0,0,0,0,0,0,3155,1,0,3,7,228,0,0,58,9,0,285,0,0,0,0,0,0,0,0,0,0,0,0,0,0,0,0,0,62,0,0,0,0,0,0,0,0,1,0,0,30,0,0,0,0,0,1,0,0,0,0,0,0,0,0,0,204,0,0,1,169,0,0,28,0,0,3,0,0,0,0,0,0,0,0,1,0,1,0,0,0,416,0,0,0,0,0,21,0,0,0,0,79,0,0,0,0,0,18,0,0,0,0,0,6,0,0,0,0,0,4,0,0,0,1,0,0,0,0,0,12,0,0,0,13,0,0,0,0,0,0,0,0,0,0,0,0,0,0,1,0,0,0,0,1,0,1,0,0,0,0,0,0,0,0,0,0,0,37,0,0,0,0,0,0,0,1,0,150,0,0,0,0,0,0,0,0,41,0,1,4,0,1,6,0,0,0,0,0,3,0,64,29,0,144,8,0,0,0,35,376,0,36,0,0,0,0,63,0,0,13,4,1,1,0,0,0,0,3,0,0,0,0,0,0,0,0,0,0,6,0,0,0,42,0,0,0,1,1,0,0,0,7,1,0,0,66,0,0,0,0,0,0,3249,0,0,327,0,0,1,0,0,0,36,0,0,0,0,75,0,6,0,0,167,0
"676",90,0,0,0,0,8,1,43,60,0,0,0,0,452,4,0,0,0,0,0,0,22,22,4,0,118,0,0,15,63,32,0,0,19,0,0,1,0,1,0,0,56,0,0,0,128,0,19,18,0,14,0,0,0,0,81,0,21,0,252,0,103,8,0,80,0,366,0,0,0,183,0,7,273,0,0,0,0,0,396,0,0,163,0,441,1,73,0,0,83,0,4,1,0,0,2,0,0,16,195,0,0,0,0,0,0,210,963,0,0,0,0,0,681,71,0,0,1,169,0,9,0,0,1,1,39,0,0,0,0,0,221,0,1,0,2,1,0,0,0,5,0,0,0,0,4,0,61,0,9,14,0,0,5,0,0,0,1,0,3,0,0,0,0,0,0,0,3,0,0,31,0,7,0,0,0,0,127,111,0,0,0,0,0,0,0,0,0,0,0,0,303,1,0,0,0,0,0,0,0,0,0,0,0,218,88,0,0,1,1,9,0,0,0,3,0,187,0,154,0,2,37,0,0,0,0,0,0,51,0,219,0,0,11,0,0,0,0,0,0,0,0,0,0,0,2,0,0,0,0,0,3,42,0,65,7,8,0,0,18,17,0,0,8,0,1,0,0,42,276,0,0,14,0,0,0,0,0,3,912,0,0,88,2,0,0,0,0,0,63,0,0,0,0,1,0,28,0,0,12,0
"677",37,10,0,0,52,4,0,0,2732,0,0,0,0,0,55,0,0,0,0,0,0,16,0,0,0,184,19,0,2,4,1,0,0,7,62,0,10,4,0,0,0,87,0,0,0,69,0,14,0,0,0,0,0,0,0,17,0,0,0,100,0,0,0,326,0,0,0,0,0,0,191,0,19,0,0,44,0,0,0,121,0,29,110,0,0,0,1,0,0,0,0,6,0,0,0,0,0,0,0,84,0,0,5,0,0,0,200,3,1,0,0,0,0,0,0,0,5,1,3,125,0,0,0,0,75,488,0,0,0,0,0,0,2,0,2,0,1,0,0,0,2,1,0,1,0,39,0,34,0,0,0,0,0,33,1,0,20,0,0,0,0,7,0,0,0,2,0,0,0,4,9,0,0,0,0,0,0,507,0,4,0,0,0,0,0,0,1,0,0,7,0,170,0,0,48,0,0,0,1,4,0,1,0,0,0,0,0,0,12,0,1,0,0,0,0,0,0,205,0,0,0,0,0,0,0,0,96,0,0,0,251,0,0,351,0,0,0,0,5,1,2,0,18,0,2,0,0,0,1,0,0,0,19,0,28,7,0,0,1,157,0,0,0,3,1,0,0,0,70,77,0,0,52,0,0,0,0,0,0,844,0,0,87,0,0,0,0,0,0,57,0,0,0,0,147,0,9,0,0,0,0
"678",15,0,0,0,237,0,0,0,1324,0,0,0,0,119,0,0,0,0,0,0,0,0,41,0,0,1194,85,0,17,0,215,0,0,36,0,0,0,320,0,0,5,23,0,0,0,0,0,0,5,0,0,0,0,0,0,0,0,0,12,18,0,0,0,0,11,0,46,0,0,0,0,0,0,0,0,0,0,0,0,0,0,0,0,0,0,0,0,0,0,0,0,0,0,0,0,0,0,176,0,390,16,0,0,0,0,4,1,89,0,38,0,0,0,1,47,0,0,11,21,15,0,119,243,1,0,7,0,0,0,0,0,1,0,0,0,251,1,0,0,0,1,0,0,0,0,10,0,21,0,0,0,4,0,0,0,0,0,0,0,57,0,0,0,0,0,0,0,0,0,0,0,0,0,0,0,0,0,0,159,0,0,0,0,0,0,0,0,0,0,0,0,96,0,0,0,0,0,0,0,0,0,0,0,0,0,0,0,0,0,0,0,0,0,0,14,0,19,0,17,0,0,0,0,16,0,0,0,0,0,0,0,0,0,1,0,0,0,0,0,147,0,0,376,0,0,0,0,0,0,0,0,0,0,0,0,0,0,0,0,0,0,0,0,3,0,0,0,122,473,1701,0,0,750,15,0,0,0,3,0,647,0,0,825,0,0,0,0,0,0,0,0,0,0,0,0,0,6,0,0,0,0
"679",7,2,0,0,140,0,1,45,48,3,0,2,30,572,47,0,0,0,0,0,74,81,21,1,1,767,10,0,8,25,0,0,2,20,3,0,0,15,0,0,3,51,0,51,4,207,0,5,0,0,0,0,0,0,15,10,0,19,0,0,0,87,0,0,0,123,240,0,4,0,47,0,3,15,14,0,0,0,0,36,165,5,1,0,58,8,0,0,0,156,0,9,1,0,0,0,0,93,14,811,0,0,0,12,8,0,7,28,32,0,2,4,0,26,10,0,216,3,0,2,22,127,0,0,38,441,0,0,0,1,73,116,0,0,0,0,1,0,0,0,0,0,0,1,1,0,0,19,0,0,3,0,0,0,1,0,0,4,6,0,0,0,1,0,0,0,3,0,1,3,0,0,0,0,0,0,1,196,0,0,1,0,0,0,0,0,0,0,30,6,0,0,6,0,1,0,0,3,0,0,0,1,0,1,0,0,0,0,0,2,0,0,0,0,0,1,88,82,1,12,0,0,121,4,1,0,9,0,33,0,53,2,2,172,0,9,0,0,0,3,1,0,1,0,0,0,0,0,1,32,172,2,15,1,3,11,0,1,0,9,0,16,0,0,0,0,1,0,201,93,7,0,45,0,0,0,23,0,1,1109,1,3,31,0,0,0,0,0,16,78,0,0,0,0,25,4,6,12,0,128,0
"680",0,1,1,0,0,0,0,0,0,0,0,0,0,0,3,0,17,0,0,0,0,30,0,0,0,2046,0,1,23,3,35,0,0,0,0,0,8,0,0,0,0,0,206,0,0,0,0,0,0,0,0,0,0,1,1,0,0,0,0,24,0,0,0,0,0,0,39,0,0,119,0,0,7,0,0,0,0,0,0,12,0,4,0,0,4,1545,21,0,0,0,0,0,0,0,0,0,16,1,143,0,0,1,22,0,3,0,0,89,0,0,0,53,0,262,0,0,0,0,38,0,0,0,0,1,100,3,0,0,0,0,0,0,0,0,1,0,0,0,0,0,30,0,0,0,0,0,8,0,0,0,0,0,0,0,75,0,0,1,0,73,0,0,0,0,0,0,0,0,0,0,3,0,0,0,0,0,0,16,13,1,0,0,0,0,0,0,0,0,0,1,0,137,0,0,0,0,0,0,24,0,0,0,0,4,0,27,0,0,7,0,0,0,0,11,0,4,0,0,10,0,1,30,0,0,0,0,0,0,0,0,5,1,1,111,0,0,0,0,0,81,0,0,0,0,5,0,0,0,0,0,0,0,0,0,3,9,23,0,4,0,5,0,0,6,0,0,0,0,0,43,0,5,381,0,0,0,0,0,0,3586,0,5,74,0,0,0,0,0,0,5,0,6,0,6,101,0,14,0,0,61,0
"681",0,0,0,0,0,0,0,0,0,1,4,0,0,0,69,0,0,0,0,0,0,31,1,18,0,2849,0,0,0,0,1555,0,0,0,0,0,0,0,0,0,0,0,0,0,0,0,0,0,0,0,0,0,0,0,0,9,0,0,0,0,0,0,0,0,0,0,0,0,0,0,0,0,0,0,0,0,0,0,104,1034,0,0,0,0,0,0,10,0,0,0,0,81,799,0,0,0,0,0,0,0,0,0,0,0,0,0,0,119,0,0,0,0,0,4,0,0,0,1065,0,0,0,0,0,0,184,7,0,0,0,0,0,0,0,0,42,0,32,0,0,0,18,0,5,18,0,0,0,7,0,0,12,0,0,0,0,0,12,0,0,0,0,0,0,0,0,0,0,0,0,0,0,0,0,0,0,0,0,0,0,0,0,0,0,0,0,0,0,0,0,0,0,23,0,0,0,0,0,0,0,0,0,0,0,0,0,57,0,0,18,0,0,0,0,0,26,1,0,0,476,0,0,0,0,0,0,0,0,0,190,0,92,0,0,0,0,0,0,0,0,0,0,55,0,0,0,0,0,0,0,0,0,0,0,0,11,0,0,0,0,122,0,0,0,0,0,0,0,0,0,0,0,0,0,0,0,0,0,0,0,0,0,0,0,0,0,0,0,0,0,0,0,0,0,0,38,0,46,0,0,0,0
"682",0,0,0,0,0,0,3,0,0,0,0,0,3,0,14,3,0,5,0,0,0,0,0,4,0,6,0,0,6,0,1,522,0,14,0,0,589,0,0,0,0,0,0,0,0,8,0,0,0,0,0,0,0,0,0,0,0,0,0,0,0,0,0,0,0,0,22,0,0,0,10,0,0,0,0,0,0,0,0,0,0,0,0,0,0,5,57,0,0,0,0,10,8,0,1,1,0,0,0,22,0,24,0,0,0,0,0,4244,1,0,0,0,0,0,2,1,0,1,0,2,0,13,13,0,206,0,0,0,0,0,12,0,0,0,0,0,6,0,0,0,18,0,0,1,0,0,53,0,0,0,20,0,3,8,2,0,0,1,5,16,0,0,0,0,0,0,0,2,0,0,0,0,1,0,0,0,0,16,0,0,4,0,0,11,0,0,15,0,0,0,0,0,0,0,0,0,0,0,0,0,0,1,0,4,0,307,0,0,0,5,0,0,0,0,0,0,0,0,1048,0,0,15,0,0,0,11,0,0,3,0,10,0,0,80,0,0,0,0,0,1984,0,0,0,2,0,3,0,0,5,0,0,0,0,2,0,174,9,0,0,0,1,0,0,0,0,0,51,0,0,5,0,0,443,0,1,0,0,0,2,75,0,6,14,0,0,0,0,7,0,0,0,0,0,0,9,0,10,0,0,77,0
"683",0,2,0,0,56,10,0,0,17,4,0,0,24,19,20,0,50,0,0,0,0,6,0,1,0,1367,63,0,2,228,0,0,0,94,4,0,5,126,0,5,3,36,0,3,0,31,0,10,3,0,0,0,0,0,14,17,0,0,0,54,1,6,0,1,7,0,74,0,0,90,0,0,0,4,0,0,0,0,0,6,0,2,1,0,180,171,2,0,0,27,0,27,0,0,0,0,0,0,62,178,54,0,39,1,0,63,2,1,4,2,0,7,0,145,39,0,156,2,27,0,0,205,0,0,145,7,1,207,0,0,1,1,0,1,0,0,19,0,0,0,251,0,0,0,0,0,90,7,2,0,1,0,0,0,1,0,0,1,67,1,0,0,0,421,0,2,0,0,0,1,0,0,1,0,0,28,0,1,159,0,0,0,0,0,14,0,0,0,0,26,2,196,0,0,1,0,0,0,2,0,0,0,0,1,0,280,8,0,22,5,1,0,81,24,18,0,0,4,5,4,17,21,0,0,0,0,0,0,0,7,29,10,0,74,0,0,0,0,7,234,4,0,0,0,0,1,0,0,1,0,0,1,2,0,2,507,90,0,18,0,0,0,0,6,0,0,0,0,1,1418,0,114,267,0,0,0,0,0,1,1,0,0,3,0,0,0,0,0,147,9,0,0,0,12,0,0,2,0,0,24,0
"684",0,0,0,0,0,0,7,0,0,0,0,0,0,0,19,0,0,0,0,0,21,46,0,0,0,4433,2,0,112,0,0,0,0,0,0,0,2,125,0,0,0,0,0,0,4,59,0,0,0,0,0,0,0,0,0,0,0,0,0,359,0,16,0,0,0,0,813,0,6,0,3,0,0,12,421,0,0,0,0,132,0,0,0,0,0,0,0,0,0,8,0,7,6,0,0,0,6,0,31,0,0,0,0,1,0,0,0,537,1,0,0,0,0,0,2,0,203,0,5,2,0,0,0,0,88,0,0,0,0,0,0,0,0,8,0,0,8,0,0,12,0,0,0,2,0,0,0,2,0,0,0,15,0,0,1,0,0,1,6,0,0,0,0,0,0,3,0,0,0,0,0,0,1,0,0,0,0,0,75,0,0,0,0,0,0,0,0,0,0,1,0,6,0,0,1,0,0,0,0,0,0,1,0,1,0,0,0,0,0,0,0,0,15,0,0,0,87,0,0,0,0,0,0,0,0,25,0,0,10,0,63,0,0,152,0,0,0,0,0,0,7,0,20,0,0,0,123,0,1,0,7,0,0,0,0,0,0,0,0,0,0,0,0,0,0,0,0,0,0,8,0,0,0,0,0,0,0,0,10,1272,0,0,0,0,0,0,0,0,61,0,71,0,0,0,5,0,0,0,0,8,0
"685",0,0,1,0,4,0,0,1,0,1,0,1,0,0,16,0,0,1,0,1,122,37,0,0,0,2105,0,0,7,0,0,0,0,56,0,0,1,102,0,0,0,0,0,0,0,215,0,7,0,0,29,0,0,1,0,1,0,0,3,50,0,0,0,0,0,1,140,0,0,0,26,0,0,0,1,0,0,0,30,95,0,2,153,1,0,0,0,0,0,72,0,0,3,0,0,1,0,1,28,0,1,0,0,0,18,1,52,352,0,159,0,0,0,0,1,0,4,1,400,2,0,11,41,0,79,1,854,6,28,0,4,26,0,1,0,0,0,0,0,13,58,0,0,1,0,0,3,2,0,0,0,0,0,3,1,0,0,1,1,27,0,0,0,1,0,0,1,0,0,0,4,0,1,0,0,0,0,71,449,0,0,0,0,12,7,0,0,268,0,4,7,7,0,0,0,0,0,1,1,0,0,1,733,0,0,17,0,0,0,0,9,16,1,6,0,0,151,14,43,0,0,2,0,0,0,0,0,0,33,1,29,0,0,39,0,0,0,0,0,0,1,0,0,0,0,179,1,0,1,0,0,2,5,0,7,4,12,0,8,0,3,0,0,2,0,0,0,0,0,39,0,16,18,0,0,1,0,0,1,1274,0,0,99,0,0,0,15,0,16,13,0,0,0,3,14,0,1,0,0,41,0
"686",0,5,0,0,0,3,24,35,0,0,0,0,0,0,550,0,0,0,0,0,53,11,0,37,0,0,0,0,322,0,47,0,0,150,0,0,27,221,0,0,0,0,0,27,0,0,0,0,0,1,0,0,0,0,0,0,1,0,0,3,0,19,10,0,443,0,3,0,0,0,30,0,0,20,0,0,0,1,0,5,0,0,0,0,13,0,0,0,0,1846,0,90,35,0,0,11,0,0,45,0,0,0,0,0,0,0,0,460,0,0,0,0,0,3,0,3,0,251,0,0,0,0,0,1,321,0,0,0,0,0,0,60,0,0,0,0,29,0,0,21,11,0,0,0,0,0,2,0,0,1,8,0,3,0,0,0,0,0,0,109,0,0,0,0,0,0,0,0,2,0,1,0,172,0,0,0,0,12,1,0,0,0,0,0,1,0,0,0,0,0,0,188,9,2,0,0,0,0,0,7,0,0,0,0,0,79,0,5,0,42,0,0,0,0,1,0,1,0,322,0,0,0,0,0,1,0,0,246,8,0,193,0,0,271,0,0,0,0,0,0,0,40,0,0,0,0,0,0,0,0,0,0,18,0,7,0,30,0,14,0,0,0,0,3,0,0,0,0,0,42,0,0,0,0,0,0,0,0,13,2307,0,0,0,5,0,0,0,0,21,36,0,0,0,0,43,0,9,0,0,0,0
"687",0,1,0,0,0,0,4,31,0,0,0,0,0,70,13,0,0,0,0,0,62,5,0,17,0,535,0,0,0,0,0,0,0,106,0,0,13,9,7,0,0,0,0,20,0,32,0,0,0,0,0,0,0,0,0,0,0,0,0,3,0,28,0,4,12,0,26,0,0,0,3,0,0,7,0,0,0,0,0,11,0,0,0,0,26,7,0,0,0,24,0,4,38,0,0,0,0,0,27,1,0,160,0,0,6,0,0,2698,0,0,0,0,0,39,0,0,0,0,27,0,0,0,0,1,62,0,0,0,2,0,0,55,0,0,0,0,72,1,0,0,28,0,0,0,0,0,51,0,0,0,7,0,0,0,0,0,0,0,0,33,0,0,0,0,0,0,0,0,0,0,2,0,0,0,0,0,0,1,107,0,0,0,0,0,13,0,0,0,0,0,0,99,1,0,0,0,0,0,0,0,0,0,0,0,0,101,3,0,1,0,0,0,0,0,3,0,59,31,58,0,6,0,0,0,0,0,0,0,8,0,244,0,0,478,0,0,0,19,0,15,0,179,0,0,0,0,0,0,0,0,14,7,0,0,73,11,0,0,4,14,15,0,0,4,0,0,0,0,3,241,0,25,211,0,0,0,0,0,0,2798,0,0,5,0,0,0,0,0,19,0,0,0,0,0,31,0,8,0,0,44,0
"688",0,0,0,0,46,0,0,0,35,0,0,0,0,0,32,0,0,0,0,0,31,0,4,0,0,1004,30,0,240,26,2,0,0,1,0,12,0,48,0,0,0,22,0,0,4,113,0,0,3,0,0,3,0,0,0,0,0,0,0,1,0,0,0,0,0,0,0,0,0,0,0,0,0,0,0,588,0,0,0,1,0,0,18,0,0,0,0,0,0,57,0,0,0,0,5,0,0,0,26,102,5,0,0,0,0,0,176,1,1,3,0,33,0,27,21,0,0,0,10,0,0,57,0,0,351,0,0,0,0,0,0,0,0,0,0,0,123,0,0,0,0,1,53,0,0,1,0,5,0,0,5,0,0,0,0,0,1,0,0,0,0,0,0,4021,0,2,0,0,0,0,0,0,1,0,6,11,0,0,1,4,0,0,0,0,0,5,0,0,0,1,0,22,0,0,1,0,1,0,0,0,0,1,0,92,166,0,0,0,6,180,1,0,0,0,0,0,0,0,0,0,1,1,0,0,0,0,0,0,53,0,1,0,0,44,0,0,0,0,0,0,1,0,0,0,0,0,0,0,1,0,0,0,0,26,0,0,0,0,0,0,0,0,0,0,0,0,0,0,0,1,0,0,856,0,3,0,0,0,1,1080,0,0,1,0,0,0,0,0,0,6,0,0,0,0,0,0,0,64,0,10,0
"689",0,0,0,0,0,0,0,0,0,0,0,0,0,77,2,0,0,1,0,0,0,0,0,0,0,2567,0,0,0,0,158,52,0,292,0,270,114,118,1,0,0,0,0,14,1,337,0,0,0,0,1,0,0,0,0,0,0,0,0,0,0,0,0,0,0,0,17,0,0,26,14,0,0,2,0,0,0,0,0,12,0,0,0,0,0,4,0,0,0,45,0,8,5,0,0,0,0,0,3,0,0,522,0,0,9,0,2,380,110,0,0,0,0,19,4,0,0,5,483,6,0,9,0,0,0,0,0,0,0,0,0,0,0,0,0,19,1,0,0,0,7,0,0,0,0,0,0,0,0,0,8,0,0,2,1,0,0,0,3,0,0,0,0,1,0,0,0,0,0,0,0,1,0,0,5,0,0,1,37,0,0,0,0,0,0,0,2,0,0,9,0,0,0,0,0,0,0,0,0,0,0,25,0,1,0,0,0,0,15,0,0,0,21,0,0,0,13,8,0,0,0,0,0,0,0,0,0,0,4,0,20,0,0,470,0,0,0,0,0,8,1,0,1,0,3,0,0,0,2,0,2,0,0,0,8,47,0,0,0,26,0,0,0,0,0,0,0,0,0,5,0,0,51,0,25,0,0,0,0,1796,0,0,348,0,0,0,0,0,13,0,0,0,0,0,1,0,0,0,0,142,0
"690",69,0,0,0,9,0,0,0,0,0,0,0,20,3,1,0,0,0,0,0,0,29,0,10,0,2751,12,0,111,13,1,0,0,250,0,0,6,53,1,0,30,12,1,91,0,64,0,7,0,0,2,20,0,0,1,0,0,0,0,2,0,0,7,3,1,0,106,0,0,0,49,0,2,67,0,1,0,0,0,7,0,0,0,0,39,1,114,1,0,62,0,43,182,12,0,0,0,16,19,570,0,0,0,0,29,0,0,13,1,0,1,2,0,127,7,0,0,1,0,0,0,0,0,0,275,14,0,0,0,0,11,0,0,0,0,0,56,5,0,0,1,8,30,0,1,0,0,3,0,0,11,0,0,0,1,0,1,0,1,26,0,0,1,0,0,0,0,0,0,0,0,0,0,0,0,0,0,33,17,1,0,0,0,1,0,0,0,0,0,5,0,63,7,0,1,0,0,0,0,0,0,0,0,0,1,10,0,0,0,4,0,0,2,0,0,0,70,0,19,0,0,6,0,0,0,0,1,0,399,0,218,0,0,2135,0,0,1,0,0,1,1,6,0,0,72,0,0,0,1,0,0,2,0,0,11,34,4,1,2,99,0,0,0,1,1,0,1,0,0,51,0,51,101,0,0,0,0,0,0,609,0,0,216,0,0,0,0,1,0,5,0,0,0,0,27,0,20,0,1,74,0
"691",0,0,0,4,46,0,0,0,2357,0,0,0,12,0,10,0,0,0,0,0,0,26,9,1,0,294,0,0,7,13,0,161,0,0,0,0,0,1,0,0,0,0,0,63,0,1,0,42,0,0,0,1,0,0,0,0,0,0,0,9,0,48,0,0,37,0,75,0,0,0,114,0,0,68,917,0,0,0,0,0,0,37,0,0,0,0,0,0,0,0,0,0,27,0,0,0,0,0,0,738,0,0,0,3,0,0,0,953,0,0,0,0,0,10,36,0,8,0,72,0,8,0,0,0,2,0,0,0,0,0,0,39,0,0,0,0,0,0,0,1,5,0,0,0,0,325,0,0,0,0,0,0,3,0,0,0,0,0,0,0,1,0,0,0,0,0,0,0,0,0,0,0,1,0,0,0,0,0,41,0,0,0,0,0,5,0,0,0,0,0,1,9,1,0,0,0,0,0,0,0,0,0,0,0,0,4,0,0,0,1,1,76,0,0,12,0,0,0,0,0,0,0,0,0,0,0,0,0,0,0,0,0,0,367,0,0,0,0,0,0,0,1,0,0,0,0,0,0,0,0,0,0,14,0,12,0,0,0,0,0,0,0,0,0,1,0,0,0,0,30,0,0,0,0,0,0,0,0,4,2657,0,0,43,0,0,0,0,0,0,0,0,0,0,0,0,0,1,0,0,77,0
"692",0,0,1,0,48,0,1,23,0,0,1,0,0,0,0,9,0,1,0,0,0,8,0,11,0,0,6,0,43,0,6,0,0,0,4,0,15,1,0,0,0,0,0,10,0,23,0,1,0,0,0,0,0,3,23,1,0,1,0,38,1,0,0,4,7,1,12,0,0,0,22,0,11,1,0,0,0,0,0,1,0,0,7,3,0,0,0,0,0,41,0,9,0,0,0,0,0,0,3,0,0,0,12,5,0,1,0,3121,984,22,1,0,0,61,0,8,0,0,0,0,0,0,0,0,51,6,0,0,1,0,0,8,0,1,1,0,163,0,0,1,232,0,0,28,0,0,1,10,0,0,2,1,0,23,3,0,0,0,0,1,0,0,0,5,0,0,0,0,0,1,6,0,0,0,0,0,0,1,9,1,6,0,0,0,1,0,0,0,4,0,1,29,1,0,153,0,0,1,0,0,0,60,0,1,0,51,1,0,0,10,0,0,0,0,1,1,150,6,0,0,2,6,66,0,0,0,22,0,127,1,7,1,0,795,0,0,1,0,0,12,0,0,0,3,0,423,0,1,0,0,0,3,9,0,3,16,0,0,3,0,1,0,0,3,0,0,0,0,0,41,0,0,259,0,0,0,0,0,3,2443,1,0,1,0,0,0,0,0,1,4,0,0,0,0,23,1,29,0,0,19,0
"693",81,0,0,12,0,0,1,1,2524,0,0,0,10,4,3,0,0,0,0,0,20,2,0,2,0,1748,14,0,1,0,39,0,0,79,0,0,13,7,0,0,0,0,0,0,0,16,0,0,0,0,0,7,0,0,1,0,1,21,0,20,0,0,0,0,0,0,96,0,1,31,119,0,6,4,0,0,0,0,118,0,0,0,0,0,8,0,0,0,0,0,0,11,1,0,0,39,0,24,0,830,0,252,0,0,4,0,0,266,1,0,0,0,1,0,12,0,6,0,1,2,0,131,0,0,0,0,2,0,0,1,0,0,0,0,0,38,1,0,0,0,6,0,35,0,0,5,0,0,0,0,0,0,0,0,0,0,2,0,0,200,0,0,1,106,0,0,0,0,0,0,1,2,0,0,30,0,0,0,38,0,0,4,0,1,4,0,0,0,0,1,0,3,0,1,1,0,0,0,0,0,0,10,0,0,0,12,1,0,18,1,0,0,0,0,0,0,80,0,5,0,53,1,0,0,0,0,0,0,20,0,0,0,0,474,0,0,0,0,0,2,1,0,43,0,0,0,0,0,1,0,0,2,0,0,12,0,2,0,0,18,1,0,0,2,0,0,0,0,1,115,0,0,5,0,5,0,0,0,26,802,0,0,18,0,0,0,0,0,0,0,62,0,0,0,86,0,4,0,0,44,0
"694",0,0,0,0,29,0,12,0,332,0,0,0,0,1,0,0,24,0,0,0,0,12,0,0,0,987,21,0,586,0,125,258,0,3,0,0,0,216,0,0,8,65,0,0,0,41,0,9,0,0,9,0,0,0,1,0,0,22,0,14,0,7,0,0,23,0,140,0,0,0,34,0,0,4,494,0,0,0,0,158,0,11,7,0,26,1,0,0,0,0,4,140,0,31,0,0,0,71,4,78,0,0,0,1,17,0,17,3,1,0,0,56,0,0,86,0,13,0,31,17,0,0,0,0,0,0,0,0,237,5,1,39,125,0,0,0,0,0,0,0,0,0,0,0,0,0,0,13,0,0,7,16,0,5,1,0,0,0,0,7,0,0,0,1074,0,1,0,0,0,1,0,0,0,0,0,0,0,19,0,0,0,0,0,0,8,0,0,0,1,2,0,71,14,0,0,0,1,1,0,0,0,0,0,53,0,181,0,0,0,0,0,0,0,0,31,0,74,11,44,0,14,21,0,0,0,0,0,0,6,0,48,0,0,242,0,0,40,0,0,21,1,0,9,0,0,0,0,0,1,0,12,9,3,0,13,60,0,2,5,10,5,0,4,8,2,0,0,2,48,46,64,50,7,0,0,0,0,1,6,634,0,0,32,0,0,0,0,147,14,9,0,0,1,0,7,0,0,2,0,42,0
"695",260,18,0,0,69,0,1,0,0,0,0,0,0,0,29,0,39,0,0,0,0,22,0,7,0,2578,46,0,11,0,85,0,0,23,0,0,7,8,0,0,5,91,50,97,0,5,0,0,0,0,0,3,0,0,0,0,0,59,0,9,0,6,25,0,3,0,66,0,3,0,0,0,8,0,0,0,0,0,0,3,0,0,215,0,18,0,0,0,12,0,0,4,1,0,0,5,0,0,0,138,0,0,0,0,0,45,0,446,0,22,0,0,0,0,47,0,21,0,57,0,0,0,0,0,28,130,190,0,0,0,9,0,0,1,0,5,273,0,0,0,293,0,0,0,0,101,0,0,0,1,0,0,0,0,0,0,0,0,0,63,15,12,0,0,0,0,0,0,1,0,2,0,0,0,0,0,0,0,52,0,0,0,0,0,0,0,0,0,0,18,0,24,1,5,0,2,0,1,0,871,0,0,0,0,1,10,0,2,1,14,0,0,0,0,0,0,46,0,0,0,0,13,0,0,0,0,0,0,0,0,40,1,0,372,0,0,0,0,1,0,0,0,762,0,114,56,0,0,0,0,0,0,0,0,0,217,0,0,0,188,0,0,0,24,0,0,0,0,7,600,0,0,0,0,0,0,0,0,5,18,0,0,304,0,0,0,0,0,7,35,0,0,0,0,0,0,24,0,0,21,0
"696",0,1,0,0,0,0,0,0,0,0,0,0,0,0,36,0,0,1,0,0,163,53,0,2,0,125,0,0,5,1,1,0,0,8,0,0,0,0,0,0,0,0,0,0,0,192,0,0,0,0,0,0,0,0,0,0,0,0,0,464,0,0,0,13,0,0,283,0,0,0,0,0,0,793,0,1,0,0,0,950,0,0,0,0,0,4,129,0,0,39,0,1,0,0,0,0,0,0,0,0,0,0,0,45,0,0,0,863,2,0,7,115,0,11,0,0,3,1,117,0,0,0,0,0,6,0,0,0,0,0,0,251,0,0,0,0,1,0,0,0,1,0,38,2,0,0,13,35,0,0,4,70,0,0,0,0,0,0,0,97,0,0,0,1266,0,2,0,0,0,215,0,88,1,0,0,0,0,121,0,0,0,0,0,0,3,0,0,0,0,1,0,7,1,0,0,3,0,0,2,0,0,0,0,0,0,17,1,0,8,1,0,0,0,0,0,0,0,0,0,0,0,0,0,0,0,0,0,0,55,0,260,2,0,253,0,0,0,0,0,1,0,0,0,0,0,0,0,0,4,0,0,0,0,0,0,1,4,0,9,88,0,0,0,5,1,0,0,0,0,496,0,0,6,0,0,0,0,0,5,1520,0,0,25,0,0,0,0,0,0,55,0,0,0,0,0,0,8,0,0,26,0
"697",16,0,0,0,48,0,9,0,86,0,0,0,22,251,8,0,0,0,0,0,33,31,0,4,0,1728,26,0,19,12,0,0,0,26,0,0,30,0,0,0,34,0,0,0,0,1065,0,0,9,0,0,0,0,0,0,166,0,36,0,4,0,19,0,0,0,0,0,0,0,165,7,0,5,1,0,0,0,0,0,23,0,0,5,0,39,0,4,0,0,0,0,8,1,0,0,0,0,0,18,128,0,0,0,0,0,0,0,170,0,0,0,0,6,0,47,0,0,0,37,0,0,0,0,1,86,0,0,0,0,0,0,184,0,1,0,0,1,0,0,0,5,1,0,0,0,0,0,0,0,0,53,4,0,3,0,0,0,0,0,0,0,0,0,441,0,0,0,0,0,0,0,0,21,0,0,0,0,0,415,0,0,0,0,0,53,0,0,0,0,0,0,284,0,18,0,0,0,0,0,0,0,0,0,0,0,163,32,0,12,3,0,0,0,0,0,0,111,0,0,21,12,34,0,0,0,0,0,0,0,0,83,1,0,424,0,0,0,0,0,0,0,0,0,0,0,0,0,0,0,0,0,0,0,1,0,0,18,0,5,0,1,0,0,1,30,0,0,0,0,95,0,89,210,0,1,0,17,0,0,2227,0,0,180,0,0,0,0,0,0,75,0,0,0,0,10,0,18,0,0,242,0
"698",0,2,0,0,26,0,1,0,0,0,0,0,0,0,122,0,0,0,0,0,0,0,0,0,0,3580,60,0,61,0,0,0,0,33,0,0,0,0,0,0,0,103,0,0,0,26,0,0,0,0,0,0,0,0,0,16,0,0,0,1,0,0,0,0,0,0,0,0,5,0,0,0,4,0,0,0,0,0,0,0,0,2,89,0,0,0,0,0,0,0,0,0,0,0,0,0,0,43,0,0,0,113,0,0,0,0,0,812,0,0,0,0,0,0,28,0,11,6,1,0,0,0,0,0,0,487,0,0,0,0,66,0,0,0,0,0,0,0,0,0,0,0,0,0,0,9,0,3,0,0,0,0,0,0,0,0,0,1,0,40,0,0,0,0,0,0,0,0,0,0,0,0,1,0,0,25,0,0,0,0,0,0,0,0,0,0,22,0,0,17,0,1,0,0,0,0,0,0,0,0,0,59,0,1,1,0,0,0,0,17,1,0,0,0,0,0,0,0,0,0,1,2,0,0,0,0,1,0,0,0,0,0,0,307,0,0,0,0,0,238,4,0,0,0,1,0,0,0,1,0,0,0,0,0,0,0,0,0,0,0,0,0,1,0,0,0,0,0,13,842,0,6,70,0,0,0,0,0,0,2168,0,0,33,0,0,0,1,0,0,80,0,0,0,0,0,0,0,0,0,30,0
"699",0,0,0,0,139,0,4,0,35,0,36,0,0,0,97,0,42,0,0,0,0,1,0,0,0,271,17,0,40,240,0,25,0,1,0,0,0,1,0,0,0,0,0,0,0,7,0,4,0,0,0,0,0,0,0,26,0,13,0,55,0,1,0,0,200,12,113,0,4,0,18,0,0,0,0,0,0,0,0,19,0,15,5,0,1,0,92,0,0,0,0,0,0,0,0,0,0,0,1,418,0,0,0,9,0,0,1,32,1,0,0,10,0,0,43,0,0,0,17,17,0,6,0,0,0,436,0,0,21,0,13,1,0,0,0,0,1,0,0,0,150,2,34,0,0,402,65,4,0,0,0,0,0,1,0,0,0,4,0,1,0,0,0,1,0,0,0,0,0,0,0,4,5,0,1,0,0,0,0,20,0,0,2,0,7,0,0,0,0,6,0,20,7,0,1,0,0,0,1,0,0,1,0,119,1744,29,0,0,0,0,12,0,0,0,10,1,0,57,0,0,47,0,0,0,0,1,83,0,0,0,5,0,0,148,0,0,0,0,0,21,1,0,0,0,2,0,0,0,1,0,0,1,0,0,2,92,0,0,1,1,1,0,0,5,1,0,0,0,0,3432,182,33,46,0,0,0,0,0,1,1,0,0,5,0,0,0,1,0,0,72,0,0,0,0,0,0,0,0,0,1,0
"700",31,0,0,1,0,0,0,0,2926,0,0,0,0,0,1,0,0,0,0,0,0,25,0,4,0,1638,33,0,68,0,0,0,1,62,0,0,27,0,0,0,4,0,0,0,0,76,0,0,3,1,0,0,0,0,0,0,0,34,3,7,0,1,7,0,5,0,0,1,0,0,0,0,28,7,0,87,0,0,0,0,0,0,0,0,0,59,0,0,0,96,0,5,1,0,0,0,0,0,75,253,0,0,0,0,0,0,0,5,0,0,1,1,0,51,84,0,19,0,35,0,23,0,0,0,82,0,7,0,0,0,8,0,0,2,0,0,1,0,0,0,98,0,102,72,0,0,0,71,0,0,11,0,0,0,0,0,0,0,0,48,0,0,0,0,0,1,0,1,0,0,0,0,0,0,0,0,0,1,1,1,0,0,0,0,10,0,0,0,0,0,0,194,4,1,0,0,0,0,0,0,16,0,0,0,1,88,0,0,1,1,0,0,0,0,0,0,0,0,0,0,0,0,0,0,0,0,0,0,4,0,17,0,0,720,0,0,0,0,0,15,0,0,0,0,0,0,0,0,1,0,0,3,0,0,0,53,4,0,0,0,6,0,0,5,0,0,0,0,0,1,0,0,880,0,0,0,0,0,8,1655,0,0,126,0,0,18,0,0,24,0,0,0,0,0,74,0,0,0,0,0,0
"701",0,6,0,0,22,0,0,0,32,9,0,2,0,0,3,0,0,0,0,0,0,13,0,0,0,2371,19,0,0,0,0,0,0,23,0,0,0,2,0,0,0,11,0,4,0,13,0,13,0,0,0,1,3,0,2,10,0,0,0,1,0,0,0,4,21,0,80,0,0,0,12,0,0,4,6,0,0,0,1,3,0,0,293,1,19,2,0,0,0,28,169,35,0,0,0,0,0,0,0,261,0,0,0,0,3,26,88,528,4,1,0,0,0,0,4,0,0,0,113,0,0,0,0,0,194,36,38,0,25,0,1,17,0,0,0,0,1,0,0,8,6,0,0,0,0,0,0,3,0,0,10,0,0,16,0,0,0,0,0,20,0,0,0,0,0,2,1,0,0,0,4,0,61,0,0,0,0,0,3,3,0,0,0,0,0,0,0,0,19,1,0,53,0,0,1,0,0,0,1,0,0,0,740,228,0,44,4,0,0,0,0,0,1,0,0,0,43,20,0,0,0,1,0,0,0,0,1,0,0,0,205,0,0,181,0,0,1,0,2,1,1,3,6,0,0,0,0,0,1,0,138,6,6,0,6,11,18,0,0,182,2,2,0,2,0,0,0,666,2,2,28,21,154,0,0,0,0,0,0,1262,0,0,44,0,0,0,0,0,0,22,0,0,0,0,19,0,1,0,0,23,0
"702",0,0,0,1,0,0,1,11,0,0,0,0,2,17,6,0,0,0,0,0,44,39,0,0,0,1877,0,0,3,0,0,0,2,299,0,0,3,369,1,0,0,0,0,126,8,162,94,0,0,0,0,0,0,0,0,5,0,0,0,0,1,1,1,0,0,39,0,0,5,0,11,0,0,2,0,0,0,0,9,0,0,0,0,0,17,0,0,0,0,106,447,7,5,0,0,0,0,1,70,0,0,0,0,0,0,0,13,1744,1,0,1,0,0,10,1,0,150,95,94,1,0,90,102,0,317,0,0,0,0,0,74,22,0,0,1,0,8,0,0,0,12,8,0,1,0,0,0,3,0,0,20,0,8,5,1,0,0,4,0,151,0,0,0,0,0,2,5,0,0,0,0,0,0,0,0,0,0,27,0,0,0,0,0,0,33,0,1,0,0,1,0,20,0,0,1,0,0,0,0,0,1,1,0,0,0,0,0,0,8,2,0,0,0,0,0,0,79,0,91,0,55,0,0,0,0,0,0,0,40,0,2,0,1,0,0,9,0,0,0,0,4,0,0,0,0,0,1,0,1,0,2,6,8,0,15,20,5,0,0,141,0,0,0,2,0,1,0,0,0,4,62,0,14,0,10,0,40,0,0,1222,1,0,398,0,0,0,1,1,0,0,0,0,0,0,27,0,1,0,31,104,42
"703",15,0,0,0,0,0,0,0,0,0,0,0,16,0,0,0,2,0,0,0,0,1,0,3,0,2141,0,0,1,0,9,0,0,50,0,0,58,1,0,0,5,0,0,0,0,0,0,0,0,0,0,0,0,0,0,0,10,0,0,0,0,0,20,0,45,0,35,20,0,59,39,0,0,0,0,0,0,0,0,1,0,0,0,0,0,1,2,7,0,78,0,1,0,0,0,0,0,0,28,240,0,0,0,0,0,0,0,379,1,0,1,0,0,19,16,9,7,6,6,3,0,0,0,0,0,0,0,0,0,0,0,0,0,3,0,19,0,0,0,0,5,0,0,0,0,0,20,0,0,0,0,0,0,5,0,0,0,0,165,4,0,0,0,1,0,0,0,0,0,0,0,0,0,0,0,0,0,0,6,0,0,0,0,0,0,0,0,0,0,0,0,71,1,0,0,0,0,0,0,0,0,0,0,0,0,49,0,0,0,1,0,0,0,0,0,0,75,0,0,10,0,0,0,0,0,0,0,0,0,0,208,0,0,727,0,0,1,0,0,438,0,0,0,0,8,1,0,0,16,0,0,0,0,0,0,80,3,0,0,26,0,0,0,3,0,0,0,0,0,46,0,0,413,0,2,0,0,0,0,3728,0,0,32,0,0,0,0,1,0,0,0,0,0,0,66,0,3,0,0,57,0
"704",0,0,0,1,0,0,16,0,0,0,0,0,0,0,5,0,0,0,0,0,0,2,0,0,0,62,0,0,0,0,0,0,0,4,0,0,4,0,0,0,0,0,0,0,0,1,0,0,0,0,1,0,0,0,0,0,0,0,0,0,0,0,0,0,0,0,2,0,0,0,0,0,0,0,0,0,0,0,0,1,0,15,0,0,0,0,0,0,0,27,0,0,129,0,0,113,1,0,0,0,0,0,0,0,3,0,0,221,1,5,0,0,0,1,2,0,2,0,2,0,0,0,1,0,0,0,1,10,0,0,0,0,0,5,0,0,0,0,0,0,1,0,0,0,0,0,0,0,0,0,0,0,0,8,0,0,0,0,3,14,0,0,0,0,0,1,0,0,0,0,0,0,0,0,0,0,0,0,1,0,0,0,0,0,0,0,0,0,0,0,1,5,0,0,0,0,0,0,0,0,0,0,0,73,0,0,0,0,0,0,0,0,0,0,0,0,1,0,22,0,0,1,0,0,0,0,0,0,6,0,0,0,0,35,0,0,0,0,0,1,1,0,0,0,0,0,0,0,1,0,8,0,0,0,0,0,0,0,0,0,1,0,0,0,0,0,0,0,0,8993,0,0,309,0,0,1,0,0,0,667,0,0,17,0,0,0,0,1,3,0,0,0,0,0,0,0,0,0,0,6,0
"705",0,0,0,0,0,0,0,0,0,2,0,0,0,0,1,0,0,0,0,0,11,0,0,6,0,98,0,0,11,0,0,0,0,1,0,0,0,1,0,0,2,0,0,0,0,87,0,0,7,0,0,0,0,0,0,0,0,0,0,5,0,3,0,0,0,0,35,0,0,0,0,0,0,19,0,505,0,0,0,5,2,0,19,0,13,0,0,0,0,19,1243,7,5,0,0,4,0,0,0,0,0,0,0,0,13,0,0,881,30,0,0,0,0,32,1,0,0,2,22,5,0,63,0,0,0,450,0,0,0,0,0,81,0,0,0,0,1,0,0,0,26,0,0,0,0,0,8,9,0,0,12,5,0,0,1,0,0,1,0,8,0,0,0,1,0,0,0,0,0,0,0,0,31,0,0,0,0,1,4,0,5,0,3,0,0,0,0,0,0,44,0,85,0,0,157,0,0,0,0,0,0,121,0,55,0,71,0,0,34,2,0,0,227,0,38,0,6,0,0,5,1,1,0,5,0,0,0,0,5,0,13,0,0,113,0,0,0,0,0,77,1,0,0,0,0,31,0,0,20,0,0,2,7,2,3,0,10,0,0,0,0,0,0,5,0,0,0,0,0,11,0,0,588,0,0,0,98,0,0,2696,0,0,16,0,0,0,0,0,0,13,0,0,0,0,0,0,6,0,0,17,0
"706",8,0,0,0,105,0,1,0,1855,0,0,0,0,0,1,0,0,0,0,0,0,14,8,3,0,1406,0,0,6,26,0,0,0,76,0,0,105,0,1,0,3,42,0,0,0,0,0,7,6,0,0,0,0,0,0,0,0,0,0,166,0,0,0,0,0,0,0,0,0,0,0,0,0,3,0,0,0,0,0,29,0,0,25,0,0,1,0,0,0,0,0,0,5,0,0,19,0,0,0,0,0,0,0,0,0,41,0,326,0,0,0,0,0,0,0,0,0,0,3,0,0,0,0,1,8,0,0,11,0,0,0,0,0,0,0,0,1,0,0,0,0,0,0,0,0,65,0,0,0,0,0,0,0,0,28,0,0,0,0,40,0,0,0,2617,0,0,0,3,0,0,2,0,9,0,0,0,0,0,0,0,0,0,0,0,1,0,0,0,0,0,0,33,1,0,0,0,0,0,0,0,0,0,0,1,0,1,0,0,0,3,0,0,0,0,3,0,40,0,53,0,0,0,0,39,0,0,0,0,0,0,1,1,0,4,0,0,0,0,5,15,0,0,0,0,1,1,0,0,0,0,49,0,15,1,9,3,0,0,14,0,1,0,0,1,0,0,0,0,0,83,0,0,59,6,0,0,0,3,4,1838,0,0,143,0,0,0,0,0,35,0,37,0,0,0,135,36,4,49,0,52,0
"707",8,5,0,0,34,0,1,0,0,0,0,0,6,0,3,0,0,0,0,0,0,0,27,21,0,470,18,0,6,27,0,0,0,58,0,0,8,240,0,0,38,18,0,0,0,2121,0,0,0,1,0,0,0,0,64,30,0,21,0,307,0,0,0,0,0,0,94,0,0,0,91,0,0,0,0,1,0,0,0,535,0,0,3,0,0,0,0,0,0,0,0,17,1,0,0,1,0,0,0,179,0,0,0,0,0,0,0,20,5,0,5,0,10,0,34,0,0,0,1,2,0,0,0,0,0,52,1,0,0,0,41,0,0,0,0,0,1,0,0,0,0,0,0,0,0,0,0,0,0,0,0,0,0,0,0,0,0,0,0,46,0,0,0,1872,32,0,0,1,0,0,0,0,1,0,0,0,0,0,602,0,0,0,0,0,10,0,0,0,0,1,0,162,0,0,0,0,0,0,0,7,0,1,0,1,0,0,0,0,0,24,0,0,0,0,0,0,68,0,0,0,0,0,0,0,1,0,0,0,124,0,0,0,0,0,0,0,0,0,0,1,5,0,0,0,0,0,0,0,1,0,0,0,0,0,0,0,0,0,0,0,0,0,0,0,0,0,0,0,0,144,0,59,98,0,4,0,0,0,0,808,0,0,667,0,0,0,0,0,0,81,0,0,0,0,0,0,2,0,0,0,0
"708",0,0,0,0,0,0,0,0,0,0,0,0,0,0,35,0,0,0,0,0,17,0,0,0,0,8,0,0,20,148,3413,55,27,0,0,0,556,0,0,0,0,0,0,12,0,117,0,0,0,0,0,0,0,0,0,0,0,0,0,0,0,0,4,0,0,0,0,0,0,162,0,0,0,0,0,0,0,0,0,0,0,0,0,0,0,0,0,3,0,0,0,8,3,0,0,0,0,0,0,0,0,0,0,0,0,0,0,887,0,0,0,0,0,4,0,17,0,0,59,0,0,0,0,0,4,0,0,0,0,0,4,0,0,0,0,0,0,0,0,0,6,0,0,0,0,0,31,0,9,0,4,150,0,0,3,0,0,0,0,0,0,0,0,0,0,0,0,0,0,0,0,0,0,0,0,0,0,15,234,0,0,0,9,0,0,0,0,0,0,1,0,323,0,0,0,0,0,0,0,0,0,0,0,0,0,80,0,0,7,0,0,0,0,0,0,0,63,0,9,0,94,129,0,0,0,0,0,0,14,0,0,0,0,0,0,0,0,0,0,0,0,0,0,0,0,0,0,0,0,0,0,0,0,0,7,20,0,0,3,0,0,0,0,7,0,0,0,0,0,0,0,0,514,0,0,0,0,0,5,1955,0,0,0,0,0,0,0,0,0,0,0,0,0,0,0,0,0,0,0,43,0
"709",5,0,0,0,0,0,0,0,0,0,0,0,6,0,4,0,0,0,0,0,0,166,0,1,0,1886,0,0,130,70,32,0,0,8,0,0,7,0,0,0,0,23,0,0,0,0,0,0,0,0,1,0,0,0,0,77,0,0,0,223,0,0,0,0,0,0,138,0,3,152,0,5,2,7,0,0,0,0,0,81,0,3,13,0,0,2,1,0,0,0,0,18,7,0,0,0,0,24,4,0,0,0,0,0,7,0,0,7,0,0,0,0,0,0,16,0,0,1,85,10,0,0,123,0,782,0,0,0,0,0,0,0,0,4,0,13,23,0,0,0,2,0,0,0,0,360,0,0,0,0,0,0,0,6,0,0,0,0,0,0,0,0,0,245,0,0,0,0,0,0,0,0,7,0,0,0,0,0,365,0,0,0,0,0,0,0,0,0,0,1,5,50,0,0,0,0,0,0,0,0,0,0,0,0,0,165,0,0,7,13,31,0,0,10,0,1,88,0,1,0,0,5,0,0,0,0,0,0,49,0,71,0,0,3790,0,0,0,0,0,2,1,0,0,0,3,0,0,0,1,0,0,0,0,0,23,396,14,0,0,0,0,0,0,7,0,0,0,0,0,8,0,0,196,0,0,0,0,0,9,1,0,17,165,0,0,0,0,0,0,0,0,0,0,0,39,0,3,0,0,42,0
"710",0,3,1,0,0,0,0,99,0,0,0,0,0,0,4,0,0,0,0,4,67,23,0,0,3,0,0,0,12,11,23,0,0,43,0,0,144,64,0,0,0,0,0,0,0,22,0,0,0,0,0,0,0,0,0,9,0,0,0,81,0,0,0,0,0,0,46,0,27,12,72,0,28,0,341,0,0,0,0,69,0,31,242,0,0,0,0,52,0,60,0,7,0,0,0,1,0,0,13,0,0,0,13,0,0,3,0,2358,0,50,0,0,0,0,0,0,1,0,73,1,0,0,1,0,0,0,0,10,0,0,0,9,0,0,0,0,15,5,0,12,0,0,0,0,0,0,25,0,0,1,9,12,1,0,1,0,0,0,118,27,19,0,0,199,0,0,0,0,0,0,0,0,0,0,0,0,0,0,0,17,0,0,0,0,0,0,0,1,0,0,6,0,1,0,102,0,0,6,0,0,0,0,0,1151,126,28,0,0,0,5,0,0,0,0,6,0,28,134,0,7,0,0,0,0,0,0,0,0,17,37,148,0,1,728,0,0,0,0,0,0,0,0,200,0,3,0,0,0,0,0,0,0,0,1,91,0,0,0,18,0,0,0,7,8,0,3,0,0,0,18,0,53,0,0,1,0,0,0,26,1474,0,0,228,0,0,0,0,4,162,0,0,0,0,0,10,0,0,0,0,89,0
"711",17,0,0,0,28,0,59,0,0,0,0,0,21,276,9,0,0,0,0,0,0,0,0,1,0,660,22,0,77,0,28,0,0,196,0,0,8,0,2,0,0,0,0,0,0,0,54,6,6,0,0,0,0,0,0,0,0,0,0,0,0,0,0,0,82,0,0,0,0,0,0,0,0,6,0,0,0,0,0,0,0,19,0,0,0,1,1,0,0,0,0,0,7,0,0,0,0,0,0,307,0,0,0,0,43,0,0,122,1,0,3,156,0,344,0,0,0,1,0,5,0,0,0,0,305,0,0,0,0,0,0,0,0,0,0,0,1,0,0,0,0,0,0,0,0,0,0,0,0,0,10,0,1,0,0,0,0,9,0,93,0,0,0,0,0,5,0,0,0,0,0,0,0,0,0,0,0,4,45,0,2,0,0,2,0,0,0,0,0,0,0,193,0,0,0,0,0,0,0,0,0,0,0,1,0,0,0,0,0,2,0,0,0,0,0,0,272,0,1,0,74,0,0,0,0,32,0,0,178,0,0,0,0,143,0,0,4,0,0,1,1,0,1,0,0,0,0,0,17,0,34,0,0,0,0,2,0,0,0,0,3,0,0,0,0,0,0,0,34,5,0,0,83,2,0,0,0,0,0,4572,1,0,680,0,0,0,1,0,0,0,0,0,0,0,14,0,0,0,0,28,0
"712",0,3,0,0,145,6,1,0,0,0,0,0,0,0,11,0,13,63,7,0,0,36,0,3,0,1,70,0,11,94,246,0,0,9,0,0,7,0,0,0,0,28,0,0,0,4,0,11,0,0,1,0,6,0,0,55,0,0,0,79,0,0,0,2,0,0,145,0,0,0,36,0,5,24,0,0,0,0,0,59,0,0,6,1,0,0,108,1,0,82,0,11,27,0,41,0,0,0,0,299,13,25,0,0,0,0,0,590,0,0,0,184,0,56,27,0,28,0,133,0,0,0,0,0,54,0,0,0,14,76,8,0,0,1,0,0,112,0,0,0,0,0,0,0,0,591,0,0,5,0,8,4,0,10,3,0,0,0,0,0,0,0,0,287,1,1,0,0,0,0,1,0,14,0,0,0,0,2,433,4,0,1,10,0,11,25,0,0,0,70,0,124,0,0,0,0,0,0,0,0,0,0,0,44,0,2,1,2,1,4,0,0,0,0,28,0,0,31,1,0,3,1,0,0,0,2,0,0,32,0,96,0,0,35,0,0,3,49,0,0,0,0,0,0,0,107,0,0,0,0,0,4,20,1,15,3,0,0,6,9,0,0,2,21,1,0,0,0,0,2558,0,80,61,0,6,0,0,1,9,1635,0,0,73,0,0,1,0,1,0,139,0,0,0,0,0,0,0,0,0,19,0
"713",0,3,0,0,0,0,21,0,0,0,0,0,0,0,44,0,0,0,0,0,0,59,0,10,0,2280,0,0,0,16,96,0,0,225,0,0,0,0,0,0,0,0,0,0,0,427,0,0,0,0,0,0,0,0,48,0,0,0,0,19,3,0,0,0,44,0,98,0,0,27,0,0,0,0,0,0,0,0,0,35,0,0,0,0,74,0,0,0,0,56,0,0,458,0,0,0,0,0,0,0,0,0,0,0,0,0,0,1036,0,0,0,0,0,32,0,0,0,0,39,0,0,0,0,1,87,0,0,0,0,0,110,0,0,0,0,0,0,0,7,0,390,0,0,0,0,0,0,0,0,0,32,0,0,73,0,0,0,0,0,73,0,0,0,0,0,0,0,0,0,0,0,0,0,0,0,0,0,46,101,0,0,0,0,0,16,0,0,0,0,0,0,19,0,0,0,0,0,0,0,0,0,0,0,0,0,27,0,0,0,0,0,0,0,0,0,0,0,0,0,2,12,25,0,0,0,0,0,0,98,0,70,0,0,86,0,0,0,0,0,0,0,0,0,0,0,0,11,0,0,0,0,0,0,0,0,0,0,0,0,0,0,0,8,0,0,0,0,0,0,56,20,4,0,0,0,0,0,0,0,2393,0,0,415,0,0,0,0,0,0,82,0,0,0,0,0,0,6,0,0,102,0
"714",0,0,0,0,0,0,12,3,0,0,0,0,0,0,5,0,0,0,0,0,0,0,0,1,0,2088,0,0,3,63,235,22,0,186,0,0,0,0,0,0,1,0,0,78,0,237,0,0,0,0,0,0,0,0,45,0,0,0,0,181,0,1,0,0,0,0,13,0,0,0,27,0,0,0,0,141,0,0,0,34,1,0,0,0,0,0,0,0,0,691,0,0,19,0,0,138,0,0,0,0,0,0,0,0,0,0,0,8,0,0,0,0,0,117,0,0,0,0,0,15,0,0,0,0,1606,0,0,0,21,0,24,0,0,0,0,0,9,0,0,0,1,0,0,0,0,0,1,0,0,0,0,0,0,0,0,0,0,0,0,26,0,0,1,440,0,0,0,0,0,0,0,0,1,0,0,0,0,0,96,0,0,0,0,0,0,0,0,0,0,0,0,0,1,0,0,0,0,0,0,0,0,0,0,1,0,0,0,0,0,4,1,72,0,0,76,0,0,3,0,0,0,1,0,4,0,0,0,0,158,0,0,0,0,181,0,0,0,0,0,0,0,0,0,0,0,0,0,0,0,0,0,0,0,0,0,5,0,0,8,8,0,0,0,0,4,0,0,0,0,13,0,0,242,1,4,0,0,0,0,2708,0,0,330,0,0,0,0,0,0,0,0,0,0,0,0,0,0,0,0,0,0
"715",0,0,0,0,4,0,0,21,0,0,0,0,0,1,72,0,0,0,0,0,59,32,0,308,0,304,0,0,135,7,17,0,0,24,0,0,21,0,0,0,0,0,0,116,0,86,0,2,0,0,0,0,0,0,0,0,0,0,0,6,0,0,0,7,0,0,35,0,0,0,89,0,0,469,0,0,0,0,0,60,0,3,57,0,681,0,2,0,0,135,15,15,0,0,0,0,0,0,63,0,0,0,11,0,0,0,17,582,1,0,1,0,0,25,2,0,0,1,99,0,0,27,0,0,0,0,0,0,0,0,9,719,0,0,0,0,269,0,0,0,495,0,0,1,0,0,28,10,0,0,33,0,0,7,1,0,0,0,148,59,0,0,0,0,0,0,0,0,0,4,0,0,0,0,0,0,4,0,21,8,0,0,0,0,3,0,13,0,0,1,1,19,0,0,0,0,0,0,0,0,0,0,0,36,0,0,0,0,0,19,1,0,0,0,0,0,0,26,0,0,0,12,0,0,0,1,33,0,31,0,105,0,0,241,0,0,31,0,0,278,1,0,0,9,0,0,0,0,1,0,228,0,0,0,21,4,0,0,3,7,9,0,0,12,44,0,0,0,0,1,0,0,343,0,0,0,0,0,0,2089,0,0,27,0,0,0,0,4,196,85,0,0,0,0,0,73,32,9,0,164,0
"716",139,0,0,0,58,0,3,0,57,0,0,0,0,0,1,0,7,0,0,0,0,36,0,1,0,1,38,0,11,24,378,0,0,103,2,0,7,325,0,0,0,22,0,0,0,152,0,39,0,0,0,5,0,0,0,31,0,0,17,51,0,0,0,0,0,0,146,0,0,0,98,0,0,1,330,0,0,0,0,58,0,0,38,0,0,1,0,0,0,140,70,3,3,0,0,4,0,0,56,260,0,10,0,0,0,4,0,1818,0,0,0,0,0,32,155,0,16,0,79,0,11,70,7,0,2,63,0,0,2,0,0,0,0,5,0,0,1,0,0,0,1,0,0,0,0,469,0,0,0,1,6,0,0,0,1,0,0,0,173,39,5,0,0,0,0,0,0,0,0,4,2,0,0,0,16,0,0,0,65,0,0,0,0,0,6,0,14,0,0,0,1,161,1,0,0,0,0,0,0,0,0,0,0,24,0,3,0,0,0,8,1,0,0,15,14,0,208,0,133,0,0,0,0,0,0,14,0,0,68,3,0,0,0,160,0,0,4,0,0,0,0,0,0,0,5,42,0,0,0,0,0,0,0,0,0,3,0,0,13,9,0,0,0,14,4,0,0,0,0,64,0,137,27,0,0,0,0,0,6,2420,0,0,206,0,0,0,0,0,0,37,0,0,0,0,36,0,3,0,0,57,0
"717",0,0,0,0,0,0,0,0,0,0,0,0,0,0,1,0,0,0,0,0,0,0,0,5,0,1141,0,0,6,34,954,0,0,0,0,0,61,0,0,0,0,0,0,0,0,0,0,0,0,0,0,0,0,0,23,0,0,1,0,371,0,0,0,0,0,0,213,0,0,0,37,0,0,0,0,0,0,0,0,429,0,0,0,0,0,30,0,0,0,0,0,0,0,0,0,0,0,0,75,0,0,0,0,0,0,0,0,641,0,0,0,0,0,0,0,1,0,165,0,0,0,0,0,1,0,0,0,0,0,0,0,0,0,1,0,0,4,0,0,0,0,0,0,0,0,0,0,0,0,24,0,0,0,0,0,0,0,0,0,0,0,0,0,0,0,0,0,0,0,0,0,0,0,0,0,14,0,0,0,0,0,0,0,0,0,0,0,0,0,0,1,0,0,0,0,0,0,0,0,0,0,0,0,1,308,7,3,0,1,1,0,0,0,0,0,0,0,0,250,0,0,0,0,0,0,0,0,0,45,0,0,0,0,645,0,0,0,0,0,1,0,0,0,0,6,42,0,0,0,0,0,0,0,0,19,37,13,0,0,0,0,0,0,0,0,0,0,0,0,0,0,0,210,0,0,0,0,0,0,3213,0,0,135,0,0,0,0,0,0,0,0,0,0,0,330,54,6,0,0,0,0
"718",0,0,1,0,17,0,23,0,0,0,1,4,1,0,12,9,0,18,0,0,7,74,0,0,0,3746,4,0,6,0,70,0,0,23,4,334,39,0,0,2,0,0,0,0,0,0,0,6,0,4,0,0,0,0,50,0,0,0,0,0,0,0,3,4,0,0,97,0,0,0,31,0,0,0,0,0,0,0,0,22,0,1,8,10,0,0,0,0,0,11,229,0,3,0,77,0,0,0,20,0,0,0,0,6,66,0,21,1,0,107,0,26,0,0,0,1,0,11,0,0,0,0,0,1,178,0,0,0,4,0,50,9,172,1,0,0,7,0,0,0,0,0,0,0,0,0,0,0,0,0,7,0,62,0,0,0,0,0,235,148,0,0,0,0,0,6,0,0,0,0,0,0,8,2,0,0,0,38,0,0,0,0,0,19,5,0,0,0,4,1,0,267,0,0,0,0,0,0,1,0,0,0,0,5,0,3,3,8,0,1,0,0,0,8,7,1,0,9,0,0,0,0,21,0,0,1,19,0,92,0,17,1,0,12,0,0,14,0,0,17,0,43,0,3,0,0,0,0,0,0,142,0,0,0,7,19,0,0,1,505,3,0,0,0,271,0,10,118,26,31,0,0,1148,311,1,0,0,0,0,0,0,0,310,0,0,0,0,1,32,57,0,3,0,0,1,0,10,0,0,104,0
"719",0,0,0,0,10,0,0,22,1,1,0,0,0,0,36,0,0,0,0,1,6,58,0,0,12,1874,0,0,107,10,0,0,0,111,0,0,12,137,0,0,0,0,300,33,0,24,0,5,4,0,0,16,0,0,9,0,0,0,0,235,5,0,0,0,0,0,329,6,0,0,37,0,0,5,3,0,0,0,0,273,0,0,296,0,41,0,0,0,0,45,0,0,0,0,0,247,0,0,0,0,0,0,0,0,0,0,4,0,0,43,0,0,0,10,0,0,0,0,387,19,0,0,0,1,23,64,0,0,0,0,43,70,0,0,0,0,30,0,4,0,614,0,0,0,0,0,139,7,0,0,43,2,0,59,1,0,0,1,17,22,0,0,0,1,0,0,1,0,0,0,19,0,0,0,0,0,0,0,142,4,6,0,0,0,9,0,0,0,0,0,0,18,8,0,0,0,0,0,0,0,85,0,0,0,0,217,0,0,0,0,1,42,29,5,19,0,157,0,47,20,0,59,0,0,0,0,0,0,21,0,107,0,0,603,0,0,0,0,0,0,1,0,0,34,0,121,0,62,0,0,50,5,4,0,0,6,9,0,0,24,6,0,0,13,0,0,0,0,73,637,0,58,0,0,3,2,0,0,0,418,0,0,255,0,0,0,3,0,39,12,0,0,0,0,0,0,44,0,20,95,0
"720",95,7,0,0,0,15,0,0,0,0,0,0,30,0,180,0,0,0,0,0,0,0,0,5,0,1,0,0,24,561,23,0,0,68,0,0,18,0,1,0,9,174,0,0,0,0,0,0,0,0,0,0,0,29,0,0,1,115,0,0,0,0,0,0,0,0,71,0,10,0,0,0,225,0,0,0,44,0,0,0,0,0,340,0,0,84,9,0,10,0,0,48,5,0,0,12,0,0,0,277,0,183,0,0,0,0,0,1114,0,0,0,0,0,0,200,0,19,119,0,0,67,0,0,1,50,0,0,0,0,0,0,0,0,3,0,93,17,0,0,0,26,0,0,228,0,1266,96,0,0,0,0,0,0,0,3,23,0,0,0,0,0,0,0,0,0,0,0,0,0,0,0,0,0,0,0,0,0,0,450,0,0,0,0,0,0,0,0,0,0,0,0,108,1,0,0,0,0,0,0,0,0,0,0,524,0,77,0,18,1,16,0,0,0,0,0,9,0,0,91,0,0,50,0,0,0,0,0,0,0,0,0,0,5,316,0,0,0,0,0,296,0,0,0,0,16,0,0,2,0,0,0,0,0,0,143,308,0,0,6,0,40,0,0,12,12,0,0,0,0,116,0,0,494,0,0,0,0,0,0,503,0,0,0,0,0,0,0,8,27,0,0,0,0,0,40,0,16,0,0,28,0
"721",24,0,0,0,11,5,2,11,11,0,0,0,26,0,31,0,0,42,4,5,0,67,8,0,0,0,96,0,0,272,297,0,0,21,0,0,99,0,0,4,3,19,0,0,0,2,0,0,0,0,0,4,0,0,0,14,0,18,0,72,0,0,0,0,0,0,7,0,0,26,48,5,0,140,0,659,0,0,0,9,0,0,6,0,0,1,0,0,0,203,0,120,3,0,0,0,0,51,7,145,0,32,0,0,0,1,0,21,1,0,0,0,7,0,2,0,5,0,234,0,16,0,0,0,284,4,19,0,0,0,0,0,0,0,1,114,1,2,0,0,2,0,39,2,0,344,0,4,0,0,5,0,0,0,1,0,2,106,0,70,0,10,5,62,1,0,3,1,0,0,12,0,12,1,0,0,0,454,17,0,0,5,0,0,9,1,0,114,0,0,33,245,5,0,1,0,0,0,1,0,0,5,0,1,0,29,0,0,8,157,2,0,0,11,30,0,0,0,0,0,103,12,0,0,0,0,5,0,29,0,75,1,0,44,14,0,3,0,0,4,1,0,32,0,1,1,0,0,1,0,0,0,0,1,111,6,2,0,16,128,0,0,0,3,38,0,0,0,0,0,0,57,1707,0,0,0,3,0,0,1169,0,0,54,0,0,9,0,0,0,53,0,0,0,3,269,0,3,0,0,183,0
"722",14,0,0,0,14,0,2,58,214,1,0,0,0,90,1,0,4,0,0,1,0,63,0,0,0,865,37,0,1,0,149,0,0,71,0,0,11,14,0,0,0,5,0,59,0,8,0,4,0,0,2,0,0,0,8,21,0,0,1,60,1,0,0,0,3,0,23,0,0,0,0,0,4,251,104,0,0,0,0,12,0,2,75,0,198,0,0,0,0,31,0,1,0,0,0,0,0,10,347,63,0,0,0,0,0,26,67,12,1,4,0,0,0,0,12,0,0,1,8,0,0,0,0,0,101,103,0,0,0,0,33,118,0,0,0,0,3,0,0,0,1,0,41,1,0,132,0,12,0,0,0,0,1,0,1,0,1,0,0,100,0,5,0,1889,0,0,0,0,0,0,8,0,0,0,4,0,1,0,9,6,0,0,0,0,14,0,1,0,0,1,0,19,1,0,1,0,0,0,0,419,0,1,0,0,0,1,0,0,0,0,1,0,0,0,124,0,27,38,1,0,0,0,0,0,0,0,0,0,73,0,379,0,0,215,0,0,0,0,0,1,2,0,22,0,0,0,0,0,1,0,0,1,4,0,13,1,1,0,9,119,3,0,0,2,0,0,0,0,5,1,0,15,18,0,0,0,0,0,2,1833,0,0,254,0,0,0,0,0,17,24,0,0,0,0,60,0,1,0,0,37,0
"723",0,0,0,0,2,0,0,36,0,0,0,0,0,0,0,0,0,0,0,0,127,96,1,20,0,292,0,0,129,9,0,0,0,17,0,0,1,109,0,0,0,0,0,21,0,14,0,0,0,0,0,50,0,0,0,1,0,2,1,260,0,0,0,0,24,0,72,0,0,503,0,0,0,617,19,0,0,0,1,0,0,0,586,0,0,0,0,0,0,38,14,14,0,0,0,10,0,0,4,0,0,0,0,0,0,1,169,739,1,17,0,0,0,0,3,0,0,1,0,0,0,5,0,0,0,222,0,13,0,0,0,305,0,0,1,0,0,0,0,13,0,0,40,1,0,1,44,7,0,5,0,0,5,0,1,0,13,0,0,30,1,0,0,0,0,0,0,0,0,0,0,0,0,0,1,16,0,112,32,0,1,0,0,0,28,0,2,0,0,6,0,167,0,0,0,0,0,0,0,0,0,2,0,267,0,0,0,0,0,3,0,87,10,0,0,0,137,53,0,0,61,0,0,0,0,0,0,0,0,0,73,0,0,245,0,0,0,0,0,2,2,0,0,0,0,51,0,0,1,0,0,0,22,0,5,0,0,0,0,0,0,0,0,11,1,0,0,0,7,16,0,0,66,0,12,0,0,0,0,2921,0,0,218,0,0,0,37,0,49,0,0,0,0,0,6,0,9,0,0,46,0
"724",0,0,0,0,267,12,0,1,78,0,0,0,35,0,32,0,0,0,0,0,8,27,0,28,0,66,184,0,0,0,0,0,0,0,0,0,2,144,2,0,23,46,0,77,0,5,0,26,7,0,0,3,0,0,0,0,0,0,0,0,0,15,67,0,37,0,118,0,7,0,20,0,5,13,0,0,0,0,0,55,0,20,0,0,22,0,0,0,0,92,2,0,49,0,0,0,0,0,10,891,0,0,0,0,0,3,0,5,17,47,0,0,0,0,70,0,0,14,36,0,0,85,0,62,0,0,0,0,0,0,0,6,0,0,0,0,0,0,0,24,4,0,0,0,0,0,0,50,0,0,11,0,0,6,0,0,3,12,3,239,1,0,1,0,0,0,0,0,0,0,0,0,0,0,0,0,0,0,235,0,0,0,0,0,0,0,0,0,0,8,0,4,0,0,174,0,0,0,3,0,0,1,0,0,0,0,0,0,0,41,0,0,0,0,29,0,114,11,0,0,0,0,0,0,0,0,0,0,0,0,147,0,0,918,0,0,0,0,0,27,1,5,0,0,0,0,0,0,23,0,0,0,0,0,11,0,12,0,0,2,0,0,0,0,0,1,0,0,0,1067,0,0,0,0,0,0,0,0,9,1639,0,0,169,0,0,0,67,0,44,0,0,0,0,0,0,19,0,0,0,181,0
"725",0,0,0,2,14,0,95,0,11,3,0,0,0,0,8,0,14,0,0,0,0,19,6,0,0,1962,95,0,13,0,0,0,0,16,0,0,0,27,0,0,3,0,0,0,0,0,0,33,0,0,0,3,0,0,0,16,0,0,0,5,0,3,0,0,8,13,53,6,0,0,62,0,0,6,239,0,0,0,0,1,0,0,0,10,3,9,0,1,0,26,1,6,7,0,0,1,0,0,0,459,7,24,0,0,5,0,1,1734,1,0,1,1,0,0,0,0,6,1,20,4,9,0,0,0,14,58,1007,0,16,34,8,0,0,1,0,0,1,0,0,0,0,0,72,0,0,2,0,3,0,0,8,0,0,0,0,0,0,0,1,77,0,0,0,1,0,0,0,0,3,0,20,0,0,0,0,3,0,0,26,0,1,0,0,0,9,2,0,0,6,1,0,17,0,23,0,0,5,3,2,0,0,2,2,131,321,7,0,8,0,0,8,0,5,0,0,0,53,0,0,10,1,33,0,3,0,0,0,0,5,0,1,0,0,144,0,0,1,1,5,0,0,0,1,0,0,0,0,12,1,10,3,7,10,0,0,2,13,0,1,0,1,11,0,0,0,0,0,21,4,5,0,1,138,0,7,0,0,1,1,1598,0,0,111,0,0,0,0,0,0,1,0,0,0,0,0,0,2,14,0,87,0
"726",0,0,0,0,0,0,1,25,0,0,0,0,0,32,8,0,0,0,0,0,0,12,0,0,0,1527,0,0,123,0,0,0,0,53,0,0,1,138,0,0,0,0,0,15,0,2,0,0,0,0,1,0,0,0,20,0,0,1,0,4,0,14,0,0,37,0,8,0,0,21,45,1,0,15,0,0,0,0,0,0,0,5,0,0,1,0,0,0,0,38,17,34,0,0,0,0,0,0,23,0,0,0,0,0,0,2,216,741,1,0,0,0,0,1,4,0,0,0,10,34,0,0,0,38,0,0,38,0,0,0,35,1,0,0,0,0,231,0,0,0,6,0,0,0,0,0,1,35,0,0,0,0,0,2,0,0,0,0,443,77,0,0,0,342,0,0,0,0,0,0,0,0,0,0,0,0,0,3,5,0,0,0,0,0,1,0,0,0,0,34,6,7,0,0,2,0,0,0,0,0,0,0,0,1679,0,10,0,0,0,5,0,0,18,0,0,0,51,0,0,62,0,0,0,0,0,22,0,0,75,0,54,0,0,2284,0,0,0,0,0,21,1,0,42,0,0,0,0,0,2,0,360,9,0,0,0,5,4,0,0,4,0,0,0,1,0,0,0,0,0,231,0,8,189,0,0,0,0,0,0,13,0,0,64,0,0,14,0,0,9,0,0,0,0,0,51,0,0,0,0,16,0
"727",0,2,0,0,0,0,0,0,0,0,0,0,0,0,880,0,0,0,0,0,1,15,0,164,0,3550,0,0,68,0,163,0,0,98,0,0,12,55,0,0,0,0,0,0,0,2,0,0,0,0,0,0,0,0,0,0,0,0,0,0,0,0,1,0,0,0,0,0,1,0,19,0,0,1,0,0,0,0,0,1,0,0,14,0,1,8,728,0,0,20,0,726,48,0,0,0,0,0,7,0,0,1,0,0,5,0,0,375,0,0,0,0,0,0,1,0,0,2,114,1,0,0,0,0,250,0,0,0,0,0,0,1,0,0,0,27,441,0,0,0,53,0,0,1,0,0,0,1,0,0,5,0,0,0,0,0,0,0,0,10,0,0,0,0,0,0,0,0,0,0,0,0,0,0,0,0,0,0,353,4,0,0,8,0,4,0,0,0,0,1,0,24,0,0,1,0,0,1,0,0,0,0,0,0,0,38,0,0,13,0,0,0,0,0,36,0,0,0,190,0,0,0,0,0,0,0,0,0,36,0,15,0,0,98,0,0,3,0,0,2,0,0,0,0,1,0,0,0,1,0,0,4,4,0,4,109,16,0,3,4,4,0,0,2,20,0,0,0,0,70,0,11,17,297,0,0,0,0,4,650,0,0,68,0,0,0,0,0,0,0,0,0,0,0,53,0,92,0,0,86,0
"728",0,5,0,0,0,1,27,0,0,0,0,0,2,0,12,0,21,0,0,0,0,17,0,0,0,2545,0,0,9,0,0,0,4,104,0,0,0,234,0,3,0,0,0,121,0,13,0,0,0,0,0,0,0,0,0,0,0,0,0,0,0,0,0,0,0,0,34,0,0,193,0,0,0,7,0,0,0,0,0,0,0,0,28,0,0,3,3,2,0,42,0,1,8,0,0,0,0,0,156,0,0,14,2,0,0,0,123,708,1,70,1,0,0,50,1,0,9,2,50,2,0,0,0,0,911,0,0,0,0,0,18,37,0,0,0,0,169,0,0,0,7,0,0,1,0,0,1,6,0,0,0,31,0,0,0,0,18,0,0,51,0,0,0,0,0,2,0,0,0,16,0,0,3,0,0,0,0,0,3,0,0,0,0,0,0,0,3,0,0,1,0,50,0,0,91,0,0,0,2,0,0,0,0,0,0,8,1,0,0,0,14,0,0,0,0,0,0,0,0,0,0,0,0,0,0,0,0,0,0,0,10,4,0,4,0,0,0,0,0,1,0,0,0,0,0,0,1,0,3,0,0,0,0,0,0,1,2,0,0,0,0,0,0,2,0,0,0,0,0,7,0,0,1042,0,0,0,0,0,15,1572,0,0,111,0,0,0,0,3,0,3,0,0,0,0,0,0,2,0,0,61,0
"729",0,0,0,0,132,0,0,0,11,0,0,0,4,0,5,0,0,54,0,0,3,52,0,0,0,1966,0,0,4,0,52,0,0,116,0,0,1,123,0,0,0,21,0,0,0,67,55,12,0,0,0,75,0,0,0,27,0,0,0,38,0,0,0,0,0,0,0,0,0,0,313,0,0,0,984,0,0,0,0,2,182,0,16,0,0,0,1,0,0,56,0,0,0,2,0,0,0,18,4,765,0,0,0,0,10,0,1,1,1,0,0,2,0,0,49,0,8,1,18,0,0,33,4,0,83,0,53,0,0,37,1,1,0,0,0,0,1,0,12,0,2,1,0,0,0,5,0,0,0,0,7,1,0,0,0,0,1,0,0,21,0,6,0,113,0,0,1,0,0,0,0,0,0,0,0,0,0,10,328,4,0,0,0,1,0,1,0,0,25,1,0,140,0,0,1,0,0,0,1,0,0,1,0,0,0,47,0,0,7,0,0,0,0,4,0,0,125,0,1,0,1,20,0,0,0,0,0,0,40,0,33,0,0,261,0,0,0,2,0,0,1,0,0,0,0,0,0,0,1,0,1,4,4,0,15,71,5,0,5,0,8,0,0,0,0,0,0,23,10,3,1,10,60,0,0,0,0,1,2,1597,0,0,322,0,0,0,0,0,30,7,0,0,0,0,11,0,0,0,0,129,0
"730",0,0,0,4,0,0,0,0,0,0,0,0,0,0,228,0,0,17,4,0,43,32,0,0,0,0,0,0,0,11,0,0,0,107,0,0,184,583,11,0,0,19,0,0,0,139,0,1,0,0,13,0,0,0,0,0,0,0,0,111,5,0,0,1,0,0,28,0,23,0,42,6,0,22,2779,0,0,0,0,32,0,1,7,0,0,4,0,1,0,24,0,20,0,0,0,0,0,0,0,0,0,0,0,4,0,7,0,387,0,16,0,0,1,0,17,0,0,0,17,37,0,0,0,0,489,0,0,0,0,0,0,153,143,0,0,76,16,0,0,0,21,0,0,0,0,0,6,0,0,0,5,0,0,4,1,0,0,0,0,167,0,40,0,327,0,0,0,7,2,0,2,0,0,0,83,0,7,0,39,1,0,0,0,0,2,0,0,0,0,0,1,82,3,1,0,0,0,0,0,25,0,0,0,1,0,4,0,0,24,0,0,84,0,0,12,0,47,26,150,0,0,0,0,0,0,0,0,0,94,91,0,0,0,103,0,0,1,0,0,17,53,0,217,0,3,2,15,0,0,0,0,3,18,0,1,3,8,0,10,47,1,0,0,1,10,0,0,0,11,0,0,0,0,0,0,4,0,1,53,1822,0,0,546,0,0,0,0,0,44,0,0,0,3,0,0,0,8,0,0,0,0
"731",0,0,0,0,0,0,0,0,0,0,0,0,0,0,15,0,0,0,0,0,1,37,0,1,0,2340,0,0,41,7,3,0,0,89,0,0,0,254,0,0,1,0,0,0,0,239,0,0,0,0,0,2,0,0,0,0,0,0,0,1,0,0,0,0,0,0,134,0,0,0,0,0,0,0,0,0,0,0,0,1,0,0,0,0,0,66,45,0,0,172,0,9,3,0,0,1,0,0,33,0,0,0,0,0,0,0,0,483,7,0,11,0,0,66,15,1,0,113,862,37,4,58,0,0,87,0,0,0,0,0,0,1,0,1,0,0,1,0,0,0,26,0,0,1,0,0,0,17,0,0,0,9,0,0,0,0,0,1,0,48,38,0,0,0,0,0,0,86,0,0,19,0,0,0,1,4,0,0,32,0,0,0,0,0,5,0,0,0,0,1,1,50,5,13,0,0,0,0,2,0,0,1,0,0,0,0,0,0,14,5,6,0,0,0,0,7,0,0,0,0,0,0,0,0,0,0,0,0,1,0,0,0,0,669,0,0,0,0,0,243,5,0,0,0,3,369,0,0,17,0,0,0,0,0,0,6,0,0,0,0,3,0,0,2,0,0,0,0,0,154,0,0,721,0,19,0,0,0,0,158,0,0,434,5,0,0,0,0,0,0,0,0,0,0,0,0,7,0,0,383,0
"732",27,0,0,8,28,0,1,0,67,0,0,0,0,166,1,41,0,0,0,0,301,78,37,1,0,1,32,0,2,66,34,0,0,0,0,0,0,0,0,0,3,0,0,0,0,375,1,72,0,0,0,0,0,3,0,0,0,0,0,154,0,0,11,42,0,0,143,0,6,56,58,0,0,0,0,0,20,0,0,880,0,86,177,0,0,1,0,0,0,0,0,4,4,0,0,0,0,0,0,708,12,0,0,0,0,0,0,75,1,0,0,0,0,0,136,1,0,2,0,17,16,224,0,0,0,0,0,0,0,0,0,0,0,0,1,0,1,0,3,0,0,0,0,84,0,9,0,64,4,0,40,0,0,8,2,0,7,7,0,354,0,0,0,142,0,0,0,0,0,5,0,0,0,1,18,0,0,0,0,0,0,0,0,1,18,10,3,0,0,1,4,506,0,0,0,0,1,0,0,0,0,1,0,64,167,0,0,0,11,0,0,0,0,0,0,0,94,45,0,0,87,0,0,0,0,0,0,0,0,0,354,0,0,78,0,0,0,0,0,7,1,0,18,0,11,1,0,22,0,0,0,0,0,2,108,90,0,0,37,634,3,0,0,6,0,0,0,0,4,7,54,0,67,0,0,0,0,0,0,1880,0,0,0,0,0,0,1,0,0,0,0,0,0,0,15,0,0,0,0,227,0
"733",10,6,0,0,89,0,1,0,2221,0,0,0,10,0,3,0,23,0,0,0,14,26,0,4,0,517,14,0,73,0,101,0,0,7,0,122,1,71,0,0,0,19,0,3,0,13,0,55,8,0,0,3,0,0,4,11,0,0,1,41,8,0,19,4,1,0,597,5,1,143,15,0,0,3,0,0,16,5,0,119,0,8,130,0,0,1,502,0,0,17,0,7,1,0,0,0,0,0,9,74,1,0,0,0,0,1,0,525,1,1,0,1,3,50,25,1,4,1,271,3,0,24,0,0,64,112,2,0,17,0,5,0,1,0,0,0,62,0,0,0,18,1,39,2,19,1,66,21,2,0,8,0,0,0,1,0,2,0,7,1,0,0,0,0,0,0,0,1,1,0,27,0,0,1,20,0,0,7,81,5,0,0,0,5,7,1,1,0,0,0,0,86,3,3,1,0,0,2,1,0,0,1,0,3,0,140,0,0,5,1,0,0,0,10,33,3,31,134,242,4,11,19,0,0,0,1,1,0,1,0,3,0,0,54,0,0,0,0,0,2,1,0,1,8,1,18,0,0,1,0,0,0,6,0,2,4,137,0,19,6,2,3,0,28,0,0,0,0,28,1,0,33,20,0,1,0,0,0,2,1349,0,0,16,0,0,0,0,0,16,24,0,0,7,0,2,0,1,46,0,108,4
"734",59,0,0,0,183,0,1,0,0,0,0,0,42,0,0,0,0,0,0,3,0,3,17,3,0,2881,88,0,14,234,0,0,0,347,0,0,0,0,0,0,4,29,0,0,0,84,0,0,0,0,0,16,0,0,0,27,0,0,0,0,0,0,0,0,0,0,0,0,0,0,0,0,7,0,0,359,0,0,0,11,0,3,252,0,0,0,0,0,0,0,0,12,0,0,0,0,86,0,0,786,0,16,0,0,0,0,0,436,0,31,0,0,0,0,109,0,61,0,129,0,0,0,0,0,53,15,32,0,0,0,1,0,0,0,0,0,0,1,0,0,40,29,84,0,0,120,0,0,0,0,0,0,0,0,0,0,0,0,0,0,0,0,0,0,0,0,0,0,0,0,3,0,0,0,0,0,0,0,0,0,0,0,0,0,15,0,0,0,0,1,0,29,0,0,0,0,0,0,0,0,0,0,0,679,0,38,2,0,0,1,0,0,0,0,0,0,0,6,206,0,25,0,0,0,0,0,0,0,0,0,0,1,0,149,0,0,0,0,0,15,0,0,0,0,112,0,0,0,0,0,0,0,0,0,0,0,0,0,6,12,0,0,0,4,0,0,0,0,3,181,0,14,304,0,0,0,0,0,0,1387,0,0,142,0,0,23,0,0,0,0,0,0,0,0,0,0,8,0,0,0,0
"735",28,3,0,0,45,0,0,68,430,0,0,0,0,0,6,0,0,0,0,0,81,32,25,0,0,1,30,0,0,0,237,209,0,268,0,0,0,0,0,0,0,84,168,0,0,0,0,27,0,0,0,1,0,0,22,13,0,0,0,212,0,7,0,0,210,0,217,0,0,0,81,0,0,21,0,118,0,0,0,175,0,0,0,0,6,0,0,0,0,288,0,4,1,0,0,37,0,25,0,141,0,23,0,0,8,0,72,85,1,2,1,16,0,182,21,0,208,0,186,1,0,9,0,0,258,10,0,0,0,0,0,0,0,0,0,0,0,0,0,0,0,2,0,0,1,0,0,30,0,0,7,0,0,26,0,0,0,0,10,80,0,5,0,0,0,3,5,0,0,0,0,0,0,0,0,0,0,210,643,0,0,0,0,8,0,0,0,0,0,1,0,460,0,0,1,0,0,0,0,0,0,1,0,670,0,0,0,0,0,0,0,0,0,0,0,0,0,0,217,6,0,0,0,94,0,0,0,0,98,0,157,0,6,53,0,0,0,0,0,15,0,0,0,0,0,38,0,0,1,0,20,0,0,0,0,0,0,0,0,136,0,0,0,0,1,0,1,0,181,4,0,0,169,0,2,0,0,0,0,717,0,0,821,0,0,0,0,0,24,41,0,0,0,0,64,0,7,0,0,36,0
"736",0,0,1,0,0,0,36,0,0,0,0,0,0,0,0,0,0,0,0,0,0,0,0,0,0,2019,0,0,62,0,0,17,0,87,0,0,0,0,0,0,0,0,0,0,0,122,0,0,0,0,0,0,0,0,0,0,0,0,0,7,0,0,0,0,0,0,220,0,0,145,0,0,0,0,0,0,0,0,0,3,0,36,0,0,0,0,0,0,0,0,3,0,2501,0,0,200,0,0,141,0,0,198,0,0,0,0,0,683,0,0,0,0,0,0,0,0,0,0,0,0,0,0,0,0,0,31,0,0,4,0,0,0,0,0,0,0,0,0,0,0,0,0,0,0,0,0,0,0,0,0,0,0,2,0,4,0,0,0,276,200,0,0,0,0,0,0,0,0,0,0,0,0,23,0,0,0,0,1,88,0,0,0,0,0,0,0,0,0,0,0,0,113,0,0,0,0,0,0,0,0,0,0,0,4,274,0,0,2,0,0,0,0,0,0,0,0,0,0,0,0,286,30,0,26,0,16,0,5,44,0,0,0,0,0,0,0,0,0,0,0,0,0,0,0,3,0,0,0,0,0,0,0,0,0,0,3,4,0,0,0,9,0,0,0,0,0,2,0,0,0,0,0,446,0,0,0,0,0,0,0,0,0,252,0,0,0,0,0,0,0,5,0,0,0,312,0,0,0,1,0,0
"737",141,0,0,0,0,0,184,19,3164,0,0,0,26,729,18,0,0,0,0,0,4,0,20,3,0,175,18,0,3,0,0,0,0,35,0,0,11,6,0,0,4,28,0,97,0,31,0,0,16,0,0,6,0,0,0,0,0,92,0,3,0,12,0,0,274,0,0,0,0,0,105,0,12,13,0,0,0,0,0,0,155,0,0,0,7,0,1,0,0,0,0,1,23,0,0,1,0,0,0,99,0,86,0,0,18,0,53,44,1,0,0,0,0,0,16,1,0,1,7,11,4,0,0,0,211,28,0,0,0,0,13,0,0,0,0,216,1,6,0,0,0,2,103,0,73,525,0,5,0,0,0,0,1,0,0,0,0,0,0,35,0,0,0,0,0,0,0,3,0,0,0,0,0,0,0,0,0,0,1,0,0,0,0,0,0,0,0,0,0,31,0,24,0,1,0,3,0,0,0,0,0,1,0,0,0,15,0,0,0,0,0,0,0,0,0,0,1,0,220,9,1,0,0,0,0,0,0,0,54,0,37,0,0,28,0,0,0,33,0,1,23,0,0,0,0,0,0,0,1,0,27,0,0,0,0,16,0,0,0,4,0,0,0,0,0,0,0,0,0,19,0,0,862,0,1,0,0,0,0,183,0,0,109,0,0,14,0,0,0,27,0,0,0,0,0,0,8,0,0,10,0
"738",0,0,0,9,0,0,0,0,0,0,0,0,0,0,54,0,1,0,0,0,0,11,0,82,0,2687,0,0,927,96,0,0,0,0,0,0,118,0,0,0,1,0,0,0,0,0,0,0,0,0,0,0,0,0,0,0,1,1,0,0,0,0,5,0,0,0,0,0,0,0,6,0,0,0,0,0,1,0,0,0,0,0,5,0,0,1,4,0,0,0,0,432,0,0,0,0,0,0,0,0,0,59,0,0,1,0,0,439,0,0,0,0,0,0,1,1,0,0,36,0,0,0,0,0,0,0,0,0,0,0,0,0,0,3,0,0,20,1,0,0,3,0,0,1,0,0,3,0,0,0,0,0,0,11,5,0,63,0,0,15,0,0,0,0,0,0,0,0,0,0,1,0,0,0,51,0,0,0,0,2,0,0,0,0,1,0,0,0,0,0,1,0,5,1,0,0,0,0,0,0,0,0,0,0,0,3,1,0,0,71,0,0,0,0,0,3,0,0,142,0,0,0,0,0,0,0,0,0,0,0,126,0,0,1023,0,0,1,4,0,9,0,0,0,0,7,26,0,0,0,0,0,0,0,0,10,6,4,0,0,0,0,0,0,1,0,0,0,0,0,0,0,0,261,0,0,0,0,0,3,2512,0,0,0,0,0,0,0,0,0,0,0,0,0,0,38,0,8,0,0,233,0
"739",0,0,0,0,54,0,10,2,573,0,0,0,17,79,1,0,0,0,0,1,18,8,0,5,3,50,16,0,29,13,10,4,0,41,0,0,163,109,12,0,5,92,1,24,0,1,0,6,0,0,4,2,4,0,3,11,0,83,0,2,0,10,9,0,2,0,28,0,0,0,11,0,0,5,0,0,0,0,0,1,42,0,38,0,25,0,33,1,0,100,1,10,2,14,0,1,0,0,0,200,0,27,0,0,0,68,1,279,1,0,0,16,0,32,24,0,103,0,20,3,10,43,0,0,151,18,0,0,0,36,6,81,0,0,1,0,6,0,49,0,1,3,0,0,0,0,34,4,0,29,4,7,0,26,1,0,9,5,1,27,0,8,1,115,1,0,0,58,0,0,0,0,0,0,0,0,0,3,22,0,1,0,0,22,12,0,0,0,32,3,0,23,3,0,194,0,0,0,0,0,0,1,0,1,0,7,0,0,8,1,0,0,2,0,13,0,18,1,173,30,0,8,3,0,0,1,5,0,14,0,94,0,7,16,2,0,0,0,0,4,2,0,0,13,0,0,0,0,1,37,4,6,9,0,4,1,3,0,4,3,0,0,0,1,1,0,0,0,0,58,0,50,1066,0,8,0,4,1,2,3351,0,0,159,0,0,0,0,18,2,7,0,0,0,0,61,0,7,0,0,35,0
"740",5,17,0,0,11,8,1,0,0,0,0,0,4,0,1,0,0,0,0,0,0,48,0,1,0,1017,0,0,6,117,104,0,0,185,0,0,101,0,0,0,6,57,0,0,0,296,0,13,0,0,0,0,0,0,0,34,0,0,0,198,0,0,0,1,0,0,23,0,1,0,33,0,18,0,0,0,16,0,0,152,0,13,13,0,0,1,39,0,0,0,0,5,1,0,0,0,0,0,0,277,0,6,0,0,12,0,0,14,1,0,1,0,0,0,79,2,0,18,280,0,0,0,0,0,657,463,0,0,0,0,0,433,0,4,0,0,1,0,0,0,2,0,0,2,0,0,0,0,0,0,21,0,0,8,0,0,0,0,0,0,0,2,0,0,0,0,0,0,0,4,0,0,1,0,0,0,5,0,0,0,0,0,0,0,28,0,0,0,0,1,1,269,0,0,0,0,0,0,6,0,0,1,0,1,0,0,0,0,6,1,1,0,0,0,0,1,0,41,249,0,0,19,0,0,0,0,0,0,69,0,609,0,0,11,0,0,0,0,0,79,5,0,0,0,1,1,0,0,1,0,0,0,0,0,4,1,0,0,0,0,4,0,0,1,1,0,0,0,0,3,0,48,442,0,0,0,0,0,0,1817,0,0,386,0,0,0,0,1,36,0,0,0,0,0,0,0,3,0,0,223,0
"741",0,0,0,0,0,0,1,49,0,1,1,1,0,363,38,0,0,1,0,3,39,40,0,0,3,0,0,0,0,24,93,245,0,0,0,0,0,23,0,0,0,0,0,60,0,27,0,3,0,0,8,0,0,0,9,0,0,0,0,164,0,15,0,0,0,1,1,0,0,0,19,0,0,12,53,0,0,0,0,63,0,1,1,7,50,0,0,0,0,209,20,0,0,1,97,0,0,1,72,0,4,0,0,1,1,1,7,251,349,52,0,57,0,65,0,0,0,173,37,33,0,0,0,1,128,10,0,0,1,8,14,374,0,0,0,7,0,0,0,0,0,0,0,0,54,0,0,32,0,0,5,16,0,0,0,0,0,0,0,16,0,0,1,284,0,0,0,0,0,5,9,0,1,0,0,0,0,11,85,1,1,0,0,1,0,0,0,42,7,1,0,35,0,0,127,0,0,1,11,0,145,0,0,1,0,7,10,0,0,0,0,0,8,4,1,0,51,1,0,4,0,3,36,0,0,0,7,0,48,0,21,1,0,68,0,1,0,0,0,0,1,0,0,0,0,0,0,0,1,25,0,0,35,0,10,11,0,6,10,8,0,9,0,0,0,0,0,0,16,984,10,17,347,0,0,0,0,3,8,3696,0,0,125,0,0,0,0,0,11,37,0,0,1,0,19,32,111,185,0,13,0
"742",0,0,0,0,0,0,1,0,0,1,0,0,0,0,16,0,0,0,1,8,8,20,0,0,0,1310,0,0,0,0,0,0,0,24,0,0,42,176,0,0,0,0,0,0,0,220,0,3,0,0,0,0,0,0,0,0,0,0,0,126,0,1,0,0,0,4,33,0,0,0,14,0,0,0,44,0,0,0,0,92,0,1,0,0,27,0,1,0,0,36,0,75,0,0,0,2,0,0,30,0,0,0,0,0,1,0,18,0,0,0,0,0,0,136,0,0,0,0,75,0,3,0,0,1,1937,45,0,0,189,0,63,7,0,0,0,0,0,0,0,0,0,0,0,0,0,0,0,7,0,1,11,1,0,1,1,0,0,1,0,58,0,0,0,1,0,0,0,0,0,0,3,0,1187,0,0,0,0,1,0,0,10,0,0,0,6,0,0,0,0,0,0,221,0,0,0,0,0,0,8,0,0,0,0,231,0,1,0,0,0,0,11,0,5,0,13,0,0,3,0,1,0,1,0,0,0,0,0,0,4,0,141,0,0,392,0,0,0,0,0,0,53,0,86,0,0,0,0,0,0,0,0,0,0,0,0,0,1,0,8,137,0,0,0,3,0,0,0,0,0,0,0,39,0,0,0,0,0,1,0,2072,0,0,339,0,0,0,3,0,0,78,0,0,0,2,26,0,75,14,0,109,0
"743",0,0,0,0,0,0,2,0,0,0,0,0,0,0,53,0,0,1,0,0,3,45,0,1,0,2360,0,0,2,1,38,374,0,97,0,0,2,0,1,1,0,0,0,38,0,10,0,3,0,0,3,0,0,0,0,3,0,0,0,206,0,0,0,10,0,0,20,0,0,18,11,0,0,5,0,0,0,0,0,28,0,0,3,0,1,12,0,0,0,24,0,25,110,0,0,3,0,0,0,0,0,14,0,0,8,0,3,160,1,23,0,0,3,113,2,0,0,0,8,2,0,0,0,0,230,0,0,0,0,1,3,1,0,0,0,0,11,0,0,0,5,0,34,0,0,0,5,3,0,0,13,0,0,1,1,0,7,0,1,46,0,0,0,0,0,0,0,0,0,0,10,0,1,0,0,0,0,13,8,10,0,0,0,1,1,0,0,0,0,1,0,45,0,9,2,0,0,0,0,0,0,1,0,5,0,51,0,0,9,0,0,0,1,0,22,0,45,51,23,0,19,19,0,0,0,28,0,0,40,0,36,0,0,3035,0,0,10,0,0,6,13,0,44,0,3,0,0,0,1,0,6,1,0,0,3,6,0,0,18,155,3,0,0,9,1,0,0,0,0,107,0,10,79,0,0,0,0,0,1,1076,0,0,377,0,0,0,0,0,3,14,0,0,0,0,20,0,9,0,0,97,0
"744",0,0,0,0,0,0,0,60,0,0,0,0,1,0,0,0,0,0,0,0,87,10,0,0,0,0,0,0,22,0,0,0,0,77,6,0,49,106,0,0,0,0,78,82,0,92,0,0,4,0,0,6,0,0,0,1,0,0,0,7,0,0,1,0,0,16,27,9,0,0,62,0,0,0,0,0,0,0,0,191,0,20,0,0,0,0,369,3,0,89,544,4,115,0,0,51,0,0,82,0,0,0,0,0,0,0,0,0,0,46,0,0,0,97,0,1,0,0,0,84,0,23,137,0,239,0,0,0,0,0,108,75,0,1,0,0,235,0,0,0,63,0,0,0,0,0,7,0,0,6,0,0,0,0,0,0,0,0,31,0,0,0,0,294,0,0,0,5,0,0,5,95,1,22,0,0,0,0,79,0,0,0,0,0,10,0,0,0,0,0,0,111,23,0,0,0,0,0,0,0,0,0,0,0,75,44,0,0,1,15,0,0,129,0,48,0,29,38,12,5,0,0,0,0,0,0,0,0,0,3,314,0,0,1981,0,0,0,0,0,0,0,0,0,0,9,0,0,1,0,0,0,0,4,0,18,76,0,0,1,380,0,0,0,30,0,0,0,0,0,859,0,0,25,0,0,0,0,0,39,303,0,0,405,0,0,0,0,193,0,100,0,0,0,0,42,0,58,0,0,13,0
"745",0,0,0,0,0,0,5,0,0,0,0,0,0,0,133,5,0,0,0,0,0,10,0,0,0,2844,0,1,0,3,0,2,0,84,0,0,10,0,0,0,0,0,0,0,0,0,0,3,0,0,6,0,0,6,8,0,0,0,0,0,0,0,0,2,0,0,218,0,0,0,36,0,0,0,0,54,0,0,0,0,0,0,440,0,0,1,0,0,0,0,0,0,0,158,0,0,0,0,0,0,0,0,0,0,0,0,0,0,0,0,0,0,0,0,8,0,0,0,25,0,0,0,0,1,34,0,0,0,0,0,0,0,0,0,0,0,0,0,0,0,90,0,0,0,0,0,40,0,0,0,22,0,0,55,0,0,0,0,0,98,0,22,0,0,0,0,0,0,0,0,0,1,0,0,0,0,7,65,0,0,0,16,0,9,3,0,0,0,0,0,15,49,0,0,0,0,0,0,1,0,0,0,0,1,0,52,4,0,0,8,0,0,0,0,0,0,0,23,501,0,113,4,0,0,0,0,20,0,0,0,0,0,0,495,4,0,6,0,0,1,0,0,0,0,0,0,0,0,0,0,0,0,0,0,23,1,3,0,0,11,0,0,0,0,0,0,0,0,0,0,0,20,197,0,0,0,0,0,0,3379,0,0,0,0,0,7,0,0,0,0,0,5,14,0,21,0,8,0,0,0,0
"746",0,0,4,0,0,0,0,74,1456,0,0,0,0,0,17,0,4,0,0,1,0,15,0,0,0,0,0,0,0,12,177,0,0,0,0,0,0,0,0,0,0,0,0,0,0,0,0,0,0,0,0,0,0,0,74,1,0,1,0,0,0,0,0,0,0,0,17,0,0,62,40,0,0,85,0,0,0,0,1,20,0,7,1,0,22,0,1,0,0,26,0,4,3,0,0,0,0,0,70,0,0,0,0,0,3,0,60,214,0,0,0,0,0,95,0,0,0,0,75,1,0,0,0,99,18,0,10,0,0,0,0,0,0,0,0,0,6135,0,0,0,57,0,0,0,0,0,0,13,0,0,0,0,0,7,0,0,23,0,0,0,0,0,0,0,0,0,0,0,0,0,4,0,0,0,0,0,0,9,105,0,0,0,0,0,0,0,0,0,0,0,0,0,0,0,0,0,0,3,0,0,0,0,430,1,0,10,0,0,0,0,0,0,0,0,0,0,198,27,0,0,1,0,0,0,0,0,0,0,0,0,4,0,0,19,0,0,4,0,0,0,0,0,0,0,3,46,0,0,0,0,0,0,6,0,10,1,9,0,0,13,0,0,0,0,0,0,0,0,36,20,0,0,0,0,0,0,0,0,0,0,0,0,1,0,0,0,0,0,0,50,0,0,0,0,30,0,3,0,0,9,0
"747",0,0,1,0,0,0,9,0,6,0,0,0,12,0,43,0,0,0,8,0,71,24,0,23,0,339,0,0,0,0,0,0,0,0,0,0,45,76,0,0,3,7,0,0,0,111,0,0,0,0,0,0,0,0,0,1,0,0,0,0,3,67,3,0,0,0,19,0,0,0,32,0,0,0,0,0,0,0,0,248,0,0,25,0,0,0,0,0,0,0,0,1,3696,0,0,0,4,0,0,0,0,12,0,0,0,1,0,832,0,0,0,0,0,12,0,0,0,0,25,0,0,0,0,1,100,0,0,0,0,0,0,136,0,0,0,0,5,0,0,0,9,0,0,0,0,0,0,1,0,0,8,0,0,39,1,0,37,0,31,0,14,0,0,0,0,0,0,0,1,0,1,0,6,0,0,0,0,0,0,0,0,0,0,0,0,0,0,0,0,0,0,0,2,0,445,0,0,0,0,0,0,0,0,0,0,11,0,0,7,9,1,0,0,0,0,0,48,0,34,0,0,1,0,0,0,0,0,0,61,0,55,0,0,245,46,0,0,0,0,0,0,0,0,0,0,0,1,0,0,0,0,5,0,0,0,0,5,0,0,1,10,0,0,0,0,3,0,0,0,0,0,0,0,0,0,0,6,0,0,2921,0,0,0,0,0,0,0,0,0,11,0,0,0,5,0,0,10,0,0,66,0
"748",11,1,0,0,11,3,0,8,0,0,0,0,4,0,1,0,0,0,0,2,105,152,21,0,0,1040,0,0,49,11,1,0,0,0,0,0,7,478,0,0,3,7,0,0,0,45,0,8,0,0,0,0,0,0,0,38,0,0,0,222,0,0,0,4,0,0,25,0,0,21,26,2,6,4,0,7,19,0,0,164,0,20,46,0,84,1,1,0,0,374,0,0,0,0,0,0,0,0,41,117,0,0,7,0,0,0,0,199,1,282,0,10,0,20,7,0,2,0,155,0,4,17,0,0,0,0,0,0,0,0,22,85,0,0,0,0,38,0,1,0,0,0,0,1,0,0,205,24,0,0,39,0,0,6,1,1,0,0,0,75,0,2,0,473,0,0,0,23,0,0,0,0,1,0,0,28,0,10,688,0,0,0,0,1,0,0,0,0,0,1,1,107,0,0,0,0,0,0,7,0,0,1,0,97,0,193,1,0,6,7,1,0,0,0,0,0,0,6,0,0,93,11,0,0,0,0,1,0,79,0,686,0,0,376,0,0,0,28,0,2,1,0,0,0,1,0,0,0,1,0,0,0,0,0,21,0,5,0,20,2,0,0,1,3,1,1,0,0,0,287,0,4,8,4,0,0,0,0,0,743,0,0,549,0,0,1,0,2,35,157,0,0,0,0,0,0,5,0,0,175,0
"749",0,3,0,0,0,0,8,0,0,0,5,0,0,0,1,2,1,0,0,0,0,9,0,3,0,7,0,0,2,10,147,0,0,72,0,0,0,88,0,0,0,0,0,0,0,0,0,3,0,0,1,0,0,1,3,1,0,0,0,87,0,0,1,3,0,0,14,0,6,0,26,0,0,0,0,0,0,0,0,213,0,1,18,0,0,1,0,0,0,83,0,1,2,0,0,1,0,0,0,0,0,22,0,1,0,0,0,4108,5,0,0,0,0,0,1,2,11,4,79,0,0,0,17,0,129,10,0,0,0,0,83,0,0,0,1,0,0,0,0,0,21,0,28,1,0,0,6,2,0,0,0,0,3,0,0,0,1,128,0,42,1,6,0,0,0,0,0,0,1,0,1,1,1,21,6,16,0,101,12,0,1,0,0,1,21,0,1,0,0,1,0,131,0,1,0,0,0,0,1,0,0,1,0,1,1,10,0,1,11,19,1,0,0,0,0,3,0,0,103,0,8,15,0,0,0,1,84,1,0,0,0,1,0,10,0,0,1,7,0,1,1,0,0,0,2,1,15,0,1,0,0,0,4,0,5,1,15,0,2,0,0,0,0,1,3,0,1,0,5,1,0,33,403,0,0,0,0,1,0,2927,0,0,15,0,0,0,0,0,0,6,8,0,0,1,49,0,2,0,0,8,0
"750",54,0,0,0,68,17,1,0,36,0,0,0,15,159,5,3,0,0,0,0,0,4,0,3,0,928,28,0,42,52,52,0,1,30,0,0,0,1,0,4,4,0,0,73,0,0,0,6,10,0,0,0,0,0,0,0,0,88,0,4,0,0,10,1,5,0,78,0,2,38,18,0,0,13,0,0,0,0,0,0,0,5,0,0,0,3,0,0,0,238,78,8,19,0,0,0,0,0,51,136,0,49,0,0,0,0,176,116,0,0,1,26,0,0,51,5,0,1,15,0,4,0,0,27,14,0,0,0,0,0,0,173,0,5,0,52,1060,0,0,0,4,0,134,0,0,7,25,67,1,0,5,0,0,0,0,0,26,0,0,0,0,0,0,0,0,0,0,0,0,4,0,0,1,0,1,0,0,0,108,2,0,0,0,0,1,25,0,0,0,0,0,32,3,2,0,2,2,0,0,0,0,26,0,1,1547,1,0,0,0,3,0,0,0,0,3,0,74,0,0,0,1,0,0,0,0,0,0,0,0,0,48,0,0,159,0,0,1,0,0,9,0,0,0,0,1,0,0,1,0,0,0,3,0,1,13,1,0,0,0,0,1,0,0,0,0,0,0,0,0,260,0,0,472,0,1,0,0,0,4,2374,0,0,29,2,0,0,0,6,29,0,0,0,0,0,91,0,0,0,0,14,0
