"","V1","V2","V3","V4","V5","V6","V7","V8","V9","V10","V11","V12","V13","V14","V15","V16","V17","V18","V19","V20","V21","V22","V23","V24","V25","V26","V27","V28","V29","V30","V31","V32","V33","V34","V35","V36","V37","V38","V39","V40","V41","V42","V43","V44","V45","V46","V47","V48","V49","V50","V51","V52","V53","V54","V55","V56","V57","V58","V59","V60","V61","V62","V63","V64","V65","V66","V67","V68","V69","V70","V71","V72","V73","V74","V75","V76","V77","V78","V79","V80","V81","V82","V83","V84","V85","V86","V87","V88","V89","V90","V91","V92","V93","V94","V95","V96","V97","V98","V99","V100","V101","V102","V103","V104","V105","V106","V107","V108","V109","V110","V111","V112","V113","V114","V115","V116","V117","V118","V119","V120","V121","V122","V123","V124","V125","V126","V127","V128","V129","V130","V131","V132","V133","V134","V135","V136","V137","V138","V139","V140","V141","V142","V143","V144","V145","V146","V147","V148","V149","V150","V151","V152","V153","V154","V155","V156","V157","V158","V159","V160","V161","V162","V163","V164","V165","V166","V167","V168","V169","V170","V171","V172","V173","V174","V175","V176","V177","V178","V179","V180","V181","V182","V183","V184","V185","V186","V187","V188","V189","V190","V191","V192","V193","V194","V195","V196","V197","V198","V199","V200","V201","V202","V203","V204","V205","V206","V207","V208","V209","V210","V211","V212","V213","V214","V215","V216","V217","V218","V219","V220","V221","V222","V223","V224","V225","V226","V227","V228","V229","V230","V231","V232","V233","V234","V235","V236","V237","V238","V239","V240","V241","V242","V243","V244","V245","V246","V247","V248","V249","V250","V251","V252","V253","V254","V255","V256","V257","V258","V259","V260","V261","V262","V263","V264","V265","V266","V267","V268","V269","V270","V271","V272","V273","V274","V275","V276","V277","V278","V279","V280","V281","V282","V283","V284","V285","V286","V287","V288","V289","V290","V291","V292","V293","V294","V295","V296","V297","V298","V299","V300","V301"
"1",0,0,0,1,0,0,0,0,0,0,0,0,0,0,50,0,0,0,0,0,0,0,0,297,0,1,0,0,328,198,104,0,0,0,0,0,531,0,0,0,0,0,0,0,0,8,0,0,0,0,0,0,0,0,12,0,0,0,0,0,0,0,0,0,0,0,43,0,0,0,3,0,0,0,0,0,0,0,0,0,0,0,54,0,0,1,307,0,0,0,0,28,8,0,0,0,0,0,0,0,0,171,0,0,0,0,0,6099,0,38,0,0,6,0,0,14,0,0,281,0,0,0,0,0,74,0,0,0,0,0,0,0,0,6,0,0,1,0,0,0,0,0,0,0,0,0,0,0,0,0,7,1,3,0,1,0,30,0,0,2,3,0,0,0,0,0,0,0,0,0,0,0,0,0,0,0,0,0,0,0,0,0,0,0,0,0,11,0,0,0,0,56,0,0,0,0,0,0,0,0,0,0,0,0,0,98,0,0,3,0,0,0,0,0,1,0,0,0,302,0,137,23,0,0,0,0,0,0,0,0,0,0,0,155,0,0,1,0,0,0,0,0,0,0,11,0,0,0,0,0,0,0,0,0,8,2,6,0,2,11,0,0,0,0,0,0,0,0,0,0,0,0,737,0,0,0,0,0,0,0,0,0,0,0,0,0,0,0,4,0,0,0,0,0,0,46,4,0,0,23,0
"2",0,0,0,0,0,0,1,21,0,0,0,0,0,0,0,0,5,0,0,1,82,129,0,0,0,1621,0,0,7,0,43,0,0,0,0,0,0,196,0,0,0,0,0,0,0,87,0,11,0,0,0,0,0,0,61,1,1,0,0,313,0,0,9,0,0,0,0,0,0,0,33,0,0,0,0,0,0,0,0,211,0,0,36,0,0,0,0,0,0,14,0,16,87,0,0,7,3,0,0,0,0,5,0,0,0,0,0,1444,0,0,0,0,0,95,0,0,0,0,179,0,1,0,0,2,285,0,0,0,0,0,0,7,0,0,0,0,435,0,0,0,0,0,0,0,0,0,0,0,0,0,0,30,0,0,0,0,0,0,0,0,0,0,0,0,0,0,0,0,0,0,0,0,34,0,0,0,0,0,209,4,0,0,0,0,9,0,0,0,0,0,0,177,0,0,0,0,0,3,0,0,0,0,0,69,1,60,0,0,0,0,1,0,0,0,0,2,89,182,383,0,60,11,0,0,0,0,4,0,0,2,101,0,0,914,0,0,0,0,0,0,0,0,0,0,3,0,0,0,0,0,0,0,0,0,46,160,0,0,0,0,1,0,0,4,0,0,0,0,0,156,52,0,99,0,0,0,0,0,3,1145,0,0,285,0,0,0,0,5,0,30,0,0,0,0,11,0,0,0,0,210,0
"3",1,0,0,0,0,0,0,0,0,0,0,0,0,0,13,0,0,0,0,0,0,0,0,285,0,3915,0,0,7,14,77,0,0,50,0,0,24,12,0,0,0,0,0,0,0,0,0,0,0,0,0,0,0,1,0,0,0,0,0,5,0,0,0,0,0,0,20,0,3,0,0,0,0,0,0,0,0,0,4,0,0,0,6,0,0,3,0,0,0,0,0,2,13,0,0,216,0,0,0,0,0,1,0,0,0,0,0,681,0,34,0,0,8,0,0,0,0,0,15,1,0,0,0,1,0,0,0,0,0,0,7,15,0,0,0,0,115,0,0,0,1,0,0,0,0,0,1,0,0,0,2,0,2,0,0,0,0,0,0,221,0,0,0,0,0,0,0,0,0,0,2,0,0,0,8,6,0,0,0,0,0,0,0,0,0,0,0,0,0,0,0,0,1,0,0,0,0,0,0,0,0,0,0,0,0,0,0,0,0,0,0,0,0,0,0,0,22,0,0,0,0,0,0,0,0,0,0,1,0,0,0,0,0,525,0,0,0,0,0,0,0,0,0,0,0,0,0,0,0,0,0,0,0,0,0,1,1,0,0,0,0,0,0,1,0,0,0,0,0,777,0,0,24,0,1,0,0,0,0,2730,0,0,0,0,0,0,0,4,10,0,0,0,0,0,42,0,1,0,0,69,0
"4",0,0,0,1,0,0,28,0,0,0,0,0,0,0,1,0,0,0,0,0,59,48,0,1,0,3733,0,0,3,0,0,0,0,0,0,0,0,183,0,0,0,0,0,0,0,75,0,12,0,0,0,0,0,0,0,0,0,0,0,251,0,82,1,0,0,0,0,0,0,0,72,0,0,0,0,0,0,0,0,142,0,0,0,0,0,0,0,0,0,0,0,6,0,0,0,1,0,0,0,0,0,2,0,0,0,0,0,193,0,0,0,0,0,0,0,0,0,0,81,0,0,0,0,0,40,0,0,0,0,0,0,0,0,0,0,0,0,0,0,0,8,0,0,0,0,0,0,0,0,0,59,0,0,6,0,0,0,0,0,98,0,0,0,0,0,1,0,0,0,0,0,0,0,0,0,0,0,979,59,3,0,0,0,0,0,0,0,0,0,0,0,45,0,0,0,18,0,0,0,0,0,0,0,0,0,10,0,0,0,1,0,0,0,0,0,0,0,0,62,0,137,254,0,0,0,0,0,0,76,0,0,0,0,222,0,0,0,0,0,0,0,0,0,0,0,29,0,0,0,0,0,11,0,0,0,0,1,0,0,0,0,0,0,2,0,0,0,0,0,2,0,123,0,0,0,0,0,2,4,3173,0,0,138,0,0,0,0,1,0,16,0,0,0,0,0,1,0,0,0,179,0
"5",0,0,0,0,0,1,2,0,0,0,0,0,1,0,7,0,0,9,0,0,73,28,0,0,0,3,2,0,7,0,26,0,7,34,0,0,132,323,0,0,0,0,0,77,0,59,0,6,0,0,81,0,3,0,0,0,0,0,0,10,2,42,0,1,0,0,13,0,0,0,10,0,0,4,0,0,1,0,0,13,3,32,21,6,69,3,75,1,0,135,0,12,4,0,0,0,0,0,23,0,0,2,0,0,0,0,0,151,0,0,0,31,1,148,3,1,0,0,69,10,0,0,0,0,48,0,1519,0,3,108,60,11,0,0,0,1,6,0,0,0,1,0,0,1,0,0,8,1,0,0,6,9,0,0,3,0,0,0,0,82,0,0,0,0,0,0,0,0,0,0,0,0,0,0,0,0,0,53,39,1,0,0,0,0,2,0,0,0,0,0,0,287,1,4,0,0,0,0,0,0,187,0,0,37,0,2,5,0,1,2,0,0,0,0,72,1,69,156,1,2,12,0,0,0,0,0,0,0,78,0,32,0,0,1075,0,0,0,0,0,0,0,0,0,0,1,0,0,0,0,0,3,3,18,0,7,162,1,0,2,0,1,20,0,11,66,4,0,0,0,400,0,80,227,0,2,0,0,0,1,2848,0,0,174,0,0,1,3,0,0,120,0,0,0,0,7,0,45,0,0,33,0
"6",0,0,0,0,0,0,1,0,0,0,0,0,0,0,0,0,3,0,0,4,0,0,0,0,0,260,0,0,0,2,0,0,0,0,0,0,0,0,0,0,0,0,0,0,0,8,0,0,0,0,0,0,0,0,0,9,0,0,0,234,0,0,0,0,0,0,200,0,0,0,41,0,0,159,0,0,0,0,0,0,0,31,0,0,59,1,0,0,0,0,0,5,0,0,0,0,0,1,0,0,0,7,1,3,0,0,0,4,0,0,0,0,0,136,0,0,0,0,68,0,0,0,0,12,28,0,0,24,0,0,192,0,0,0,0,0,0,0,0,0,2,0,0,0,307,0,119,0,0,0,0,0,41,52,3,0,0,0,0,0,0,0,0,0,0,0,0,0,0,0,0,1,0,0,0,0,0,0,31,0,0,0,0,0,36,0,0,0,0,0,0,0,0,0,0,0,0,0,0,0,222,0,0,2292,0,6,0,0,0,0,0,0,0,0,0,0,18,0,0,0,0,0,0,0,0,0,556,0,78,0,429,0,1,221,0,0,0,0,0,2,0,0,0,0,3,0,0,0,0,0,0,0,0,0,0,0,0,0,0,0,0,0,15,9,0,0,0,0,0,22,0,137,0,0,0,0,68,3,0,2817,0,0,891,0,0,0,0,0,0,105,0,18,0,0,0,0,1,0,0,0,0
"7",0,0,0,0,0,0,0,13,0,0,0,0,0,0,27,0,0,0,0,5,26,221,0,0,0,2092,0,0,18,8,0,0,0,16,0,0,36,5,0,0,0,0,0,63,0,0,0,0,0,0,0,0,0,0,0,0,0,0,0,0,6,16,0,0,0,0,94,0,0,0,0,0,0,109,0,0,0,0,0,50,0,0,0,0,643,3,0,0,0,127,0,0,0,0,0,0,0,0,22,0,0,0,0,0,1,0,47,435,0,0,0,0,0,36,0,0,0,0,28,6,0,0,0,1,319,262,0,0,0,0,0,51,0,0,0,0,132,0,0,0,17,0,0,0,0,0,0,0,0,1,28,0,0,0,0,0,0,0,143,31,0,0,0,0,0,0,0,0,0,0,0,0,0,0,0,0,0,60,78,0,0,0,0,0,0,0,0,0,0,0,0,39,0,0,0,0,0,2,0,0,0,0,0,0,0,14,0,0,0,0,0,0,11,0,12,0,0,0,5,3,85,0,0,0,0,0,0,0,94,0,113,0,0,483,0,0,0,0,0,0,0,0,0,0,0,0,0,0,0,0,0,0,0,0,6,0,30,0,0,37,0,0,0,0,0,0,0,0,17,0,0,36,657,0,0,0,0,0,0,2533,0,0,132,0,0,0,0,0,12,18,0,0,0,0,193,0,43,0,0,156,0
"8",0,0,0,0,0,0,8,24,0,0,0,0,0,772,15,0,0,0,0,0,59,9,0,0,0,1236,0,0,231,10,0,0,0,11,0,0,5,0,1,0,2,0,0,133,0,393,0,0,0,0,0,0,0,0,58,0,1,0,0,235,0,64,0,0,0,0,107,0,0,131,22,0,0,12,0,0,0,0,0,0,0,0,0,0,1155,0,0,0,0,0,0,169,5,0,0,0,0,0,7,0,0,1,0,0,0,0,0,2,0,0,0,0,0,1,0,0,0,0,133,13,2,0,0,24,0,0,0,0,0,0,33,13,0,0,0,0,20,0,0,0,6,0,0,0,0,0,26,0,0,0,1,8,0,9,3,0,0,0,0,0,0,0,0,0,0,0,0,0,0,130,0,0,0,0,0,0,0,10,0,0,0,0,0,0,0,0,0,0,0,0,0,76,0,0,0,0,0,0,0,0,0,0,0,18,0,0,0,0,1,0,0,0,0,0,0,0,31,44,6,20,0,70,0,0,0,0,0,0,0,0,345,0,0,0,0,0,0,0,0,0,0,0,0,0,0,0,0,0,0,0,0,0,0,0,0,0,2,0,0,2,0,0,0,1,0,2,0,0,0,1655,0,0,16,0,56,0,0,0,0,1291,0,0,157,0,0,0,0,15,86,18,0,0,0,0,0,0,0,0,0,21,0
"9",0,0,0,0,0,0,0,43,132,0,1,0,0,0,3,2,46,4,0,0,0,9,0,0,1,1854,0,0,15,70,396,0,0,301,0,0,6,196,0,0,0,0,0,0,0,0,0,1,0,0,1,0,0,0,0,0,0,1,0,48,0,0,0,0,0,0,19,0,0,0,0,3,0,1,0,0,0,0,0,13,0,0,143,0,0,2,0,0,0,473,1,63,0,0,0,0,0,0,42,0,0,0,0,0,0,2,88,15,0,2,0,0,0,1013,3,0,0,18,86,0,0,17,29,10,256,0,0,0,0,0,9,0,51,2,1,0,263,0,0,1,4,0,0,0,0,0,3,8,0,6,0,0,1,1,1,0,0,0,27,5,0,0,0,0,0,0,0,0,1,0,1,4,0,1,3,0,1,0,279,1,25,0,0,0,4,0,0,0,0,2,4,357,19,0,0,0,0,0,0,132,0,0,1,0,0,112,0,0,0,0,0,0,2,0,25,1,41,0,62,0,31,0,0,0,0,0,0,0,0,0,10,2,0,1412,0,0,1,0,0,12,0,0,51,18,0,0,0,0,1,0,0,6,0,0,5,10,2,0,17,3,2,0,0,1,0,0,0,0,4,3,0,0,67,0,5,0,1,1,1,366,0,0,177,0,0,0,0,1,0,0,0,33,0,0,22,0,66,0,0,69,0
"10",3,0,0,0,0,0,14,0,0,0,1,1,2,0,5,0,35,1,0,0,171,83,0,1,0,112,0,0,18,27,3,36,3,155,0,0,5,678,0,0,0,0,0,36,0,700,0,1,0,0,8,0,1,5,3,0,0,0,0,27,2,1,0,0,0,4,10,0,0,0,4,1,0,7,0,0,0,0,0,165,0,2,140,0,19,3,0,611,0,81,0,1,7,0,0,0,0,0,29,0,0,0,0,0,1,0,57,121,0,70,0,129,0,8,0,0,0,18,100,0,0,0,0,1,26,0,0,0,0,84,84,0,0,1,0,0,9,0,0,0,5,0,0,0,0,0,12,0,0,0,29,4,43,5,0,0,0,0,0,46,0,0,0,0,0,0,3,0,0,0,7,0,0,0,59,0,0,26,79,1,0,0,0,0,38,0,0,0,0,0,174,70,6,1,31,0,0,0,0,0,0,21,0,0,37,7,0,0,0,6,0,0,0,0,4,2,34,13,9,0,1,2,0,137,0,0,0,0,7,0,103,0,0,188,0,0,1,0,0,1,0,0,102,0,0,0,1,9,3,1,9,8,19,1,4,1,17,0,5,54,35,0,0,4,1,0,0,0,17,1,0,0,71,1,0,0,0,1,10,4052,1,0,104,3,0,0,0,0,30,44,99,0,0,0,12,1,14,0,0,118,0
"11",0,7,0,0,0,0,2,19,0,0,0,0,0,632,127,0,0,0,0,0,31,33,0,79,0,0,0,0,91,0,262,0,0,376,0,0,60,1,0,0,0,0,0,17,0,0,0,0,0,0,1,0,0,4,21,0,0,0,0,4,0,0,0,0,0,0,4,0,0,2,5,0,2,32,0,0,0,0,0,37,0,0,3,0,0,90,0,0,0,192,0,3,0,0,0,14,0,0,0,0,0,0,0,0,0,0,0,73,0,0,0,0,0,32,0,0,0,0,97,0,0,0,0,1,1029,0,0,0,1,0,0,0,0,3,0,62,0,0,0,0,0,0,0,0,0,0,8,0,0,7,0,16,0,0,0,0,0,0,0,84,0,0,0,164,0,0,0,0,0,0,0,0,1,0,0,0,0,22,43,0,0,3,0,0,0,0,0,0,0,0,0,19,0,0,0,1,0,0,0,0,0,0,0,4,0,99,2,0,0,38,0,0,0,1,0,1,11,0,0,0,3,4,0,0,0,0,0,0,28,0,68,1,0,1645,0,0,9,0,0,148,0,0,0,0,0,22,0,0,0,0,0,0,15,0,31,12,0,5,1,0,0,0,3,12,0,0,0,0,0,23,0,0,1083,0,5,0,0,2,3,2464,0,0,231,0,0,0,0,0,0,0,56,0,0,0,27,6,0,0,0,123,0
"12",0,0,0,0,0,0,0,0,0,0,0,0,0,0,483,0,0,1,0,0,0,1,0,0,0,1092,0,0,0,12,6,0,0,0,0,0,42,0,0,0,0,0,0,0,0,0,0,0,0,0,0,0,0,0,0,0,0,0,0,1,0,0,0,0,0,0,51,0,0,0,0,0,0,0,0,0,0,0,0,0,0,0,0,0,0,1,4,0,0,0,0,25,672,0,0,0,0,0,0,0,0,132,0,0,0,0,0,1640,0,2,0,0,0,0,0,3,0,0,109,0,0,0,0,1,407,0,0,0,1,0,0,0,0,1,0,0,0,0,0,0,844,0,0,1,0,0,0,0,0,0,0,1,0,0,0,0,0,0,0,0,0,0,0,0,0,0,0,0,0,0,0,0,557,0,18,0,0,0,0,1,0,0,0,2,1,0,0,1,0,0,1,39,0,6,0,0,0,0,0,0,0,0,0,0,0,57,0,0,0,0,0,0,0,0,0,0,0,0,69,0,0,0,0,0,0,0,0,0,4,0,0,0,0,228,0,0,0,0,0,0,0,0,0,0,42,0,0,0,0,0,0,0,0,0,0,40,0,0,0,0,0,0,0,0,36,0,0,0,0,384,0,0,129,780,0,0,0,0,0,610,0,0,6,0,0,0,0,0,0,0,0,0,0,0,0,0,5,0,0,0,0
"13",0,7,0,0,0,0,2,0,0,0,0,0,0,0,0,0,42,0,0,0,0,32,0,7,0,1798,0,0,15,2,198,0,0,29,0,0,6,0,0,0,0,0,0,0,0,0,0,0,0,1,0,0,0,0,0,0,0,0,0,207,0,0,0,0,0,0,26,0,0,0,0,0,0,0,0,17,0,0,0,50,0,0,0,0,0,86,91,0,0,0,0,4,0,0,0,2,0,0,55,0,0,0,0,0,0,0,0,1,0,0,0,0,0,0,3,27,0,0,55,0,0,0,0,1,0,0,0,0,0,0,0,0,0,1,0,0,39,4,0,0,4,0,0,0,0,0,0,0,0,0,0,0,0,0,0,0,0,0,0,0,0,0,0,263,0,0,0,0,0,0,7,0,0,0,0,0,0,0,0,0,0,0,0,0,21,0,0,0,0,0,0,69,2,0,0,0,0,0,0,0,0,0,0,0,0,13,4,0,0,3,0,0,0,0,0,0,689,0,0,0,0,0,0,0,0,0,0,0,0,4,0,0,0,2897,0,0,0,0,0,7,0,0,0,0,28,0,0,0,0,0,0,0,0,0,11,8,2,0,10,0,27,0,0,35,0,0,0,0,0,6,0,0,153,0,2,0,0,0,0,2988,0,0,6,0,0,30,0,0,0,0,0,0,0,0,0,0,35,0,0,51,0
"14",0,0,0,0,0,0,3,0,0,0,0,0,0,1,0,0,0,0,0,0,0,0,0,0,0,1552,0,0,45,0,246,0,0,0,0,0,25,2,0,0,0,0,0,6,0,0,0,0,0,0,0,0,0,0,0,0,0,0,5,0,0,0,0,0,0,0,34,0,22,31,0,0,0,0,22,0,0,0,0,0,0,0,31,0,1,0,0,0,0,94,1,0,0,0,0,0,0,0,33,0,0,0,0,0,0,1,0,1018,0,66,0,0,0,0,0,0,0,0,26,1,0,0,0,3,0,0,200,0,0,0,1,0,0,0,0,0,0,0,0,2,0,0,0,0,0,0,0,1,0,0,0,0,0,0,1,0,0,0,0,20,0,0,0,0,0,0,0,0,0,0,0,0,1,0,0,0,0,0,471,0,0,0,0,0,0,0,0,0,0,0,0,36,0,0,0,0,0,0,0,0,0,0,0,0,1134,0,0,0,0,0,0,0,0,0,0,0,357,0,0,0,0,0,0,0,0,0,0,0,0,9,10,0,0,1509,0,0,0,0,0,0,0,0,0,0,5,0,0,0,0,0,0,0,0,0,0,0,0,0,0,0,0,0,0,0,0,0,0,38,0,0,0,0,368,0,0,0,0,0,0,1816,0,0,27,0,0,0,0,0,4,0,0,0,0,0,154,0,196,0,0,0,0
"15",0,0,0,1,0,0,0,0,0,0,0,0,0,294,30,0,9,0,0,0,0,0,0,1,0,3356,0,0,21,16,0,0,0,0,0,0,0,668,0,0,0,0,0,0,0,0,0,0,0,0,2,0,0,0,0,0,0,0,0,1,0,0,1,0,22,0,51,13,0,0,40,0,0,6,0,0,0,0,0,0,0,0,0,0,0,3,500,0,0,180,1,22,9,0,0,0,0,0,0,0,0,18,0,0,0,0,0,47,0,0,0,0,0,222,0,0,0,0,244,0,0,0,0,11,0,0,0,0,0,0,0,0,0,1,0,0,20,0,0,0,0,0,0,0,0,0,0,0,0,0,14,0,0,0,1,0,0,0,0,0,5,0,0,0,0,0,0,0,0,0,1,0,0,0,0,0,0,78,59,0,0,0,0,0,0,0,0,0,0,0,0,166,17,0,0,0,0,0,0,0,0,0,0,0,0,29,10,12,2,16,0,0,0,0,0,0,0,14,253,2,0,0,0,0,0,0,0,14,124,0,135,0,0,654,0,0,0,0,0,0,0,0,0,0,0,0,0,0,0,0,0,11,0,0,0,73,4,0,0,12,0,0,0,18,0,0,0,0,0,0,11,0,587,0,2,0,0,0,0,430,0,0,923,0,6,0,0,0,0,3,0,0,0,0,337,0,35,0,8,85,0
"16",1,0,0,0,0,0,13,0,0,0,0,0,0,0,30,0,0,0,0,0,0,10,0,1,0,4657,11,6,3,0,0,0,0,83,0,0,0,0,0,0,0,1,0,19,0,296,0,1,0,0,0,0,0,0,0,0,0,0,0,6,0,0,0,0,0,0,199,0,62,0,0,0,0,0,0,765,0,0,0,0,0,0,0,0,0,7,0,0,0,0,0,58,2,0,0,1,6,0,0,0,0,3,0,0,0,0,0,618,0,0,0,0,0,0,0,0,0,0,147,0,0,0,2,0,32,33,0,0,0,0,0,0,0,0,0,0,18,2,0,0,1342,0,0,0,0,0,0,0,0,0,0,0,0,79,1,0,0,0,0,0,0,0,0,0,0,0,0,0,0,28,0,0,0,0,0,0,0,0,0,0,0,0,0,0,0,0,0,0,0,0,0,0,1,0,0,0,0,0,0,0,0,0,0,0,0,216,24,0,0,1,0,0,4,0,2,0,0,0,0,0,0,31,0,0,0,0,0,0,98,0,0,0,0,116,0,0,11,0,0,6,0,0,0,0,4,0,0,0,0,0,186,0,0,0,0,73,32,0,0,0,0,0,0,0,0,0,0,0,39,0,0,0,72,0,0,0,0,0,0,484,0,0,0,0,0,49,0,1,1,0,0,0,0,0,0,0,7,0,0,0,0
"17",2,0,0,0,0,0,4,0,0,0,0,0,4,0,2,0,4,1,0,0,0,4,0,0,0,6028,0,0,4,0,0,0,0,151,0,0,0,9,0,0,0,0,0,0,0,370,0,0,0,0,1,0,0,0,0,0,1,0,0,44,0,0,0,0,0,15,80,0,0,135,0,0,0,0,0,0,0,0,1,2,0,0,3,0,0,4,0,0,0,63,0,2,5,0,0,0,0,0,0,0,0,0,0,0,1,0,0,652,0,1,0,0,0,0,0,13,1,0,22,0,0,0,0,1,48,0,0,0,0,0,0,0,3,0,0,0,4,0,0,0,65,0,0,0,0,0,0,0,0,4,0,0,2,0,0,0,0,0,0,0,0,0,0,0,1,0,2,0,0,0,2,0,1,1,0,0,0,0,0,0,0,0,0,0,0,0,0,0,0,0,1,41,0,0,0,1,160,0,0,0,0,3,0,1,0,54,0,0,7,0,0,0,0,0,4,0,161,0,0,0,0,0,0,0,0,0,0,0,0,0,0,0,0,0,0,0,0,0,1,0,0,0,0,0,3,11,0,0,0,0,0,0,5,0,1,13,0,0,0,0,0,0,0,1,0,0,0,0,0,9,0,0,103,1,3,0,0,0,0,1493,0,0,28,0,0,0,0,0,0,0,0,0,0,0,0,0,5,0,0,131,0
"18",0,1,0,0,0,1,1,12,0,0,1,1,0,98,0,0,0,0,0,0,22,14,0,0,0,1611,0,0,0,0,26,0,0,185,0,0,7,104,0,0,0,0,124,151,0,151,0,1,0,0,0,0,0,0,20,0,0,0,0,216,0,1,0,0,3,0,149,0,0,0,20,1,1,2,0,0,0,0,0,248,0,1,235,0,4,0,0,0,0,8,1119,0,0,1,0,0,0,0,233,0,0,0,0,18,1,1,72,0,0,0,0,2,0,136,5,0,0,0,127,0,0,0,0,1,97,0,0,0,11,27,59,138,0,0,0,0,0,0,0,0,0,0,0,0,138,0,0,1,0,0,1,20,0,0,1,0,0,0,0,16,0,0,4,227,0,0,0,0,0,0,0,0,1,0,0,0,0,39,326,1,0,0,0,0,33,0,0,0,0,0,0,172,0,0,1,0,0,0,0,0,0,0,0,0,0,3,0,0,0,0,0,0,0,0,6,0,31,6,2,24,64,14,0,0,0,1,0,0,153,9,39,0,0,0,0,4,0,0,0,0,0,0,0,18,0,0,0,0,0,0,303,0,3,1,3,0,0,3,5,0,3,4,0,0,0,0,0,0,0,302,0,14,5,0,0,0,7,1,1,1304,1,0,141,0,0,0,0,0,92,38,0,18,0,0,22,2,0,26,0,0,0
"19",0,0,0,0,0,0,1,0,0,0,0,1,0,31,303,0,0,0,0,0,1,4,0,1,0,2937,0,0,1,0,0,33,0,36,0,177,0,0,0,0,0,0,0,0,0,14,0,1,0,0,1,0,0,0,12,0,0,0,0,2,0,1,0,0,0,5,143,1,0,0,10,0,0,7,0,0,0,0,0,16,0,0,169,0,4,4,0,0,0,30,717,1,6,0,15,86,0,0,48,0,0,0,0,0,1,0,59,1978,6,0,0,129,0,273,0,0,0,1,18,0,0,0,0,1,16,0,0,0,1,6,8,190,0,0,0,0,33,0,0,0,0,0,0,0,5,0,16,0,0,5,8,1,0,0,3,0,0,0,8,1,0,0,3,0,0,0,0,0,0,0,0,0,1,0,0,33,0,4,4,0,10,0,0,0,0,0,0,0,0,0,0,0,0,0,0,0,0,0,0,0,0,0,0,0,0,22,0,0,1,1,0,33,0,1,1,0,45,6,1,6,0,4,0,137,0,7,0,6,69,0,31,1,0,179,0,0,0,0,0,7,0,0,0,0,0,0,0,0,0,0,154,0,0,0,4,1,133,0,0,0,8,6,0,0,0,0,25,0,0,179,0,0,39,0,0,0,0,1,2,182,0,0,19,0,0,0,0,0,34,0,0,0,0,0,143,0,7,15,0,0,0
"20",0,0,0,0,0,0,121,0,0,0,0,0,0,0,34,0,0,1,0,0,0,17,0,3,0,3422,0,0,9,0,0,1,0,0,0,0,0,24,0,0,0,0,0,0,0,1058,0,0,0,0,0,0,0,0,0,0,0,0,0,46,0,0,0,1,0,0,52,0,0,50,26,0,0,0,0,0,0,0,0,15,0,0,0,0,0,1,0,0,0,0,203,12,0,0,0,0,0,0,0,0,0,2,0,0,0,0,0,298,0,1,0,0,0,55,0,0,1,0,60,0,12,0,0,1,0,18,0,0,0,0,0,0,0,0,0,0,47,0,0,0,1,0,0,0,0,0,0,0,0,1,15,0,0,1,0,0,0,0,0,0,0,0,0,0,0,0,1,0,0,160,1,2,0,0,0,0,0,12,141,0,0,0,0,0,1,0,0,0,0,0,1,0,1,1,0,0,0,0,0,0,0,0,0,197,0,0,0,0,0,0,5,0,18,0,0,0,58,206,0,0,8,44,0,47,0,0,0,0,78,0,0,0,1,102,0,0,8,0,0,0,0,0,4,0,1,0,0,1,0,0,0,3,5,0,2,3,0,0,0,0,4,0,0,0,0,0,0,0,6,0,391,0,657,0,0,0,1,0,0,2073,0,0,378,0,0,0,0,1,0,0,0,0,0,0,0,0,1,0,0,49,0
"21",0,0,1,16,0,0,9,4,0,0,0,0,0,523,2,0,0,0,0,0,0,1,0,6,0,2535,0,0,6,0,115,0,0,0,0,0,65,0,8,0,0,0,0,0,0,0,0,0,0,0,0,0,0,1,1,0,0,0,0,83,0,0,1,0,0,0,22,0,0,0,1,0,0,0,0,0,0,0,0,2,0,0,0,0,0,0,0,0,0,22,23,81,7,0,0,0,0,0,0,0,0,0,2,0,1,0,0,0,0,0,0,0,1,0,0,25,0,2,0,0,0,0,0,1,0,0,84,0,0,0,0,0,0,0,0,0,12,0,0,0,7,0,0,0,0,0,33,0,0,0,0,0,0,0,1,0,0,0,0,22,0,0,0,0,0,0,0,0,0,0,27,0,0,0,0,0,0,39,279,0,0,0,0,0,0,0,0,0,0,0,0,3,0,0,0,0,0,0,0,0,0,0,0,0,0,24,0,0,0,8,0,0,0,0,1,0,72,1,449,0,15,13,0,0,0,0,0,0,0,0,0,0,0,2522,0,0,0,0,0,0,0,0,0,0,0,8,0,0,0,0,0,0,0,0,13,13,1,0,0,0,0,0,0,1,0,1,0,0,96,371,0,0,41,0,0,1,0,0,4,1861,0,1,0,0,0,0,0,0,8,0,0,0,0,0,82,0,2,0,0,64,0
"22",0,0,0,0,2,0,1,10,0,0,1,0,1,34,0,0,0,0,0,0,41,0,0,0,0,0,0,0,0,9,134,0,0,0,0,0,11,3,0,0,1,0,0,0,0,0,0,0,0,0,0,0,0,0,1,0,0,0,0,40,0,0,0,0,0,0,14,0,0,0,0,0,0,0,0,0,0,0,0,0,9,1,282,0,0,0,0,0,0,95,81,1,0,0,0,0,11,0,0,0,0,6,0,0,1,0,2,5806,0,0,0,0,0,33,1,1,0,1,60,0,2,0,0,1,0,0,0,0,0,59,0,76,0,0,0,0,0,0,0,0,12,0,0,0,0,0,0,0,0,0,0,8,3,0,0,0,0,2,0,9,0,0,0,0,0,0,0,0,2,0,0,0,1,0,0,0,2,0,58,0,0,0,0,0,10,0,0,0,0,2,0,0,1,0,0,0,0,0,0,814,0,0,0,84,0,16,0,0,0,1,0,0,0,0,0,0,41,1,2,0,10,0,0,0,1,0,0,0,0,0,0,1,0,134,0,0,0,0,0,0,0,0,0,0,0,0,0,0,0,0,0,0,0,0,0,0,20,0,0,0,0,0,0,0,32,0,0,0,10,1551,0,0,14,0,0,0,0,0,2,652,0,0,2,0,0,30,0,0,0,0,0,0,0,1,0,0,0,0,0,1,0
"23",0,0,0,0,0,0,0,0,110,0,0,0,0,361,47,0,0,0,1,0,0,1,0,0,0,3695,0,0,5,0,3,0,3,16,0,0,3,12,0,0,1,0,0,63,0,901,712,0,0,0,0,0,0,0,29,1,0,2,0,1,0,93,1,0,81,0,0,0,0,0,10,0,0,5,0,0,0,0,0,2,0,0,0,0,82,0,0,0,0,8,0,3,0,0,0,0,0,0,2,0,0,0,0,0,1,0,6,0,0,0,0,9,0,0,0,0,0,2,43,0,0,0,0,0,0,0,1,0,0,0,44,152,0,0,0,0,3,6,0,0,0,0,0,0,0,0,1,0,0,0,15,0,0,0,0,0,0,0,16,3,0,0,0,2,0,0,0,147,1,0,0,0,0,0,0,0,0,1,16,0,0,0,0,0,0,13,0,0,27,0,0,5,1,0,333,0,0,1,0,0,0,0,0,0,1,2,0,0,0,0,0,0,0,0,0,0,1,53,0,10,1,0,0,2,0,0,0,0,5,0,107,0,0,103,0,0,0,1,0,100,0,0,0,42,0,0,0,1,0,0,6,0,5,0,1,0,0,0,0,0,1,0,0,0,0,2,0,0,19,213,0,0,452,0,0,0,0,0,1,1569,0,0,64,0,0,0,0,0,47,1,0,0,0,0,1,0,1,70,0,0,23
"24",0,0,0,0,0,0,0,0,132,0,0,0,0,0,0,0,0,0,0,0,0,11,2,0,0,2573,0,0,6,0,0,0,0,16,0,155,0,6,0,0,0,0,0,0,0,248,0,0,0,0,0,0,0,0,0,0,0,0,0,0,0,1,0,0,193,4,145,0,0,0,0,0,0,0,1318,0,0,0,0,1,0,1,0,0,0,1,0,0,0,2,110,5,0,0,0,0,0,0,52,0,0,0,0,1,1,0,155,178,0,0,0,4,0,17,0,0,0,0,9,0,0,0,0,0,5,39,0,0,1,0,1,62,0,0,0,0,0,0,0,0,0,0,0,0,0,0,0,0,0,0,6,0,0,0,0,0,0,0,48,52,0,0,0,1621,0,0,0,0,0,0,0,0,1,0,0,0,0,22,29,1,48,0,0,0,0,0,0,0,20,0,0,0,0,0,0,0,0,0,0,0,2,0,0,0,1159,21,0,0,0,1,0,0,24,0,0,0,0,0,0,3,0,0,0,1,0,0,0,0,30,0,9,1,0,705,0,0,0,0,0,0,0,0,125,0,0,0,0,0,0,0,202,1,1,0,0,0,0,0,0,0,0,10,0,0,0,0,0,249,0,2,0,0,80,0,0,0,0,0,0,0,0,0,1,0,0,0,0,4,36,2,1,0,0,0,0,0,0,9,0,22,0
"25",0,0,0,0,0,0,0,9,0,0,0,0,0,0,0,0,0,1,0,1,71,35,0,0,0,248,0,0,326,9,19,0,0,32,0,0,2,102,0,0,0,0,0,24,0,340,0,1,0,0,0,0,1,0,3,1,0,0,0,40,6,0,0,0,0,0,70,0,0,0,15,0,0,11,0,0,0,0,43,36,3,0,1,0,0,0,0,0,0,71,0,0,94,0,3,0,0,0,3,0,0,0,0,0,13,1,15,546,0,31,0,0,0,120,0,1,0,0,109,0,0,0,0,1,62,47,0,0,2,0,2,4,0,0,0,0,28,0,0,0,18,0,0,0,0,0,2,3,0,0,7,1,2,1,0,0,0,0,0,30,0,0,0,721,0,0,0,0,0,0,0,0,0,0,0,7,2,103,10,1,5,0,0,0,2,0,0,0,0,0,0,175,0,0,0,0,0,0,0,0,0,0,0,0,0,20,0,0,0,0,1,3,0,9,5,0,17,32,287,4,0,75,0,2,0,1,0,0,7,0,95,0,0,2623,0,0,0,0,0,0,3,0,96,0,0,2,0,0,0,0,0,1,13,0,28,0,30,0,2,1,1,0,0,2,0,0,0,0,0,72,0,77,314,1,0,0,0,0,0,2015,0,0,84,0,0,0,0,0,3,23,0,0,0,0,8,0,275,11,0,71,0
"26",0,0,0,0,0,0,0,26,0,2,0,0,0,0,0,0,0,0,0,0,10,1,0,0,0,1732,0,0,6,0,0,0,0,156,0,0,0,127,0,0,0,0,0,0,0,106,0,2,0,0,0,0,0,0,61,0,0,0,0,74,0,15,0,3,0,15,46,0,0,45,29,0,11,0,0,0,0,0,0,65,6,0,0,1,0,11,0,0,0,0,0,5,0,0,3,0,0,0,10,0,0,0,0,0,2,0,0,1447,0,32,0,87,0,14,0,0,1,0,71,0,0,0,0,1,87,36,0,0,1,32,1,12,0,0,0,0,31,0,0,0,0,0,0,0,0,0,11,1,0,0,1,13,0,8,1,0,0,1,0,3,0,0,0,1543,0,0,0,0,1,0,27,0,0,0,0,17,0,54,0,0,3,0,0,0,0,0,0,0,24,0,0,24,0,9,0,0,11,1,0,0,0,0,0,11,142,24,0,2,0,0,0,0,2,10,1,1,76,6,107,0,0,29,0,4,0,6,4,0,35,0,0,1,0,487,0,0,2,0,0,0,0,0,61,10,0,4,0,0,0,1,14,2,0,0,5,6,0,0,6,21,0,4,0,4,0,0,1,0,4,169,19,0,13,0,0,0,0,0,0,1262,0,0,121,0,0,15,0,0,0,6,56,0,0,0,1,0,0,38,0,96,13
"27",0,4,0,0,0,0,7,20,0,0,0,0,0,151,6,0,0,0,0,0,149,32,0,0,0,0,0,0,12,3,34,0,0,46,0,0,4,668,0,0,0,0,0,104,0,156,0,12,0,0,0,0,0,8,36,0,0,0,0,204,0,0,0,0,0,0,31,0,0,20,22,3,14,79,0,0,0,0,0,252,0,18,360,0,0,0,129,0,0,34,0,1,1,0,0,0,0,0,116,0,0,0,0,0,0,0,0,808,0,0,0,0,1,3,2,0,0,0,136,0,0,0,0,38,0,0,0,0,0,0,174,377,0,0,0,0,39,0,0,0,1,0,0,0,0,0,42,0,1,0,4,13,1,1,1,0,0,0,0,191,0,0,0,1374,0,0,0,0,0,0,2,0,0,0,71,0,8,41,154,0,0,0,0,0,10,0,0,0,0,0,1,92,0,8,0,0,0,0,0,0,0,0,3,4,0,16,0,0,0,0,0,0,0,0,9,0,45,28,0,0,0,24,0,0,0,0,0,0,3,0,391,0,0,180,0,0,6,0,0,0,4,0,0,0,0,1,0,0,0,0,0,2,28,0,13,0,1,0,16,3,4,0,0,5,1,0,0,0,0,4,0,0,0,0,0,2,0,0,6,1585,0,0,141,0,0,1,0,0,66,68,0,0,0,0,30,6,14,0,0,50,0
"28",0,0,0,0,0,0,0,0,0,0,0,0,2,179,12,0,0,0,0,0,0,0,0,0,0,2337,0,0,0,10,0,0,0,70,0,0,2,6,0,0,0,0,0,0,0,247,0,0,0,0,4,0,0,0,0,0,0,0,0,1,0,0,0,0,0,0,0,0,0,0,0,0,0,0,0,1023,0,0,0,0,0,0,0,0,0,26,0,0,0,92,0,0,0,0,0,0,0,0,0,0,0,0,0,0,0,0,0,0,0,0,0,0,0,1,0,0,0,0,46,0,0,0,0,30,0,0,0,0,0,0,0,0,0,0,0,0,35,0,0,0,171,0,0,0,0,0,0,0,0,0,0,0,80,0,0,0,0,0,0,0,0,0,0,0,0,0,1,0,0,0,0,0,0,0,0,0,0,0,16,0,0,0,0,0,22,0,0,0,0,0,0,47,0,0,0,0,0,0,0,0,0,0,0,0,0,7,9,0,0,0,0,0,0,0,0,0,0,0,0,0,0,0,0,0,0,0,0,0,5,0,0,0,0,0,0,0,0,0,0,0,0,0,0,0,0,0,0,0,0,0,0,0,0,0,0,1,3,0,0,0,0,0,0,0,0,0,0,0,0,267,0,0,737,0,2,0,0,0,0,4498,0,0,10,0,0,0,0,0,0,0,0,0,0,0,0,0,0,0,2,0,0
"29",3,0,0,0,0,0,5,37,0,0,0,0,4,0,2,0,0,0,0,0,0,6,0,0,0,936,0,0,12,13,0,67,0,1,0,0,0,0,0,0,0,0,0,0,0,81,0,0,0,0,0,0,0,0,0,0,0,0,0,83,0,25,0,0,0,0,281,0,0,176,11,0,0,0,0,0,0,0,0,89,0,0,862,0,2,1,1093,0,0,46,0,8,0,0,0,0,0,0,7,0,0,5,0,0,0,4,0,1610,0,0,0,0,0,46,0,0,0,0,269,0,0,0,9,2,9,0,0,0,0,0,18,300,0,0,0,0,1,1,0,0,1278,0,0,0,0,0,0,0,0,1,0,0,0,57,0,0,0,0,0,0,0,0,0,249,0,0,0,0,0,0,15,0,19,0,0,0,0,0,10,0,0,0,0,0,20,0,0,0,0,1,0,161,0,2,0,0,0,0,0,0,0,0,0,178,1,103,0,0,0,0,18,0,0,0,3,0,46,0,0,0,0,0,0,0,0,3,0,0,1,0,0,0,0,166,0,0,0,0,0,6,0,0,0,0,225,178,1,0,0,0,0,0,0,0,0,0,61,0,0,82,0,0,0,8,0,0,0,0,0,2,0,0,153,0,2,0,0,0,0,698,0,0,22,0,0,0,0,0,0,55,0,0,0,0,0,0,17,0,0,33,0
"30",0,0,0,0,0,0,3,0,0,0,0,0,0,0,0,0,0,0,0,0,0,2,0,0,1,2273,0,0,0,0,0,0,0,0,0,0,21,106,0,0,0,0,0,9,0,1210,0,0,0,0,0,0,0,0,0,0,0,0,0,4,0,0,0,0,0,0,0,0,10,32,0,0,0,0,0,0,0,0,0,19,0,0,0,0,0,0,0,0,0,0,0,7,5,0,0,0,0,0,0,0,0,11,0,9,1,0,0,4693,0,26,0,0,0,24,0,0,0,0,0,0,0,0,0,0,0,0,0,0,0,0,5,0,0,0,0,0,0,0,0,0,0,0,0,0,0,0,0,0,0,0,0,0,0,0,0,0,0,0,32,0,0,0,0,0,0,0,0,0,0,0,0,0,0,0,0,0,0,0,85,0,0,0,0,0,0,0,0,0,0,4,0,53,0,0,0,0,0,0,0,0,0,0,0,0,62,5,0,0,0,0,0,0,0,0,0,0,0,0,0,1,24,0,0,0,0,0,0,0,46,0,0,0,0,23,0,0,0,2,0,0,0,0,0,0,0,0,0,0,0,0,0,0,0,0,0,0,0,0,0,20,0,0,0,0,0,0,0,0,0,71,0,0,34,0,8,0,0,0,0,834,0,0,207,0,0,0,0,0,0,0,0,0,0,1,0,0,0,0,0,16,0
"31",0,0,11,0,0,0,0,15,0,0,0,0,1,0,31,0,0,0,0,0,26,84,0,0,0,2446,1,0,23,0,0,0,0,0,0,0,0,64,4,0,0,0,85,0,0,0,0,0,0,0,0,0,0,0,68,0,0,0,0,216,0,11,0,0,173,0,68,0,0,216,17,0,0,23,0,166,0,0,0,206,0,0,0,0,34,0,166,0,0,35,0,0,64,0,0,0,0,0,32,0,0,0,0,0,0,0,0,729,0,0,0,40,0,1090,0,0,0,0,181,3,0,2,0,1,466,72,0,0,0,6,0,59,0,0,0,0,0,0,0,0,10,0,0,0,0,0,21,0,0,31,12,0,0,0,0,0,0,0,9,3,0,0,0,0,0,0,0,0,0,0,0,18,0,0,0,0,0,23,0,0,0,0,0,0,0,0,0,0,0,1,0,96,0,0,0,0,0,0,0,0,0,0,0,379,0,49,0,0,0,0,0,0,0,0,16,0,126,4,405,5,95,0,0,0,0,0,0,0,0,0,122,0,0,164,0,0,3,0,0,0,0,0,0,19,3,0,0,0,0,0,0,0,0,0,31,6,4,0,98,23,0,0,0,9,0,0,20,0,0,73,0,0,95,0,0,0,0,2,22,532,0,0,368,0,7,0,0,0,12,15,0,0,0,0,31,0,4,0,1,81,15
"32",0,0,2,15,0,1,111,0,0,0,0,0,3,0,3,0,0,0,0,1,0,0,0,13,2,806,0,0,401,8,0,0,0,378,0,0,0,0,0,0,0,0,0,0,0,0,0,7,0,0,0,0,0,0,0,0,0,0,0,0,2,0,0,0,0,0,14,0,0,0,0,0,0,0,0,0,0,0,0,0,0,2,378,0,0,2,0,0,0,0,0,0,7,0,0,139,1,0,0,0,0,2,17,0,6,5,0,4,0,0,2,0,0,0,0,0,0,2,152,0,0,0,0,4,0,0,3,0,0,0,0,0,0,0,0,0,39,0,0,0,1,0,0,0,0,0,20,0,0,0,0,0,25,0,1,0,0,0,0,0,0,0,0,0,6,0,0,7,0,0,0,0,20,0,0,0,0,0,372,1,0,0,0,0,18,0,0,0,0,0,12,0,0,0,0,0,0,0,0,27,0,0,0,0,0,10,0,0,0,25,6,0,0,0,0,1,0,34,13,0,0,0,0,98,0,0,0,0,91,0,0,0,0,85,0,0,0,0,1,0,0,0,0,0,1,0,0,0,0,0,0,0,0,0,0,5,3,0,0,0,11,0,0,0,0,0,0,0,50,7,0,0,566,5,0,0,0,0,0,4332,0,7,649,0,866,1,0,1,0,0,0,0,0,0,86,0,5,0,0,0,0
"33",0,0,0,0,0,0,1,17,0,0,0,0,0,0,8,0,1,1,0,2,6,16,0,0,0,1611,0,0,14,22,0,12,0,23,0,0,8,9,0,0,0,0,0,0,0,4,0,0,0,0,0,0,0,0,0,0,0,0,0,98,0,0,0,18,0,0,208,0,0,31,5,0,0,6,0,0,0,0,0,6,0,0,0,0,0,0,2,0,0,52,0,25,208,0,0,0,0,0,0,0,0,0,0,0,0,0,0,2033,6,0,0,0,0,57,0,0,0,0,68,0,0,0,3,1,227,0,0,0,1,0,12,1,0,0,0,0,71,0,0,0,869,0,0,0,0,0,21,0,0,0,13,0,0,0,0,0,0,0,13,0,0,0,0,0,0,0,0,86,0,0,4,0,1,0,0,0,0,0,187,1,0,0,0,0,14,0,0,0,0,0,23,139,2,0,0,0,0,0,0,0,0,0,0,0,0,32,2,0,1,3,10,0,0,1,1,0,27,0,405,0,89,0,0,0,0,0,0,0,38,0,128,0,0,75,0,0,0,0,0,67,0,0,0,0,1,0,0,0,0,0,0,0,0,0,0,6,6,0,14,0,0,0,0,2,0,0,0,0,0,891,0,60,515,0,0,0,0,0,0,1189,0,0,122,3,0,0,0,1,0,0,0,0,0,0,0,0,13,0,0,32,0
"34",0,1,0,0,0,0,154,79,0,0,14,0,0,0,2,0,0,0,1,0,68,15,0,0,0,2,0,0,0,5,485,0,7,2,0,0,80,37,1,0,0,0,0,164,0,6,58,1,0,0,5,0,0,0,3,0,0,0,0,350,0,20,0,0,0,0,10,0,0,102,38,0,0,0,0,0,0,0,0,95,0,0,42,0,616,0,13,0,0,950,0,3,0,5,0,0,0,0,25,0,0,0,0,21,1,0,0,305,0,0,0,42,0,96,0,0,0,7,24,5,0,0,0,2,77,0,2,0,1,0,15,844,0,0,0,3,1,0,0,0,1,0,0,0,0,0,9,0,0,0,19,12,0,0,0,0,0,0,48,31,1,0,1,307,0,0,0,0,0,0,1,0,1,0,0,0,1,84,36,1,0,0,0,2,3,0,0,0,0,0,0,172,1,1,244,0,0,37,0,0,0,0,0,2,0,7,1,0,1,2,0,0,0,0,3,0,89,43,6,3,19,29,83,0,0,1,127,0,6,16,163,0,0,28,0,0,1,0,0,1,0,0,0,0,1,38,0,0,0,0,2,1,15,0,2,1,0,0,4,2,0,0,0,1,1,1,0,0,26,0,11,6,1725,0,4,0,0,0,0,1418,0,0,81,0,0,0,1,0,0,75,0,0,0,0,13,0,15,0,0,17,0
"35",0,0,0,0,0,0,1,0,0,0,0,0,0,0,0,0,0,1,0,0,42,24,0,6,0,1169,0,0,14,0,0,0,0,59,0,0,0,9,0,0,1,0,0,0,0,53,0,0,0,0,0,0,0,0,0,0,0,0,0,1,0,0,0,0,0,0,106,0,0,0,29,0,0,0,0,0,0,0,0,3,19,0,38,0,0,0,96,0,0,18,0,0,4,0,0,13,0,0,24,0,0,0,0,0,3,0,0,1640,0,0,0,0,0,1,0,0,0,0,244,0,0,0,0,11,12,152,0,0,4,0,0,251,0,0,0,0,0,0,0,0,392,0,0,0,451,0,13,0,0,0,2,0,0,40,0,0,0,0,0,92,0,0,0,3,0,0,0,0,0,0,4,0,28,0,0,0,0,78,1,0,0,0,0,0,57,0,0,0,0,0,0,79,3,3,0,0,0,0,0,0,0,0,0,0,0,13,8,0,0,0,0,0,0,0,2,0,86,55,0,0,21,23,0,27,0,1,0,0,0,0,248,0,0,2,0,0,1,0,0,0,0,0,0,0,0,1,0,0,0,0,0,9,0,0,0,0,32,0,0,41,0,0,0,15,0,0,0,0,0,891,0,45,680,0,0,0,116,0,0,1913,0,4,102,0,0,0,0,0,28,85,0,0,0,0,138,112,7,0,0,3,0
"36",0,0,0,0,0,0,0,0,0,0,0,0,0,0,0,0,0,0,0,0,0,0,0,0,1,3757,0,0,0,0,244,0,0,0,0,0,8,69,0,0,1,0,0,0,0,0,0,0,0,0,0,1,0,0,0,0,0,0,0,0,0,0,0,0,0,0,647,0,0,0,10,0,0,0,22,0,0,0,0,0,0,0,0,0,0,0,0,23,0,0,3,2,9,0,0,1,0,0,0,0,0,4,0,0,0,2,0,251,0,0,0,0,0,0,0,0,0,0,17,0,0,0,0,1,0,0,1167,0,0,0,1,0,0,1,0,0,0,0,0,0,45,0,0,0,0,0,33,0,0,0,0,0,0,0,1,0,0,0,0,0,0,0,0,0,0,0,0,0,0,0,0,0,0,0,0,0,0,0,0,0,0,0,0,0,0,0,0,0,0,0,0,0,6,0,0,0,0,0,0,0,0,15,0,0,0,0,0,0,0,1,0,0,0,0,0,0,0,0,0,0,0,0,0,0,0,0,0,0,0,0,0,0,0,812,0,0,0,0,0,0,0,0,0,0,0,0,0,0,0,0,0,0,0,0,0,0,12,0,0,0,13,0,0,0,0,0,0,0,0,1,0,0,100,0,0,0,0,0,0,2598,0,0,0,0,0,0,1,0,0,0,0,0,0,0,0,0,0,0,0,123,0
"37",0,0,0,0,0,0,3,0,0,0,0,0,0,0,34,0,0,4,0,0,304,8,0,3,0,1,0,0,37,12,327,0,0,29,0,0,7,191,1,1,1,0,0,53,0,4,0,0,0,0,8,0,0,0,169,0,1,0,0,0,0,0,9,0,0,0,23,7,0,0,24,0,0,0,0,0,0,0,0,28,0,0,0,0,58,7,1,0,0,30,0,59,0,0,0,0,0,0,20,0,0,0,0,0,2,0,0,892,0,0,0,0,0,4,1,0,0,0,3,1,0,0,0,8,5,0,0,0,0,0,0,0,0,1,0,0,3,0,0,0,11,0,0,0,0,0,0,0,0,0,5,13,0,0,1,0,0,0,0,106,0,0,0,735,0,0,0,0,0,0,30,0,0,1,0,0,0,146,8,0,0,2,0,0,0,0,0,0,0,0,0,86,4,19,0,0,0,0,0,0,0,0,0,970,1958,32,1,0,0,21,0,0,0,0,3,0,42,233,0,0,11,0,0,0,0,0,0,0,0,0,80,0,0,137,0,0,2,0,0,32,0,22,0,0,2,70,0,0,0,0,0,5,0,1,14,4,0,0,3,178,0,0,0,3,445,0,0,0,0,296,0,0,127,0,1,0,0,2,3,1480,0,0,122,0,0,0,0,0,0,71,0,0,0,0,70,0,1,0,0,13,0
"38",0,0,0,0,0,0,0,3,0,0,0,0,0,0,177,0,0,0,0,0,0,0,0,4,0,1236,0,0,0,0,1,0,0,0,0,0,1,0,0,0,0,0,0,17,0,29,0,0,0,0,0,0,0,0,0,0,1,0,0,0,0,0,0,0,0,0,522,0,0,0,11,0,0,0,0,0,0,0,0,1,0,0,0,0,0,0,1,0,0,0,0,1,0,0,0,0,0,0,0,0,0,0,0,0,0,0,208,970,0,0,0,0,0,13,0,0,0,0,361,0,0,49,0,0,0,0,0,0,0,0,0,0,0,0,0,0,8,0,0,0,1999,0,0,0,0,0,0,0,0,7,1,0,0,0,0,0,0,0,0,2,0,0,0,0,0,0,0,0,0,0,0,0,0,0,0,0,0,0,0,0,0,0,0,0,0,0,0,0,0,0,0,0,0,0,0,23,0,0,0,0,0,28,0,0,0,6,0,0,0,0,0,0,0,0,0,0,1,0,0,0,0,0,0,0,0,0,0,0,140,0,1,0,0,127,0,0,0,1,0,0,0,0,0,0,0,0,0,0,0,0,0,1,0,0,0,0,0,0,1,0,0,0,0,0,0,0,0,0,0,3914,0,0,97,0,1,0,0,0,1,2,0,0,2,0,0,0,0,3,0,0,0,0,0,0,6,0,9,0,0,22,0
"39",0,0,0,0,0,0,0,0,0,0,0,0,0,0,39,18,0,0,0,0,0,0,0,0,0,3,0,0,16,66,187,0,0,85,0,0,688,0,0,0,0,0,0,0,0,0,0,0,0,0,0,0,0,0,0,0,0,0,0,0,0,0,0,0,0,0,0,0,0,0,0,0,0,0,0,0,0,0,0,0,0,0,0,0,0,0,0,0,0,0,0,0,2029,0,0,0,0,0,0,0,0,0,0,0,0,0,0,2059,0,0,0,0,14,0,0,0,0,0,139,0,2,0,0,0,1119,0,0,0,0,0,0,0,0,0,0,0,41,0,0,0,37,0,0,0,0,0,0,1,0,0,1,0,75,1,0,0,0,0,0,11,0,0,0,0,0,0,0,0,0,0,0,0,1,0,20,0,0,0,0,0,0,0,0,0,0,0,0,0,0,3,0,0,0,0,0,0,0,0,1,0,0,0,0,0,0,0,0,0,1,0,0,0,0,0,3,0,0,0,0,0,0,0,0,0,0,0,0,0,10,0,0,0,0,0,9,0,0,0,0,0,0,0,0,0,33,0,0,1,0,0,1,0,0,0,0,0,1,0,0,3,0,0,0,0,0,0,0,0,0,1060,0,0,314,0,0,0,0,0,0,0,0,0,47,0,0,0,0,0,0,0,0,0,0,0,127,0,0,0,0,0,0
"40",1,0,0,1,0,0,1,0,1011,0,0,0,0,0,1,0,1,0,0,0,39,28,0,0,2,0,0,0,3,0,0,0,0,156,0,0,0,516,0,0,0,1,0,45,0,467,0,0,29,0,0,0,0,0,0,0,0,0,0,0,2,0,0,0,0,0,0,0,5,191,0,0,0,0,0,0,0,0,0,0,0,0,498,2,0,0,0,0,0,0,0,5,1,0,0,0,0,0,26,2,0,36,0,0,4,0,14,917,0,0,0,0,0,124,0,0,0,0,819,0,0,0,0,1,43,0,0,0,0,0,80,7,0,0,0,0,7,0,0,0,0,0,0,0,0,0,49,4,0,0,4,0,0,0,1,0,0,0,167,0,0,0,0,0,0,0,0,0,0,28,9,0,0,0,0,0,0,0,1239,4,0,0,0,0,0,0,0,0,0,0,0,140,1,3,0,0,0,0,0,0,0,0,0,0,0,19,0,0,0,0,0,0,0,17,21,0,211,0,1,54,0,0,0,0,0,0,0,0,56,0,56,0,0,0,0,0,0,0,0,0,0,0,0,0,0,0,0,4,0,0,0,11,48,0,29,0,0,0,0,0,0,0,0,15,0,2,0,0,0,452,0,270,0,0,0,0,0,0,6,0,0,0,1886,0,0,0,0,0,0,44,0,0,0,0,0,0,16,0,0,71,0
"41",0,0,0,0,0,0,0,34,0,0,0,0,2,218,30,0,0,1,0,0,304,125,0,0,0,16,0,0,231,2,595,2,0,252,0,0,0,258,1,0,0,0,0,112,0,42,0,0,0,0,8,0,0,0,33,0,0,0,0,0,1,142,0,0,0,0,46,0,0,25,50,1,0,7,0,0,0,0,0,17,0,0,0,0,68,1,0,0,0,127,0,34,0,0,0,4,0,0,37,0,0,0,0,0,8,0,144,50,0,0,0,0,0,219,0,0,0,0,52,4,0,0,0,4,0,0,0,0,6,0,9,70,0,0,0,0,0,0,0,0,1,0,0,0,0,0,8,4,0,0,16,0,0,0,1,0,0,0,17,46,0,0,0,0,0,0,0,0,0,0,6,0,0,0,0,0,0,979,85,0,0,0,0,0,0,0,0,1,0,0,0,140,4,0,0,0,22,0,0,0,0,0,0,0,0,14,0,0,2,0,0,65,23,0,4,0,107,305,8,0,0,83,0,0,0,0,0,5,89,20,173,0,0,0,0,0,4,0,0,0,0,0,0,0,0,0,0,0,0,0,0,5,0,0,0,0,4,0,14,0,3,0,0,1,324,0,0,0,0,21,0,47,97,0,0,0,0,0,0,2858,0,0,463,0,0,0,0,1,33,67,0,0,0,0,42,30,1,0,0,164,0
"42",0,1,0,0,0,0,1,0,0,0,0,0,0,0,1,0,0,4,0,0,1,16,0,7,0,2535,0,0,3,14,128,0,0,52,0,0,7,0,1,0,0,0,110,0,0,75,0,0,0,0,0,53,0,0,0,0,0,0,0,79,0,0,0,0,0,0,268,0,0,0,0,0,0,0,0,111,0,0,0,148,0,0,0,0,0,33,191,0,0,0,0,0,0,0,32,2,0,0,0,0,0,0,0,0,0,0,0,2608,0,0,2,0,0,17,0,0,2,0,220,0,6,0,0,1,24,18,0,0,592,0,0,0,0,0,0,0,0,0,3,0,4,0,0,0,0,0,22,0,0,1,18,0,0,0,0,0,0,0,2,0,0,0,0,0,0,0,4,0,0,0,33,0,0,0,0,0,0,0,0,0,0,0,0,3,29,0,0,7,0,0,0,146,1,0,0,0,0,0,0,0,0,0,0,0,0,343,1,2,1,1,15,0,0,1,0,1,60,0,276,0,0,3,0,0,0,0,0,0,0,0,38,0,1,179,0,0,4,0,0,2,0,0,0,0,81,105,0,0,0,0,0,0,1,1,0,41,81,0,10,0,0,0,0,3,9,0,0,0,0,26,0,2,35,0,10,0,0,0,0,0,0,0,196,0,0,8,0,0,0,11,0,0,0,0,1,0,10,0,0,445,0
"43",0,0,0,0,0,1,24,38,0,0,0,1,0,34,1,0,0,0,0,0,70,13,0,0,1,457,0,0,21,0,0,0,0,0,0,0,31,127,2,0,2,0,0,136,0,45,3,0,0,0,2,0,0,0,12,0,0,0,0,149,0,40,0,0,0,4,23,0,0,0,69,0,0,138,1028,1,0,0,0,278,0,0,539,0,70,0,149,0,0,68,136,15,3,9,0,0,1,1,43,0,0,0,0,18,0,1,0,1560,8,0,0,0,0,39,0,0,0,0,28,0,0,0,0,1,6,0,0,0,0,104,9,280,0,0,0,0,20,0,0,0,7,0,0,0,3,0,0,0,0,0,0,167,0,0,0,0,0,0,8,48,0,0,0,513,0,0,0,0,0,3,3,7,1,0,0,0,0,513,0,0,0,0,0,0,0,0,0,0,23,0,0,18,1,0,212,0,0,43,0,0,0,0,0,32,0,11,0,0,0,0,0,0,0,0,21,0,316,23,0,4,137,0,97,0,0,0,110,0,103,7,256,3,0,191,0,4,0,0,0,0,0,0,0,0,0,0,0,0,0,0,0,0,0,0,0,0,1,3,18,22,0,0,13,0,0,0,0,0,0,77,0,29,0,0,0,0,0,3,5,1022,0,0,0,0,0,0,0,0,59,0,0,0,10,0,0,0,3,0,0,0,0
"44",0,0,0,0,0,0,1,0,0,0,0,0,0,0,9,1,0,0,0,0,0,6,0,5,0,418,0,0,16,0,0,0,0,0,0,0,0,5,0,1,0,0,0,0,0,14,0,0,0,0,0,0,0,0,0,0,0,0,0,161,0,0,0,0,0,0,64,0,0,0,0,0,0,0,0,0,0,0,0,0,0,0,241,0,0,0,0,0,0,0,0,4,0,0,0,59,1,0,0,0,0,0,0,0,0,0,0,2720,0,0,0,0,0,0,0,0,0,0,86,0,0,0,0,1,0,0,0,0,1,0,0,0,0,0,0,0,35,0,1,0,11,0,0,0,0,0,0,0,0,5,1,2,0,0,0,0,0,0,0,5,0,0,0,235,0,0,0,3,0,1,0,0,23,0,0,0,0,1,0,1,0,0,0,0,0,0,0,0,0,0,0,11,0,0,0,0,0,0,0,0,0,0,0,0,0,3,0,0,0,3,0,0,0,0,0,0,0,0,1,0,73,13,0,0,0,0,0,0,0,0,31,0,0,1839,10,0,0,0,0,0,0,0,0,0,0,0,0,0,0,0,0,0,0,0,0,0,0,0,0,0,21,0,0,0,0,0,0,0,0,2177,1,0,15,0,1,0,0,0,0,1508,0,0,0,0,0,0,0,0,0,0,0,0,0,0,0,0,159,0,0,1,0
"45",0,0,0,0,0,0,1,39,0,0,0,0,0,1,902,0,24,0,0,0,0,12,0,16,0,912,0,0,0,265,198,0,0,95,0,0,20,0,1,0,0,0,0,0,0,99,0,0,0,0,0,0,0,0,0,0,2,0,0,290,0,0,10,0,0,0,0,0,0,0,0,1,0,0,0,0,0,0,0,16,0,0,527,0,0,0,0,0,0,17,0,0,48,12,16,39,0,0,24,0,0,96,0,0,0,0,0,166,0,0,0,0,0,35,0,0,0,0,0,3,1,0,0,0,173,0,0,0,0,0,277,76,0,0,0,0,494,0,5,0,1070,0,0,0,0,1107,0,0,0,7,5,0,0,0,0,0,0,0,0,40,0,0,0,0,0,0,6,0,0,0,12,0,34,0,73,0,0,232,0,0,0,0,0,36,0,0,0,0,0,0,0,85,1,0,0,0,0,0,0,0,0,0,0,0,1,0,0,0,0,28,0,0,0,0,33,0,0,0,191,0,0,0,0,0,0,14,0,0,69,0,0,0,0,143,20,0,0,0,0,0,0,0,0,0,0,0,0,0,0,0,0,0,0,0,0,0,0,0,0,117,0,0,0,8,0,0,0,0,0,56,0,0,552,2,0,0,0,0,12,389,0,0,463,0,0,0,0,0,0,66,0,0,0,0,18,0,22,0,0,90,85
"46",0,4,0,0,0,0,24,16,0,0,0,0,1,0,194,0,0,0,0,2,1,98,0,4,0,2564,0,0,52,2,0,0,0,209,0,0,1,274,0,0,0,0,0,106,0,143,0,0,0,0,10,0,0,0,21,0,0,1,0,0,0,0,0,0,0,0,0,0,0,0,16,0,0,0,0,0,0,0,0,1,0,0,0,0,1,3,27,0,0,473,0,0,0,0,50,0,0,0,86,0,0,39,0,0,0,0,352,0,0,0,0,0,0,1,0,0,0,0,172,0,0,0,0,4,100,0,0,0,18,0,16,34,25,0,0,0,323,0,0,0,0,0,0,0,0,0,0,0,0,0,21,15,0,0,0,0,0,0,0,40,7,0,0,353,0,0,0,0,0,0,0,0,0,0,0,0,0,13,0,0,0,0,0,0,0,0,0,0,0,0,0,61,1,0,0,6,0,0,0,0,0,0,0,0,0,0,0,0,1,0,0,0,0,0,5,0,74,3,112,26,0,0,0,0,0,51,0,0,4,0,113,0,0,1162,15,0,0,0,0,0,0,0,0,0,0,0,0,0,0,0,0,0,17,0,0,8,0,0,1,28,0,0,0,0,1,0,0,6,0,95,26,2,431,0,1,0,0,0,0,990,0,0,845,0,0,0,0,0,0,28,0,0,0,0,120,0,13,70,0,255,2
"47",0,0,0,0,0,0,0,0,0,0,0,0,6,0,84,0,0,0,1,0,0,15,0,3,0,3196,0,0,18,1,1,0,0,76,0,0,0,1,8,0,0,0,0,0,0,0,0,1,0,0,1,53,0,0,1,0,0,0,0,0,0,0,0,2,0,0,49,0,0,0,0,1,1,0,0,0,1,0,0,0,0,0,17,0,0,3,297,0,0,23,0,2,0,0,0,0,0,0,10,0,0,0,0,0,0,0,0,0,0,0,0,0,0,0,0,0,74,2,0,0,0,0,0,1,0,0,0,0,0,0,1,29,0,0,0,0,496,0,0,0,340,0,0,0,0,0,3,0,0,0,0,0,0,3,1,0,0,0,0,6,0,0,0,0,0,0,0,0,0,0,2,0,0,0,0,33,1,1,109,2,0,0,0,0,4,0,0,0,0,0,2,0,2,4,0,0,0,0,0,0,0,0,0,0,0,16,4,0,0,8,0,0,0,0,0,1,0,1,76,0,3,3,0,0,0,0,0,0,4,5,0,1,0,925,0,0,0,0,0,19,1,0,0,0,0,16,0,0,0,17,0,0,2,0,1,64,16,0,1,0,0,0,0,1,1,0,0,0,1,2826,0,0,820,0,3,2,0,1,3,4,0,0,96,0,0,0,0,0,0,0,0,0,1,0,9,0,65,0,0,0,0
"48",0,0,0,0,0,0,1,20,0,0,0,2,2,0,11,0,24,0,8,0,25,29,0,0,0,1,0,0,26,0,2280,0,0,95,0,0,33,229,0,0,0,0,0,24,0,20,0,3,0,0,0,0,0,0,25,0,0,1,0,72,0,4,5,0,0,1,20,1,0,0,65,0,0,18,0,0,0,0,0,36,0,0,154,0,3,0,0,0,1,45,0,6,26,0,32,6,0,0,14,0,0,0,0,0,2,0,40,1706,0,0,0,0,0,54,0,0,0,0,55,0,0,6,0,1,74,0,0,0,6,32,2,0,0,0,0,0,0,0,0,0,4,0,0,0,7,0,68,0,0,1,28,4,0,0,0,0,0,0,0,38,0,0,1,2,3,0,0,0,0,0,5,10,0,0,0,0,0,347,525,0,9,0,0,0,21,11,6,0,32,0,0,59,4,0,254,0,0,2,0,0,0,0,0,0,0,218,0,0,3,5,0,0,1,6,14,1,2,25,0,2,0,17,2,0,0,0,0,0,42,4,58,3,1,0,21,0,4,0,0,50,0,0,0,4,0,0,0,16,0,0,7,6,22,0,83,200,1,6,87,82,1,0,5,2,0,0,0,0,128,0,0,64,0,7,0,0,0,2,4,1397,0,0,326,0,0,0,0,1,2,27,0,0,0,0,47,8,7,0,0,195,9
"49",0,0,0,0,0,0,3,0,0,0,8,0,0,0,9,0,0,0,0,0,0,14,0,0,0,1680,0,7,6,0,0,0,0,56,0,0,2,0,0,0,0,0,0,0,0,206,0,0,0,0,0,0,0,0,0,0,0,0,0,124,0,0,0,0,0,0,77,0,0,122,6,0,0,0,0,0,0,0,0,53,0,24,0,0,0,1,391,0,0,0,0,0,0,0,0,0,0,0,50,0,0,39,0,0,0,0,0,89,0,0,0,0,0,8,0,0,0,0,25,0,0,0,0,1,0,0,0,0,0,0,0,1,0,0,0,0,3,0,0,0,7,0,0,0,0,0,0,0,0,1,2,0,0,0,0,0,0,0,41,12,0,0,0,721,0,0,0,0,0,4,0,0,1,0,0,0,0,52,0,0,0,0,0,0,12,0,0,0,0,0,0,0,0,19,0,0,0,0,0,0,0,0,0,168,0,30,0,0,0,0,0,0,6,0,1,0,0,4,0,0,0,59,0,0,0,6,0,0,50,0,0,0,0,54,0,0,0,0,0,4,0,0,0,0,0,7,0,0,0,0,0,0,0,0,0,1,8,0,9,0,13,0,0,2,0,5,0,0,0,5721,0,0,158,0,0,0,0,0,0,0,0,0,0,0,0,0,0,0,5,50,0,0,0,0,0,0,0,0,0,88,85
"50",15,0,0,0,0,0,0,34,254,0,0,0,0,118,27,0,1,0,0,0,2,17,0,0,0,0,0,0,210,0,0,0,0,50,0,0,0,36,1,0,0,0,0,0,0,0,0,0,1,0,0,0,0,0,0,0,0,0,0,0,0,2,0,0,0,0,77,0,0,0,3,0,0,11,0,0,0,2,0,0,0,0,43,0,59,0,1,0,2,25,0,81,90,0,0,0,0,0,0,0,0,0,0,0,0,0,69,5806,0,0,0,0,0,13,0,4,0,0,29,0,0,0,0,1,0,0,0,0,0,0,7,13,0,0,0,0,569,0,0,0,1802,0,0,0,0,0,22,0,0,0,3,0,0,9,0,0,0,0,0,0,0,0,0,0,0,0,0,0,0,0,1,0,0,0,0,0,0,162,192,0,0,0,0,0,0,0,0,0,0,0,0,45,1,4,0,1,4,0,0,0,0,0,0,0,0,57,0,0,1,18,0,0,0,0,0,0,56,59,277,0,10,0,0,0,0,0,0,0,0,0,63,0,0,2,0,0,0,0,0,0,0,0,0,0,0,0,0,3,0,0,17,4,7,0,0,0,50,0,0,0,8,0,0,12,0,0,0,0,0,412,2,1,160,0,0,0,0,0,3,10,0,0,26,0,0,0,0,3,16,15,0,0,0,0,46,0,24,0,12,0,0
"51",0,1,0,1,0,1,3,0,0,0,8,0,0,0,1,0,0,0,0,0,0,0,0,3,0,2479,0,0,7,3,0,0,0,16,0,0,1,10,1,0,2,0,0,0,0,34,0,3,0,1,0,0,0,1,7,0,0,1,0,2,0,3,1,0,0,0,30,1,1,0,14,0,0,0,0,0,0,0,1,30,0,0,552,1,0,0,0,0,0,0,0,3,3,0,0,0,0,0,0,0,0,0,0,0,1,0,0,3624,0,0,0,0,0,0,0,1,0,0,7,0,0,0,0,15,13,0,55,0,4,0,0,0,0,0,0,3,1,0,0,0,560,0,0,0,0,0,5,0,0,1,0,0,0,0,0,0,0,17,0,4,1,4,0,0,5,0,0,0,0,0,1,0,0,9,0,0,3,1,0,0,0,3,0,0,21,0,0,0,0,0,0,0,1,0,0,0,0,0,1,0,0,2,0,1300,0,16,0,0,0,1,0,0,0,0,0,1,66,0,6,0,64,31,0,0,0,0,0,0,46,0,0,3,0,134,0,0,0,0,0,78,17,0,0,0,94,2,0,0,0,0,0,0,0,0,14,10,0,0,0,0,0,0,0,1,0,0,0,0,0,1,0,0,192,0,1,0,0,0,1,99,0,0,0,0,0,0,0,0,0,0,0,0,0,0,13,0,1,0,0,0,0
"52",0,1,0,0,0,0,24,0,0,0,0,0,0,542,5,0,0,0,0,0,0,17,0,8,0,2514,0,0,12,24,221,0,0,10,0,0,2,0,1,0,0,0,0,0,0,441,0,0,0,0,0,0,0,0,0,0,0,0,0,0,0,0,0,0,0,0,0,0,0,0,0,0,0,0,0,211,0,0,0,123,0,0,0,0,0,0,0,0,0,20,0,2,0,0,0,0,0,0,0,0,0,23,0,0,0,0,0,1601,0,0,0,0,0,0,0,0,0,0,108,0,0,0,0,1,9,0,0,0,0,0,0,413,0,0,0,0,15,0,0,0,0,0,0,0,0,0,0,0,0,0,0,0,0,0,0,0,0,0,0,0,0,0,0,0,0,0,0,0,0,6,0,0,0,0,0,0,0,0,605,0,0,0,0,0,0,0,0,0,0,0,0,29,6,2,0,0,0,0,0,0,0,0,0,0,0,0,1,0,3,1,0,0,0,0,0,0,159,0,3,0,0,0,0,0,0,0,0,0,4,0,0,0,0,334,0,0,0,0,0,0,0,0,0,0,0,0,0,0,0,0,0,0,7,0,0,0,0,0,0,0,0,0,0,0,1,0,0,0,0,161,0,0,15,2,0,0,0,0,0,2252,0,5,2,0,0,30,0,0,0,0,0,0,0,0,0,0,11,0,0,14,0
"53",0,0,0,0,0,0,24,0,0,0,5,0,0,0,89,0,0,0,0,0,0,1,0,1,0,3733,0,0,88,2,1,0,0,46,2,0,4,123,2,0,1,0,0,0,0,227,0,1,0,0,0,0,0,0,0,0,0,0,0,0,0,0,0,0,0,0,12,0,0,0,0,0,0,0,0,187,0,0,0,0,0,1,0,0,0,7,0,0,0,65,1,9,0,0,0,0,0,0,0,0,0,0,0,0,0,0,0,75,0,0,0,0,0,18,0,0,0,0,16,0,0,0,0,52,173,0,0,0,0,0,0,9,21,0,0,0,4,0,0,0,0,0,0,0,0,0,16,14,0,0,7,1,0,0,1,0,0,0,0,0,0,0,0,0,0,0,0,0,0,8,5,0,106,0,0,0,0,0,28,0,0,0,0,0,0,0,0,0,0,0,0,94,5,1,29,0,0,0,0,0,0,0,0,1,2934,302,0,0,1,9,0,0,0,0,6,0,1,1,1,0,0,32,0,0,0,0,0,0,0,11,0,1,0,418,0,0,0,0,0,0,0,0,0,0,0,86,0,0,0,0,0,0,25,1,0,6,0,0,1,1,0,0,0,0,0,5,0,0,0,263,0,0,153,0,0,0,0,0,22,0,0,0,182,0,0,0,0,0,16,7,0,0,0,0,0,0,0,0,0,168,0
"54",0,0,0,0,2,0,0,0,0,0,0,0,0,0,0,1,0,0,0,0,0,52,0,38,0,2557,1,0,72,1,18,0,0,0,0,0,0,35,0,0,0,0,0,58,0,233,0,0,0,0,0,0,0,0,0,0,0,0,0,0,0,0,51,0,28,0,63,0,0,0,0,0,0,4,0,0,0,0,0,113,0,0,0,0,0,0,2,0,0,0,0,0,0,0,0,0,52,0,6,0,0,1,0,0,0,0,0,2912,4,14,0,0,0,27,0,1,0,0,10,0,0,0,0,0,80,7,0,0,1,0,0,137,0,0,0,0,0,2,0,2,34,0,0,0,0,0,4,0,0,0,1,0,0,0,0,0,1,0,0,0,0,0,0,2,0,0,0,0,0,0,1,0,1,0,0,0,0,0,0,1,0,0,0,0,5,0,0,0,0,0,2,29,3,0,0,0,0,0,0,0,0,0,0,2,0,173,1,0,1,13,9,0,0,0,3,0,0,0,399,0,0,0,0,0,0,0,0,0,0,0,0,0,0,176,0,0,0,0,0,4,0,0,0,0,1,0,0,1,0,0,0,1,0,0,7,17,265,0,2,10,0,0,0,1,0,0,0,0,0,1057,0,0,15,0,0,0,0,0,0,989,0,0,92,0,0,0,0,5,4,4,0,0,0,0,38,0,1,0,0,41,0
"55",0,0,0,0,0,3,26,0,825,0,0,0,0,0,0,0,0,0,0,0,11,18,0,5,0,3747,0,0,88,7,14,0,0,119,0,0,2,44,0,0,0,0,110,8,0,235,0,0,0,0,0,0,0,0,0,0,0,0,0,0,0,4,0,0,0,0,128,4,0,0,10,0,0,2,0,0,0,0,0,0,0,0,28,0,28,0,0,0,0,38,0,128,14,0,0,0,0,0,0,0,0,0,0,0,0,0,0,15,0,0,0,0,6,9,0,1,0,0,62,0,0,0,0,0,42,0,0,0,0,0,0,51,0,0,0,0,0,0,0,0,45,0,0,0,0,0,10,0,1,0,0,0,0,0,0,0,0,0,0,18,0,0,0,0,1,0,0,0,0,0,2,0,0,0,0,0,0,0,10,0,0,0,15,0,1,0,0,0,0,0,0,56,0,0,0,0,0,0,0,266,0,0,0,0,0,4,0,0,0,0,0,0,0,0,8,0,26,0,7,0,0,0,0,0,0,0,0,0,0,0,100,0,0,395,0,0,0,0,0,0,0,0,0,0,0,0,0,0,0,0,0,2,3,3,5,0,2,0,5,3,0,0,0,1,0,0,0,0,0,266,0,11,0,1130,37,0,0,0,2,1629,0,0,69,0,0,0,0,3,1,16,0,0,0,0,6,0,10,0,0,0,0
"56",1,0,0,0,0,4,0,0,0,0,0,0,3,0,0,0,0,0,1,0,0,24,0,0,0,1677,0,0,6,13,96,0,0,54,0,0,20,0,2,0,0,0,0,0,0,700,0,0,0,0,0,0,1,0,0,0,0,0,0,0,0,0,0,0,0,0,0,0,0,0,8,3,0,0,0,0,1,0,0,69,0,0,230,0,0,39,1322,0,0,17,0,1,0,0,0,0,0,0,94,0,0,4,0,0,0,0,0,75,0,0,0,0,1,41,4,1,0,0,110,0,5,0,0,12,222,0,0,0,0,0,0,143,0,0,0,0,0,0,0,0,26,0,0,0,0,0,16,0,0,0,18,0,0,79,0,0,0,0,195,0,0,0,0,0,0,0,0,0,0,0,0,0,0,0,0,0,0,8,1,0,0,0,22,0,46,0,0,0,0,0,0,220,1,1,0,0,0,0,0,0,0,0,122,0,362,199,13,0,1,0,0,0,0,10,15,1,37,0,333,0,0,0,0,0,1,0,0,0,0,0,1,0,0,361,0,0,1,0,0,78,0,0,0,0,8,0,0,0,0,0,0,6,0,0,6,8,64,0,28,39,3,0,0,49,4,2,0,0,0,4,0,87,123,0,0,0,0,0,47,15,1,0,228,0,0,0,0,0,0,58,0,0,0,0,44,2,2,0,0,210,0
"57",0,0,0,0,0,0,0,0,0,0,0,0,0,0,0,0,13,0,0,0,0,59,0,0,0,3230,0,0,52,0,65,0,0,64,0,0,228,3,0,0,0,0,0,0,0,0,0,1,0,0,0,0,0,0,0,0,0,0,0,13,0,0,0,1,0,0,0,0,0,0,40,0,0,0,0,0,3,0,0,60,0,0,0,0,0,32,56,0,0,0,0,1,0,0,0,0,0,0,0,0,0,1,0,0,0,5,0,0,0,0,0,0,0,0,0,0,0,1,0,0,0,0,0,1,1168,46,0,0,0,0,0,0,0,0,0,0,1,0,0,0,26,0,0,0,0,0,22,0,0,0,0,0,0,0,1,0,0,0,0,48,0,0,0,0,0,0,0,0,0,0,7,0,0,0,0,0,0,0,0,1,0,0,0,0,3,0,0,0,0,0,1,140,0,0,0,0,0,0,0,543,0,0,0,0,0,9,0,0,0,5,0,0,0,0,7,0,32,32,271,0,0,0,0,0,0,0,0,0,15,0,0,0,0,160,0,0,0,0,3,72,0,0,0,0,2,0,0,0,0,0,0,2,0,0,0,8,6,0,0,23,1,0,0,3,0,0,0,0,0,768,0,0,1386,0,0,0,0,0,0,15,1,0,1037,0,0,0,0,0,0,126,0,0,0,0,0,0,11,0,0,234,0
"58",0,0,0,0,0,0,1,10,0,0,0,0,4,0,522,0,0,1,0,0,0,14,0,79,0,3323,0,0,186,0,242,0,0,206,0,0,4,5,2,0,0,0,0,13,1,774,0,1,0,0,0,0,0,0,0,0,0,0,0,10,0,3,0,1,3,0,171,0,0,0,0,0,0,0,0,745,0,0,0,8,11,0,0,0,1,0,500,0,0,0,0,0,6,0,0,0,0,0,0,0,0,0,0,0,0,0,0,0,0,0,0,0,0,0,8,0,0,0,68,0,0,0,0,8,90,0,0,0,0,0,0,0,0,0,0,1,123,0,0,0,704,0,0,0,0,0,20,0,0,0,1,24,0,0,0,0,0,3,0,0,0,0,0,0,0,0,2,0,0,0,0,0,0,0,0,0,0,49,0,0,0,0,0,0,1,0,0,0,0,0,0,0,2,0,0,0,0,0,0,0,0,0,0,0,0,131,0,0,2,18,0,0,0,0,1,0,50,0,1,2,0,0,0,0,0,11,0,0,4,0,0,0,0,217,0,0,0,0,0,148,0,0,0,0,91,0,0,0,0,0,3,1,0,0,0,329,108,0,0,0,1,0,0,7,0,0,0,0,0,471,0,0,158,0,0,0,0,0,0,0,1,0,203,0,0,0,0,0,0,0,0,0,0,0,1,0,2,0,0,51,0
"59",0,0,0,0,0,0,1,0,0,0,0,0,0,0,112,0,9,10,0,0,0,105,0,0,0,4,0,0,26,0,0,0,0,255,0,0,0,0,0,0,0,0,0,0,14,22,0,0,0,0,0,0,0,0,0,0,0,0,0,0,0,0,0,0,46,0,20,0,107,0,0,0,0,0,0,0,0,0,0,0,0,6,0,0,0,0,527,0,0,0,1155,25,169,0,0,0,0,0,233,0,0,22,0,0,0,0,0,391,0,0,0,0,0,242,0,0,0,0,8,0,0,0,0,1,598,36,0,0,0,0,307,0,0,3,0,0,15,0,0,0,65,0,1,0,0,0,4,0,0,0,0,0,3,6,0,0,0,0,0,0,0,0,0,0,0,0,0,0,0,66,0,0,0,0,71,0,0,0,58,5,0,0,0,0,0,0,0,0,0,0,0,30,0,0,0,0,0,0,0,0,0,0,0,0,0,3,0,0,0,0,0,0,11,0,6,0,0,469,154,0,0,0,0,0,0,0,0,0,0,0,0,0,0,667,0,0,0,0,0,0,0,0,0,0,18,0,0,0,1,0,0,0,0,0,0,3,4,0,0,0,8,0,0,0,0,0,0,0,0,515,0,0,695,0,0,0,0,0,0,0,0,0,1886,0,0,0,0,0,244,15,0,0,0,0,0,0,1,0,0,148,0
"60",19,0,0,0,0,0,6,0,0,0,0,0,1,0,111,0,0,0,0,5,0,1,0,0,0,1354,0,0,3,20,472,0,0,0,0,0,9,1,2,4,0,0,0,0,0,84,0,0,0,0,4,0,0,0,0,0,0,3,0,0,0,0,0,0,0,0,13,4,0,0,0,0,0,0,0,0,0,0,0,18,0,0,25,0,0,0,2,1,3,0,0,7,297,0,0,6,0,8,48,0,0,0,0,0,0,0,0,1029,0,0,0,0,0,0,0,1,0,1,30,0,0,0,0,1,201,0,0,0,0,0,0,260,0,1,0,0,4,0,0,0,67,0,0,0,0,0,0,0,0,1,3,0,0,0,0,2,0,0,0,0,0,0,0,1621,1,0,0,0,0,0,4,0,1,0,0,0,0,305,0,0,0,0,0,0,1,0,0,0,0,0,0,0,1,0,0,0,0,0,0,0,0,0,0,0,0,5,0,3,3,10,0,0,0,1,2,0,177,0,13,4,0,0,0,0,0,0,0,0,0,0,0,0,0,104,0,0,0,0,0,0,0,0,0,0,0,0,0,0,0,0,0,0,0,1,17,6,5,0,0,0,2,0,0,0,0,0,0,0,0,3,0,0,462,7,1,0,18,3,1,2073,0,0,0,0,0,0,0,1,0,3,0,0,0,0,193,0,1,0,0,18,0
"61",0,0,0,1,0,0,1,0,0,0,0,0,0,218,13,0,0,0,0,0,130,18,0,0,0,1889,0,4,11,3,0,0,0,24,0,0,8,78,1,0,0,0,0,289,1,1227,0,0,0,0,0,0,0,0,0,0,0,0,0,77,0,87,0,0,0,0,0,0,0,0,16,0,0,106,0,0,0,0,0,481,0,0,0,0,57,0,56,0,0,21,0,1,38,17,0,0,0,0,64,0,0,0,0,0,30,0,0,198,0,0,14,0,0,16,0,0,0,2,154,0,2,0,0,1,15,0,0,0,0,0,0,582,0,0,0,0,0,0,0,0,0,0,1,0,0,0,0,0,0,0,15,0,0,0,0,1,0,0,0,96,1,0,1,0,0,0,0,0,0,0,5,23,109,0,0,0,0,0,323,0,0,0,0,0,29,0,0,0,0,0,0,9,0,0,0,0,0,0,0,0,0,0,0,0,0,20,0,0,0,0,0,0,0,0,0,0,63,0,113,73,1,0,0,0,0,0,0,0,0,0,133,0,0,739,0,0,0,0,0,0,0,0,0,0,1,0,0,0,0,34,0,0,0,0,2,0,100,0,0,8,0,0,0,6,0,0,0,0,0,5,0,8,10,0,0,0,0,0,26,1837,0,0,165,0,0,0,0,0,0,40,0,0,0,0,0,0,6,0,0,53,0
"62",0,0,0,0,0,0,1,0,0,0,0,0,0,0,0,0,0,0,0,0,0,0,0,0,26,3988,0,0,7,92,0,3,0,0,0,0,0,0,0,0,0,0,363,73,0,1,0,0,0,0,0,0,0,0,0,0,0,0,0,0,0,0,0,0,0,0,231,0,0,0,0,0,0,0,0,0,0,0,0,0,0,0,0,0,178,0,0,0,0,127,0,0,3,0,0,27,0,0,0,0,0,15,0,0,0,0,22,0,0,0,0,0,0,234,0,0,0,0,0,3,0,0,0,1,139,0,0,0,0,0,6,286,0,0,0,0,18,0,0,0,0,0,0,0,0,0,0,0,0,0,0,0,1,0,0,0,0,0,0,0,0,0,0,0,0,0,0,2,0,0,0,0,1,0,0,0,0,0,138,3,0,0,0,0,7,0,0,0,0,0,0,626,4,0,0,0,0,0,0,0,0,0,0,0,92,0,0,0,0,19,0,0,22,0,0,0,0,0,210,0,0,0,0,0,0,0,0,0,64,0,0,0,0,0,20,0,0,0,0,0,0,22,0,0,0,0,0,4,0,0,47,0,0,1,0,0,0,0,0,0,1,0,0,0,0,0,0,0,0,61,14,0,202,0,0,0,0,0,0,1585,0,0,114,0,0,0,1,0,0,40,171,0,0,1,0,0,16,0,2,169,0
"63",0,0,0,0,0,0,121,38,0,0,4,1,0,0,127,0,0,1,0,0,0,6,0,0,2,589,0,0,5,0,0,0,0,144,0,63,4,0,0,0,0,0,363,0,0,176,0,1,0,0,0,0,0,0,10,0,0,0,1,14,0,0,0,0,0,0,0,18,0,0,0,0,7,1,0,0,0,0,0,19,15,0,369,0,0,0,13,0,0,60,0,0,0,0,0,6,0,0,83,0,0,8,2,0,2,24,0,1125,4,0,0,0,0,50,8,0,0,0,69,1,13,0,44,1,33,1,0,0,0,3,1,7,0,0,0,0,0,0,0,0,204,0,0,0,0,0,2,0,0,0,0,4,0,0,1,0,0,0,0,92,0,0,0,563,0,0,0,0,0,0,4,0,0,0,0,0,0,1,0,1,0,0,0,0,2,0,0,0,23,2,0,38,1,0,43,0,0,0,0,0,0,0,0,3,0,343,0,0,0,1,13,0,0,0,12,0,225,27,159,2,0,0,0,0,0,0,110,0,5,0,151,1,0,941,0,1,0,0,0,14,0,7,0,4,0,0,0,1,9,0,0,0,9,0,20,12,0,0,0,7,8,0,0,2,0,0,0,63,0,7,0,0,2067,0,2,0,0,0,2,304,2,0,0,9,0,0,0,0,0,0,0,0,0,0,14,0,3,0,0,47,0
"64",0,0,0,0,0,0,1,10,0,0,0,0,0,310,28,0,0,0,0,0,1,2,0,13,0,3630,0,0,19,0,167,0,0,14,0,0,58,1,1,0,1,0,0,0,0,38,0,0,0,0,2,0,0,0,0,0,0,3,0,4,1,10,1,0,0,0,271,0,1,0,9,0,0,0,0,0,0,0,0,1,0,0,0,0,2,0,0,0,0,24,0,1,4,0,0,0,0,0,0,19,0,14,0,0,0,0,0,250,0,0,0,0,0,1,0,0,0,1,2,0,0,0,0,5,20,0,0,0,0,0,0,0,0,1,0,0,36,0,0,0,1802,1,0,0,0,0,0,0,0,0,1,3,0,1,0,1,0,0,0,0,0,4,0,0,0,0,0,0,0,0,0,0,1,0,0,0,0,9,1,0,0,0,0,0,0,0,0,0,0,0,0,4,1,0,43,0,0,0,0,202,0,0,0,0,0,0,0,0,1,17,0,0,0,0,1,0,0,1,147,0,1,0,15,0,0,0,0,0,0,0,1,0,1,341,0,0,2,0,0,75,0,0,0,0,5,0,0,1,0,0,28,0,0,0,0,0,75,0,0,0,0,0,4,0,32,0,0,0,0,941,4,0,1124,0,0,0,3,2,1,4,0,0,84,0,0,0,0,4,27,0,0,0,0,0,0,0,5,0,0,11,0
"65",0,0,0,2,0,0,0,0,0,0,0,0,0,0,24,0,0,0,0,0,0,0,0,0,0,2296,0,0,39,5,0,0,0,185,0,0,80,233,0,0,0,0,0,0,0,0,0,0,0,0,0,0,0,3,1,0,0,8,0,242,0,0,0,0,0,0,185,0,0,61,9,0,0,63,0,0,0,0,0,8,0,46,38,0,0,0,0,0,0,52,0,117,150,0,0,0,0,0,0,0,0,0,0,0,1,0,176,611,0,0,0,0,0,88,0,0,0,491,152,0,0,0,0,8,0,0,0,104,0,0,0,0,0,2,0,0,132,0,0,0,4,0,0,0,0,0,12,0,0,0,0,0,0,236,12,0,0,0,0,26,0,0,0,0,0,0,0,0,0,0,2,0,0,0,0,0,0,12,15,0,0,0,0,0,2,0,0,0,0,0,38,341,0,0,0,0,0,0,0,0,0,0,0,0,0,210,0,0,0,0,0,0,0,0,0,0,86,0,99,0,55,0,0,0,0,0,0,0,0,0,47,1,0,1651,0,0,0,0,0,0,0,0,0,0,0,11,0,0,0,0,0,0,0,0,0,250,0,0,0,0,0,0,0,4,0,0,0,0,0,3,0,0,35,0,0,0,1,4,0,858,0,0,450,0,0,0,0,0,0,0,0,0,0,0,67,0,13,0,0,106,0
"66",0,0,0,0,0,0,0,0,0,0,0,0,0,0,71,7,0,0,0,0,0,0,0,7,0,1550,0,0,180,109,242,0,0,67,0,0,10,0,0,0,0,0,0,0,0,230,0,0,0,0,0,0,0,0,0,0,0,0,0,0,0,0,0,0,0,0,0,0,0,0,0,0,0,0,0,0,0,0,0,0,0,0,0,0,0,0,1,0,0,0,0,43,0,0,0,0,0,0,81,0,0,0,0,0,0,0,0,1280,0,0,0,0,0,81,0,0,0,0,394,0,0,0,0,1,18,0,0,0,0,0,0,0,0,0,0,0,620,0,0,0,11,0,0,0,0,0,131,0,0,0,17,0,0,11,0,0,0,0,0,0,0,0,0,0,0,0,0,0,0,0,0,0,0,0,0,0,0,0,1239,0,0,0,0,0,0,0,0,0,0,0,0,85,15,0,0,0,0,0,0,0,0,0,0,0,329,0,0,0,3,8,0,0,0,0,0,0,404,0,701,0,338,0,0,0,0,0,0,0,0,0,0,0,0,418,0,0,0,0,0,0,0,0,0,0,0,0,0,0,0,0,0,0,0,0,74,0,0,0,0,0,0,0,0,0,0,0,0,0,0,0,0,0,12,0,0,0,0,0,0,682,0,0,122,0,0,0,0,0,0,0,0,0,0,0,402,0,5,0,0,0,0
"67",0,1,6,1,0,0,0,0,0,1,0,0,4,0,67,0,18,9,0,0,0,7,0,0,0,2040,0,0,3,19,0,0,0,158,118,0,541,3,0,0,0,0,0,0,0,0,0,17,0,0,0,0,0,0,0,0,0,8,0,0,0,0,0,3,0,0,22,0,41,0,0,0,0,0,1,0,0,0,0,8,0,0,5,0,0,33,4,0,0,44,0,31,30,0,0,2,0,0,9,0,8,0,0,0,0,0,0,1031,0,1,0,0,0,0,0,0,0,107,109,0,0,0,0,1,470,0,0,0,0,0,0,0,0,1,0,0,6,0,0,0,0,0,0,4,0,0,0,0,0,1,4,0,0,0,1,0,0,0,0,0,0,0,0,0,0,0,0,0,0,1,2,0,2,0,0,1,0,0,0,0,0,0,0,0,0,0,0,0,0,8,0,0,0,0,0,0,0,1,0,0,0,0,0,1,0,366,3,0,0,0,0,0,0,0,0,1,0,0,875,0,32,9,0,0,0,0,0,0,0,0,0,0,0,666,0,0,4,25,1,6,0,0,0,0,2,0,0,0,0,0,0,0,14,0,5,16,79,0,0,0,7,0,0,7,0,0,0,0,2,139,0,0,879,0,0,0,0,0,0,1605,5,0,19,0,0,75,0,0,0,6,0,0,0,0,0,0,2,0,0,140,0
"68",0,1,0,0,0,0,1,3,0,0,0,1,0,0,3,0,0,1,0,0,2,1,0,0,0,1063,0,0,15,0,2,0,0,48,0,24,1,0,0,0,0,0,0,11,0,47,0,0,0,0,0,0,0,0,3,0,0,0,0,256,0,1,0,0,1,0,106,0,29,0,3,0,0,0,0,0,0,0,0,26,17,0,186,0,0,0,5,0,0,15,0,0,5,0,7,2,0,0,0,0,0,0,0,0,61,0,109,1447,0,0,0,0,0,183,1,0,0,0,86,0,0,10,0,22,0,77,0,0,0,0,2,59,0,0,0,0,12,0,0,0,0,0,0,0,60,0,0,0,0,0,0,1,0,0,0,0,0,0,0,18,0,0,0,79,0,0,0,0,0,0,0,0,0,0,0,0,0,2,0,0,0,0,0,0,0,0,0,0,0,0,0,45,0,0,0,0,0,0,0,0,0,0,0,0,0,7,0,0,2,3,0,0,0,0,0,0,0,14,204,2,0,0,0,0,0,0,0,0,45,0,88,0,0,634,0,0,0,0,0,0,0,0,0,0,0,0,0,0,0,0,0,0,0,0,1,0,0,3,1,0,0,0,0,1,0,0,0,0,0,66,0,0,2067,0,1,0,0,0,1,2742,0,0,66,0,0,0,0,0,0,0,0,0,0,0,54,0,0,7,0,0,0
"69",0,0,0,0,0,0,31,11,0,0,0,0,0,0,82,0,0,0,0,0,0,27,0,55,0,2994,0,0,254,0,187,0,0,81,0,0,7,35,0,0,1,0,0,0,0,448,0,0,0,0,0,0,0,0,0,0,0,2,0,13,0,0,1,0,0,0,3,3,1,0,12,0,0,0,0,0,0,0,0,0,0,0,3,0,0,0,1,0,0,132,0,6,68,0,0,30,0,0,0,0,0,26,0,0,0,0,0,8,0,0,0,0,0,17,1,0,0,0,0,5,0,0,0,1,405,0,0,15,0,0,0,749,0,0,0,0,52,0,0,0,45,0,0,0,0,0,17,0,0,0,26,0,0,0,0,0,0,0,0,0,0,0,0,381,0,0,0,0,0,0,29,0,44,1,0,0,2,0,0,0,0,0,0,0,0,0,0,0,0,0,0,288,4,0,47,0,0,0,0,0,0,0,0,1,0,130,0,0,2,5,0,0,0,0,0,0,45,0,48,0,0,1,0,0,0,0,0,0,13,2,0,0,0,477,0,0,0,0,0,0,0,0,0,0,0,0,0,0,0,0,0,0,0,0,3,104,0,0,0,0,0,0,0,0,0,0,0,0,0,3,0,0,818,0,1,0,0,0,0,1367,0,0,178,0,0,0,0,1,0,0,0,0,0,0,29,0,4,0,0,118,0
"70",0,0,0,0,0,0,0,0,0,0,0,0,0,0,522,0,0,0,0,0,2,0,0,0,0,3683,0,0,26,109,0,1,0,37,0,0,61,3,3,0,0,0,0,106,0,18,0,0,5,0,0,26,0,0,0,0,0,0,0,0,0,1,0,0,0,0,0,11,0,0,0,0,0,0,0,0,0,0,0,14,0,0,0,0,0,0,0,0,3,0,0,0,4,0,0,2,0,0,96,0,0,0,0,0,1,0,0,1319,6,43,0,0,0,0,0,0,0,0,29,0,0,0,28,1,157,0,0,0,0,0,0,0,0,1,0,0,597,0,0,0,34,0,0,0,0,0,0,0,0,48,5,0,0,0,0,0,0,0,18,0,0,0,0,0,0,1,0,6,0,0,0,0,0,0,0,0,0,0,59,0,0,0,0,0,0,0,0,0,0,0,0,116,2,18,0,28,0,0,0,0,0,0,0,0,0,0,0,0,0,8,0,0,0,3,0,0,3,0,125,4,0,0,0,0,0,0,0,0,16,0,0,0,0,0,0,0,0,0,0,0,1,0,0,0,0,0,0,2,0,0,3,0,1,0,0,0,0,0,0,95,0,0,0,0,0,0,0,0,0,1357,0,0,890,0,9,0,0,0,1,0,0,0,106,2,0,0,0,0,0,32,0,0,0,0,42,0,0,24,0,24,0
"71",0,0,0,0,0,0,0,0,0,0,0,0,0,0,89,0,0,0,0,0,0,0,1,12,0,2937,0,0,42,0,0,0,0,0,0,0,0,0,0,0,0,0,0,0,0,0,0,0,1,0,0,0,0,0,0,0,8,0,0,0,0,0,2,0,0,0,0,0,0,0,0,0,0,0,0,0,0,0,0,0,0,0,0,0,0,0,0,0,0,0,0,128,4,0,0,0,0,0,0,0,0,0,0,0,0,0,0,1468,0,0,0,0,17,628,0,0,0,0,0,0,6,0,0,4,0,0,0,0,0,0,0,414,0,0,0,0,0,0,0,0,0,0,0,0,0,0,0,0,0,0,0,0,0,14,0,0,0,0,0,0,0,0,0,0,0,0,0,0,2,0,0,0,0,0,0,0,0,0,228,0,0,0,0,0,0,0,0,0,0,0,0,0,4,0,0,0,0,0,0,0,0,0,0,0,0,0,0,0,0,36,0,0,0,0,0,0,0,0,0,0,0,0,0,0,0,0,0,0,0,0,0,0,0,0,0,0,0,0,0,0,0,0,0,0,0,0,0,0,0,0,0,0,0,2,0,0,0,0,0,0,0,0,0,0,0,0,0,0,0,2,0,0,282,0,0,0,0,0,0,3610,0,0,0,0,0,0,0,0,0,0,0,0,0,1,0,0,0,0,0,0,0
"72",0,0,0,1,0,0,1,0,0,0,0,0,0,0,7,0,0,0,0,0,0,28,0,9,1,4304,0,0,6,20,0,0,0,0,0,0,0,0,0,0,0,0,0,0,0,0,0,0,0,0,0,0,0,0,0,0,8,0,0,0,0,0,1,0,0,0,0,0,0,0,0,0,2,698,0,0,0,0,0,0,0,0,154,0,1155,1,0,1,0,0,0,0,0,0,0,305,0,0,0,0,0,0,0,25,0,0,275,0,0,0,0,0,0,0,0,0,0,0,176,1,0,0,0,0,0,0,0,0,0,143,88,1343,0,0,0,0,4,0,0,0,10,0,0,0,0,0,6,0,0,0,0,0,0,0,0,0,0,0,0,463,0,0,0,0,0,0,0,0,1,0,0,0,0,0,0,0,0,0,0,0,0,0,0,0,21,0,0,0,0,0,0,0,0,0,290,0,0,0,0,0,0,0,0,18,0,6,0,0,0,0,0,0,0,0,0,0,0,0,0,0,0,0,0,2,0,0,0,0,0,0,0,0,0,0,0,0,0,0,1,1,0,0,0,0,0,0,0,0,0,0,0,11,0,0,0,0,116,0,34,0,0,0,0,1,0,0,0,0,0,4,0,0,0,0,6,0,0,3,0,0,0,0,241,0,0,0,0,0,0,4,0,0,0,0,0,0,3,0,0,0,0
"73",0,4,0,0,0,0,9,0,0,0,3,0,0,0,7,0,0,1,0,0,0,24,0,0,0,1648,0,0,47,0,438,23,0,86,3,0,218,153,6,0,0,0,0,92,0,207,0,7,0,0,4,10,0,0,0,9,0,0,0,17,0,0,0,2,0,0,21,0,0,0,39,2,0,0,0,0,0,0,0,14,0,2,113,0,0,11,0,0,0,39,0,0,0,0,0,0,0,0,104,0,0,0,13,26,0,3,0,416,0,0,0,0,0,22,2,0,0,0,47,0,0,0,0,38,1039,2,0,13,0,0,0,1,0,0,61,0,0,0,0,2,8,0,0,0,3,0,17,2,0,0,28,95,0,0,6,0,0,0,0,73,0,5,0,79,0,1,0,0,0,0,3,0,1,0,0,0,0,62,166,4,0,1,0,0,41,0,0,0,0,0,1,72,3,0,38,0,0,0,1,0,0,0,0,33,0,37,13,0,0,27,0,0,5,0,25,0,0,53,0,0,0,21,0,1,0,0,0,0,74,0,134,1,1,342,0,0,5,37,0,24,0,0,0,0,3,24,0,0,4,0,0,0,27,0,19,250,1,0,0,10,0,0,6,5,22,1,0,0,36,120,0,33,618,0,1,0,0,3,76,899,0,0,682,0,0,14,0,0,3,62,245,17,1,0,0,0,1,0,0,228,0
"74",0,0,1,1,0,0,0,0,0,0,0,0,0,0,4,0,13,1,0,10,0,54,0,19,0,1810,0,0,90,0,0,0,0,509,3,0,2,1,0,0,0,0,0,0,0,0,0,0,0,0,0,0,0,0,0,0,0,0,0,253,0,0,0,4,0,0,8,0,0,74,39,0,0,10,0,0,0,0,0,33,0,8,0,0,0,32,10,0,0,0,280,18,13,0,3,0,0,0,33,0,0,5,0,0,0,0,0,618,0,1,3,0,0,0,0,24,0,2,253,0,0,0,0,1,4,0,200,0,4,0,9,0,0,10,4,0,14,0,0,0,15,0,0,0,138,0,1,0,0,9,4,0,1,0,3,0,0,0,0,48,0,0,0,0,0,0,0,0,0,0,5,0,0,0,0,0,0,0,51,0,0,0,0,0,41,0,0,0,0,0,0,13,0,2,0,0,0,0,1,0,0,0,3,1,0,22,1,3,0,0,0,0,0,0,16,0,98,40,155,0,43,13,0,0,0,119,0,0,0,0,17,0,0,200,0,0,4,1,0,29,0,0,0,0,3,25,0,0,0,0,0,3,0,0,9,20,26,0,30,9,3,0,6,2,0,0,0,0,299,924,0,8,533,0,0,0,0,0,14,1109,0,0,343,0,0,0,0,0,109,6,0,0,0,0,0,0,5,0,0,32,51
"75",0,0,0,0,0,0,1,0,0,0,4,0,0,0,18,0,9,0,1,0,32,75,0,0,0,1916,0,0,27,110,0,0,0,200,2,0,42,102,0,0,0,0,0,0,0,1230,0,0,0,0,0,0,0,0,9,1,0,0,1,92,2,0,0,0,0,0,199,0,11,0,0,0,0,1,0,1,0,0,0,47,0,0,467,0,36,39,237,0,0,53,0,49,2,0,0,0,0,0,63,0,1,1,1,1,0,0,0,0,0,0,0,0,0,108,0,0,0,0,101,0,0,0,0,0,145,61,0,0,1,0,6,110,0,0,0,0,16,0,0,0,14,0,3,0,6,0,38,0,0,0,8,0,0,0,1,0,0,0,0,58,0,0,0,0,1,0,0,0,0,0,0,0,32,0,0,0,0,0,0,3,0,0,0,0,26,0,0,0,0,0,0,219,1,0,0,0,0,0,0,814,0,0,0,15,0,24,2,0,0,2,0,0,0,0,50,0,0,29,0,0,57,0,0,0,0,0,86,0,77,0,64,0,0,0,2,0,3,0,0,3,0,0,0,0,4,0,0,0,0,0,0,2,0,0,0,147,16,0,16,43,0,0,1,3,0,0,0,0,0,9,0,75,11,0,0,0,0,0,0,1559,0,0,724,0,0,0,0,0,0,61,0,0,0,0,0,0,4,0,0,59,0
"76",0,0,0,0,0,0,0,0,0,0,4,0,0,0,29,0,0,10,0,0,105,18,0,297,0,1,0,0,64,39,106,0,0,33,0,0,1,0,0,0,0,0,0,0,0,4,0,12,0,0,8,0,0,0,0,0,0,0,0,235,0,0,0,0,0,0,212,0,0,0,22,0,0,0,0,0,0,0,0,162,0,1,0,0,0,0,0,0,0,11,0,0,54,0,0,0,0,0,6,0,0,22,0,0,0,0,0,3099,0,28,0,0,0,1218,0,10,0,0,514,0,0,0,0,1,12,0,0,0,9,0,38,0,70,1,0,0,119,0,0,0,50,0,0,0,0,0,15,7,0,0,3,14,0,0,0,0,0,0,249,0,0,0,0,0,0,1,0,0,0,0,0,0,0,0,0,0,0,0,14,3,0,0,0,0,0,0,0,13,0,0,1,37,0,0,0,0,0,0,0,0,0,0,0,0,0,117,0,0,1,1,0,0,0,3,1,0,219,170,204,0,0,0,0,0,0,0,0,0,87,0,0,1,0,8,0,0,0,0,0,93,0,0,0,0,18,19,0,0,0,0,34,0,19,0,128,0,0,0,5,11,0,0,0,0,7,0,0,0,0,210,0,43,297,552,0,0,0,0,0,652,2,0,89,0,0,0,0,0,0,0,0,0,0,0,0,0,29,0,0,2,0
"77",0,0,0,0,0,0,1,0,0,0,0,0,0,0,8,0,0,0,0,0,73,0,2,3,0,1483,0,0,5,0,0,0,0,67,0,16,249,1,0,0,0,0,0,0,2,0,0,0,0,0,0,0,0,0,0,0,0,1,0,0,0,0,0,0,1,0,1339,0,0,0,0,0,0,0,0,0,0,0,0,304,0,0,0,0,0,0,0,0,2,0,11,15,0,0,0,0,0,0,2,0,0,0,0,0,0,0,0,2059,0,32,0,0,0,0,0,0,0,0,510,0,0,0,0,1,4,0,0,0,0,0,0,200,0,0,0,0,71,0,0,1,0,0,0,0,0,0,0,0,0,0,0,0,0,0,0,0,0,0,0,142,0,0,0,0,0,0,0,0,0,0,0,0,1,0,0,0,0,0,509,0,0,0,0,0,0,0,0,0,0,0,0,259,0,0,0,0,0,0,0,0,0,0,0,0,0,0,0,0,0,1,0,0,9,0,0,0,238,0,0,0,80,0,0,0,0,0,0,0,0,0,256,0,0,678,0,0,0,0,0,0,0,0,0,0,0,0,0,0,0,0,144,0,0,0,0,0,0,0,0,0,2,30,0,0,0,0,0,0,0,4,0,0,32,0,0,0,0,0,0,981,0,0,0,2,0,0,0,28,188,0,0,0,0,0,58,0,0,27,0,0,0
"78",0,0,0,2,0,0,2,0,0,0,5,0,0,358,7,0,0,0,1,0,15,1,0,63,0,4259,0,0,146,134,274,6,0,100,0,0,0,100,0,0,0,0,0,27,0,226,0,8,0,0,0,0,0,0,2,0,0,0,0,6,0,1,0,1,0,0,10,0,0,0,8,0,0,1,0,2,0,0,0,0,0,0,128,6,1,0,145,1,0,135,0,169,0,51,0,0,0,0,0,0,6,0,0,0,1,0,4,121,0,1,0,0,0,18,0,0,0,1,60,0,0,0,0,4,86,0,0,0,0,1,0,1,0,0,0,2,155,0,0,0,13,0,0,0,148,0,0,0,0,0,3,0,0,0,1,0,0,0,0,28,2,6,0,307,0,0,0,0,0,0,2,11,17,0,0,0,1,0,212,2,0,3,0,0,6,0,0,0,0,12,0,12,0,0,0,0,0,0,0,0,0,0,0,0,0,0,7,0,0,0,29,0,2,0,2,0,28,10,1,0,0,0,0,0,0,0,0,0,7,0,3,0,0,292,0,0,1,0,0,0,1,0,0,0,0,0,0,0,3,0,0,2,5,0,5,0,4,0,0,0,0,0,0,2,0,0,1,0,2,0,0,20,148,0,0,0,0,1,6,1022,0,5,207,0,0,0,0,0,6,5,0,0,12,0,0,4,0,0,0,90,0
"79",0,1,0,0,0,0,1,0,0,0,0,0,0,0,3,0,0,0,0,0,0,0,4,0,0,1236,0,22,1,2,1,0,0,5,0,0,2,0,0,1,0,0,0,0,0,60,0,2,0,0,7,0,0,0,0,0,0,0,0,259,0,90,0,1,0,0,8,0,0,153,0,1,7,110,0,58,0,0,0,275,0,0,0,0,0,2,0,0,0,0,0,2,0,0,0,0,0,0,0,0,0,16,1,0,0,0,0,7,0,0,0,0,0,0,0,0,35,0,17,1,0,0,0,1,42,0,127,0,0,0,0,129,0,0,0,0,1,0,0,0,7,0,0,0,0,0,8,0,1,0,0,0,0,0,1,0,0,0,0,0,0,0,0,1543,0,0,0,0,0,0,4,0,1,0,0,0,0,20,0,0,0,0,0,0,0,0,0,0,0,0,0,0,0,0,0,12,3,0,0,826,0,0,0,4,0,5,17,0,1,1,0,0,0,0,0,0,27,0,1,0,0,3,0,0,0,0,0,0,0,0,0,1,0,119,30,0,1,0,0,11,0,0,0,0,0,2,1,0,0,0,0,0,6,3,2,12,14,0,0,0,0,0,0,0,28,0,0,0,2,623,0,0,19,1,1,0,999,0,0,2243,0,1,1,0,458,1,0,0,60,0,181,0,0,1,0,0,0,0,0,12,0
"80",0,0,0,0,0,0,0,0,0,1,0,0,0,0,8,0,0,5,0,0,57,26,0,1,0,3809,0,0,4,2,65,0,0,110,0,0,2,0,0,0,0,1,0,0,0,0,0,0,0,0,3,0,0,0,0,0,0,1,0,0,0,0,0,0,0,0,84,0,0,0,6,1,0,0,0,0,1,0,0,34,0,0,225,0,0,120,0,0,0,79,0,1,3,0,0,0,0,0,0,0,0,0,0,0,1,0,0,57,0,0,0,0,0,0,0,0,0,1,21,0,0,0,0,11,135,0,0,0,0,0,0,259,0,0,0,11,4,0,0,0,8,0,0,0,0,0,0,0,0,1,20,27,0,41,0,0,0,0,0,0,0,0,0,0,0,0,0,0,4,4,0,0,38,0,0,0,0,52,0,0,0,0,0,0,0,0,0,0,0,0,0,0,0,0,0,1,0,0,0,0,0,0,0,199,0,13,0,0,0,0,0,0,0,0,3,0,0,0,9,0,1,0,0,0,0,0,0,0,0,0,189,1,0,738,0,0,5,0,0,58,0,0,0,0,0,0,0,0,0,0,168,0,0,0,3,4,25,0,0,0,0,0,0,0,3,0,0,0,0,6,0,0,160,0,0,0,3,6,0,2826,0,0,0,0,0,0,1,0,26,35,0,0,0,0,58,0,4,0,0,110,0
"81",0,0,0,0,0,0,0,0,0,0,0,0,0,0,29,0,0,0,0,0,0,48,0,0,0,16,0,0,49,0,0,0,0,131,0,177,0,0,0,0,0,0,0,133,0,341,0,0,1,0,0,0,0,0,0,0,0,0,0,0,0,0,0,0,0,0,61,0,0,0,91,0,0,18,0,0,0,0,0,197,0,0,0,1,700,0,120,0,0,37,0,0,223,0,15,0,0,0,31,0,2,0,0,0,7,0,0,3685,0,0,0,0,0,145,0,0,0,0,109,0,0,39,0,0,46,208,0,0,592,0,100,0,0,0,0,0,2,0,0,0,0,0,0,0,60,0,16,0,0,0,46,0,0,0,0,0,0,0,13,122,0,0,0,0,0,0,0,0,0,0,0,0,0,0,0,0,0,0,364,0,102,0,0,0,0,0,1,0,108,10,0,67,0,0,0,0,0,0,0,0,0,0,0,0,0,0,0,0,0,0,0,0,18,0,0,0,0,305,151,10,0,0,0,0,0,51,0,0,140,0,112,0,0,0,0,0,0,0,7,0,0,0,0,0,0,29,0,1,0,0,0,0,0,0,0,0,0,0,24,8,0,0,0,0,0,0,0,0,0,0,0,56,46,0,0,0,0,0,0,0,0,0,516,0,0,0,0,0,0,34,0,0,0,0,9,0,0,179,0,41,0
"82",0,0,0,0,5,0,1,0,0,0,0,0,0,0,72,0,0,0,0,0,0,0,0,7,0,195,0,0,4,82,0,0,0,0,0,0,0,1,0,0,0,0,0,0,0,1,0,0,0,0,1,0,0,0,0,2,0,0,0,3,0,1,0,0,0,0,51,0,0,73,0,0,0,0,0,0,0,0,0,1,0,1,161,0,0,0,113,0,0,0,0,10,0,0,0,0,46,0,0,0,0,100,0,0,2,0,0,5806,0,0,0,0,0,0,0,0,0,0,29,0,0,0,0,0,0,0,0,0,0,0,0,4,0,0,0,0,0,0,0,0,0,0,0,0,0,0,2,0,0,0,0,0,0,1,0,0,0,0,0,4,3,0,0,0,0,0,0,0,0,0,2,0,6,0,0,0,0,0,1,0,0,0,0,0,7,0,0,0,0,0,0,14,0,0,0,0,0,0,2,0,0,0,0,0,0,12,0,0,3,0,6,30,0,0,0,1,1,0,230,0,0,18,0,0,0,0,0,0,0,1,0,0,0,118,0,0,1,0,0,0,0,0,0,0,0,11,0,0,0,0,0,0,0,0,0,0,0,0,0,0,0,0,0,0,1,0,0,0,0,0,0,0,0,0,0,0,3,0,1,2659,0,0,74,0,0,0,0,0,1,0,0,0,0,0,0,4,0,0,0,19,0
"83",0,0,0,0,0,0,0,0,0,1,0,0,0,0,8,0,0,0,0,0,82,0,2,43,0,0,0,0,119,134,300,0,0,0,0,0,18,0,0,0,0,0,0,0,0,37,127,0,0,0,3,0,0,0,68,0,0,0,0,0,0,0,0,0,0,0,2,0,0,0,0,0,0,540,0,0,0,0,0,197,0,0,0,0,0,1,2,1,0,30,0,31,8,0,74,0,0,0,0,0,0,0,0,0,2,0,0,2695,0,0,0,0,0,43,0,0,0,0,0,0,0,0,0,1,46,0,0,0,0,0,33,292,0,4,0,0,1,0,0,0,1,0,0,0,0,0,0,0,0,0,21,0,0,0,1,0,0,0,4,52,0,0,0,0,0,0,0,0,0,0,0,0,4,0,0,33,0,23,0,0,0,0,3,0,0,0,0,0,0,0,0,61,0,0,0,0,0,0,0,0,0,0,0,0,0,0,2,0,0,22,0,0,0,0,30,0,82,0,0,0,45,0,0,0,0,0,0,1,61,0,330,0,0,36,0,0,4,0,0,0,0,0,0,0,0,0,0,0,0,0,34,0,0,0,5,0,2,0,0,30,0,0,0,0,0,0,0,0,0,40,11,0,206,0,0,0,0,0,0,3523,0,0,46,0,0,0,0,0,0,75,0,0,0,0,33,0,5,0,0,60,0
"84",0,0,0,0,0,0,2,0,0,0,0,0,0,288,7,0,0,0,0,0,31,0,0,4,0,1592,0,6,15,0,0,0,0,0,0,0,28,0,0,0,0,0,0,77,0,4,0,0,0,0,0,3,0,0,0,0,0,1,0,0,0,0,1,0,0,0,0,0,0,0,9,0,0,0,0,0,0,0,0,0,0,0,0,0,63,0,2,0,0,15,0,0,54,0,0,0,0,0,0,0,0,0,0,1,5,0,0,635,0,0,0,0,0,0,0,0,0,1,0,0,0,0,0,5,0,0,0,0,0,42,0,0,0,0,0,6,6,0,0,0,0,0,0,0,7,0,0,0,0,1,0,0,0,1,1,0,0,0,1,0,1,0,0,0,0,0,0,0,0,3,0,2,0,0,0,0,0,0,0,0,0,0,0,0,0,0,0,0,0,0,0,0,2,0,182,1,0,2,0,0,0,0,0,2,0,0,0,0,0,5,0,0,0,0,3,0,20,26,0,12,3,0,0,0,0,1,30,0,140,0,83,0,1,478,0,0,1,0,0,0,0,0,0,0,3,13,0,0,0,0,0,0,0,1,0,0,0,0,0,12,0,0,0,0,4,4,0,41,2,5,0,0,2367,0,2,0,0,1,4,3924,0,0,95,0,0,0,0,1,0,0,0,0,0,0,37,0,0,0,0,0,17
"85",0,0,0,0,0,0,1,0,0,0,0,0,7,0,105,0,0,0,0,0,0,0,0,0,0,0,0,0,8,249,0,0,0,0,0,0,5,1,0,0,0,0,0,0,0,0,0,0,0,0,0,0,0,0,71,0,0,0,0,0,0,0,0,0,0,0,51,0,0,0,0,0,0,11,0,0,0,0,0,17,0,0,0,0,0,20,0,0,0,0,3601,3,3,0,0,0,0,0,0,0,0,102,0,0,1,0,0,2956,0,0,0,0,6,17,0,2,0,1,114,0,0,0,3,1,0,0,0,0,0,0,0,0,0,0,0,0,14,0,0,0,1814,0,0,0,0,0,8,0,0,0,3,0,8,0,1,0,0,0,0,0,0,0,0,194,0,0,0,0,0,0,0,0,0,0,1,0,0,6,0,0,0,0,0,0,0,0,0,0,0,0,0,0,0,4,0,0,0,0,0,0,0,0,0,0,0,29,1,17,1,22,0,0,0,0,0,1,0,0,448,0,0,0,0,0,0,11,0,0,0,0,0,0,0,0,0,0,0,0,0,93,0,1,0,0,151,0,0,0,0,0,0,0,0,0,8,63,68,0,0,0,0,0,0,12,0,0,0,0,3,40,0,0,495,0,0,0,0,0,0,3,0,0,14,0,0,35,0,0,0,0,0,0,0,0,0,0,21,0,0,0,0
"86",0,6,0,0,0,2,57,0,0,0,0,0,0,40,20,0,19,0,3,0,0,16,0,35,0,491,0,0,66,0,152,0,0,13,0,0,16,263,0,0,0,0,0,0,0,0,0,0,0,0,0,0,0,0,0,0,0,0,0,2,0,0,0,1,1,0,60,0,0,0,0,0,0,0,0,0,1,0,0,15,0,19,0,0,0,0,0,0,0,0,0,63,0,0,0,0,0,0,0,0,0,0,0,0,0,0,0,1377,0,0,0,0,0,0,0,0,0,0,102,0,0,0,0,0,49,0,0,0,0,0,0,298,0,0,0,0,0,0,0,0,2180,0,0,0,0,0,55,0,0,2,14,0,0,271,0,0,31,0,0,0,0,0,0,0,0,1,0,0,0,5,15,0,0,0,0,0,0,0,12,14,0,0,0,0,76,0,0,0,0,0,0,60,2,0,0,0,0,0,0,1674,0,0,0,0,0,242,0,0,0,0,0,0,0,0,0,0,30,0,368,0,0,0,0,0,0,0,0,0,0,0,79,0,0,66,0,0,0,42,0,37,0,0,0,0,0,0,0,0,0,0,0,0,0,0,79,0,0,0,1,0,5,0,0,0,0,0,0,0,299,10,0,0,462,0,0,0,0,0,7,347,0,0,299,0,0,0,0,0,12,0,0,0,0,0,10,0,5,0,0,0,0
"87",0,0,0,0,0,0,2,35,0,0,1,2,0,0,7,9,0,0,0,0,55,21,3,0,0,0,0,0,21,134,32,0,27,192,0,0,35,104,0,0,0,0,0,72,0,164,0,1,0,0,0,0,0,0,54,0,0,0,0,10,0,0,0,0,0,0,0,0,0,0,12,0,1,136,0,0,0,0,0,14,1,0,0,0,76,0,0,0,0,66,1,11,2,0,15,4,0,0,37,0,0,0,0,21,1,0,146,644,0,265,0,0,0,65,5,0,0,0,284,0,1,0,0,0,84,0,0,0,594,0,0,0,0,0,0,0,25,0,0,0,1,1,0,1,0,0,25,17,1,0,19,11,0,0,0,0,0,0,203,98,0,0,4,263,0,0,0,0,0,0,0,0,168,0,0,0,0,11,419,2,0,0,0,0,88,27,0,0,52,0,0,259,1,0,26,0,4,1,0,0,0,0,0,1895,84,16,0,0,0,2,0,0,0,13,13,1,19,149,0,0,77,0,0,0,0,0,5,0,69,0,218,1,0,487,0,0,6,0,0,0,0,1,0,10,0,0,0,0,0,0,1,4,2,28,11,87,0,0,2,267,0,0,0,0,4,0,0,0,0,24,0,0,678,4,0,0,0,0,0,0,1,0,386,0,0,0,0,0,0,8,0,14,2,0,47,0,20,84,0,66,0
"88",0,0,0,0,0,0,1,0,0,0,0,0,2,0,0,0,0,0,0,0,0,8,0,34,0,1648,0,0,126,10,92,1,0,60,0,0,197,0,0,0,0,0,85,0,0,88,0,0,0,0,0,0,0,0,0,0,0,0,0,0,0,0,0,0,0,0,67,0,0,0,14,0,0,0,0,111,1,0,0,0,0,0,0,0,0,15,194,0,0,40,0,12,232,0,0,0,0,0,9,0,0,0,0,11,26,0,0,0,0,0,0,40,0,63,0,0,2,0,1,2,5,0,102,1,39,0,0,0,0,0,0,0,0,0,0,0,4,0,0,0,27,0,0,0,0,0,4,0,0,0,3,0,0,0,0,0,0,0,0,0,0,0,0,0,0,0,0,0,0,0,0,0,24,0,0,0,0,249,0,0,0,0,0,0,0,0,0,0,0,0,0,2,0,0,0,0,0,0,0,0,70,0,0,0,0,3,0,0,2,0,0,0,0,0,1,0,341,0,0,0,0,0,0,0,0,0,0,0,108,0,0,0,7,2522,0,0,0,0,0,0,0,1,0,0,2,0,0,0,0,0,0,0,0,0,0,13,10,0,0,0,0,0,0,1,0,2,0,0,4,528,0,0,206,0,8,0,0,0,0,1953,0,0,46,0,0,0,0,0,0,0,0,0,0,0,337,0,0,0,0,0,0
"89",0,0,0,0,0,0,11,0,0,0,0,1,0,0,16,0,0,0,0,0,6,12,0,3,0,2442,0,0,103,0,0,0,0,59,0,0,93,6,0,0,0,0,0,0,0,3,0,0,0,0,0,0,0,0,0,0,0,0,0,0,0,0,0,0,0,0,171,0,0,0,0,0,0,12,0,0,0,0,0,2,0,0,187,0,68,5,920,0,0,34,0,5,0,0,0,0,0,0,16,0,0,0,0,0,1,1,0,1610,0,25,0,0,0,14,1,0,0,0,0,0,0,0,0,1,109,0,0,0,0,0,6,624,0,1,0,0,190,0,0,0,1031,0,0,0,0,0,11,8,0,0,10,12,0,3,0,0,0,0,0,2,0,0,0,400,0,0,0,0,0,0,2,0,0,0,20,0,0,0,0,2,15,0,0,0,19,0,0,0,0,0,1,19,25,4,10,0,0,0,0,0,0,0,0,4,0,103,0,0,0,8,0,0,18,0,9,0,58,2,0,0,13,2,0,0,0,12,0,0,25,0,345,1,0,728,0,0,1,42,0,5,0,0,0,0,0,10,0,0,0,0,0,4,0,0,20,6,5,0,0,0,1,0,0,0,0,0,0,0,0,2,0,0,319,0,5,0,0,0,10,1,0,0,1,0,0,0,0,0,26,1,0,0,7,0,30,0,5,67,0,11,0
"90",49,0,0,1,0,0,64,0,0,0,12,0,0,0,27,2,0,0,1,0,0,39,0,0,0,1,0,0,129,10,0,0,0,0,0,0,0,0,0,0,1,0,0,8,0,0,0,0,0,0,0,0,0,0,61,0,0,0,0,0,0,0,0,0,0,0,0,0,0,0,11,0,1,0,0,167,0,0,0,14,0,0,0,0,1094,0,0,0,0,0,0,0,2,0,0,0,0,0,0,0,0,0,0,21,2,0,0,3099,0,0,0,0,0,0,0,0,0,0,0,0,5,0,0,0,10,0,0,0,0,0,47,126,0,0,0,0,0,0,0,0,0,0,0,0,0,0,131,20,0,0,16,0,0,0,0,0,0,0,0,0,0,0,0,1287,0,0,0,0,0,20,0,0,1,0,0,0,0,8,0,0,0,0,0,0,84,0,0,0,17,0,0,30,0,8,0,0,0,0,0,0,0,0,0,1007,0,49,0,0,0,5,0,0,0,0,0,0,0,305,0,12,160,27,0,0,0,0,3,0,0,0,80,0,0,0,0,0,0,0,0,141,0,0,0,0,0,0,0,92,0,34,1,0,0,0,0,0,0,0,0,21,0,0,0,0,4,2,0,0,3,4,0,0,103,0,0,0,0,0,2,1189,0,0,0,0,0,0,0,0,0,44,0,0,0,0,20,0,0,0,0,0,0
"91",0,0,0,0,0,0,42,0,0,0,0,0,0,0,22,0,0,0,0,0,0,0,0,1,0,2717,0,0,8,1,45,0,0,0,0,0,0,0,0,0,0,0,0,0,0,349,0,0,0,0,0,0,0,0,0,0,0,2,0,0,0,0,1,0,0,0,94,0,2,331,0,0,0,0,0,0,0,0,0,0,0,0,0,0,590,1,256,0,0,202,0,11,2,0,0,0,0,0,0,0,0,6,0,0,0,0,0,942,0,0,0,0,0,1008,0,0,0,0,1,5,0,0,0,1,147,0,0,0,0,0,0,0,0,0,0,0,41,0,0,0,41,0,0,0,0,0,0,0,0,0,0,0,0,0,0,3,0,0,0,0,0,0,0,0,0,0,0,0,0,0,0,0,5,1,0,0,0,0,0,0,0,0,0,0,0,0,3,0,0,0,0,175,1,0,0,0,0,0,0,0,0,0,0,1,0,0,0,0,1,1,0,0,0,0,7,1,0,0,1,0,0,0,0,0,0,12,0,0,23,0,0,0,0,157,0,0,0,0,0,3,0,0,0,0,1,0,0,0,0,0,0,0,0,0,0,2,0,0,0,0,0,0,0,12,0,0,0,0,0,4,0,0,15,0,0,0,0,0,0,2271,0,0,77,0,0,0,0,0,0,0,0,0,0,0,0,0,311,0,0,47,0
"92",0,0,0,0,0,0,26,0,0,0,0,0,0,0,22,0,42,0,0,0,0,59,0,0,0,0,0,0,75,32,94,0,0,38,0,0,7,0,1,0,0,0,0,0,0,3,0,2,0,0,0,0,0,0,0,0,0,0,0,0,0,0,0,0,0,0,207,0,2,0,0,0,0,0,0,0,0,0,0,74,0,0,152,0,0,1,0,0,0,206,0,68,5,0,0,0,0,0,0,0,0,1,0,2,0,0,0,284,0,0,0,0,0,406,0,0,0,0,165,0,0,0,0,13,122,319,0,0,0,0,0,0,0,0,0,0,103,0,0,0,0,0,0,0,0,3,0,0,0,17,0,0,0,0,0,0,0,0,0,0,0,0,0,0,0,0,0,0,0,0,0,1,54,0,0,0,0,0,55,0,0,0,0,0,2,0,0,0,0,0,0,425,1,0,0,0,0,0,0,0,0,0,0,1604,1,13,0,0,5,0,0,0,0,0,29,3,0,0,362,0,64,0,0,0,0,0,0,0,0,0,299,2,0,16,0,0,1,0,0,2,0,0,0,0,1,0,0,0,0,0,0,0,0,0,8,5,0,0,0,55,0,0,6,9,82,0,0,0,19,45,0,4,123,0,0,0,0,3,1,3689,0,0,111,0,0,0,0,0,0,143,0,0,0,0,44,0,48,0,0,115,0
"93",3,0,0,2,0,0,0,0,0,0,0,0,0,0,38,0,0,0,0,0,0,8,0,12,0,0,0,0,25,0,0,0,0,160,5,0,0,0,0,0,1,0,0,0,0,0,0,1,0,0,0,0,4,0,7,0,0,0,0,0,0,0,0,1,0,95,80,0,0,0,50,0,0,34,0,45,0,0,0,18,0,0,14,0,0,0,0,0,0,0,0,48,0,0,0,417,0,0,0,0,4,0,0,0,0,0,0,0,0,43,0,0,0,0,10,0,0,1,0,0,0,0,0,0,0,0,55,0,4,0,0,0,2,7,0,0,29,0,0,0,0,0,0,0,0,0,0,0,0,0,11,0,0,7,6,0,0,0,0,257,0,0,0,53,0,0,0,0,0,0,0,0,0,0,0,12,0,179,26,0,0,0,0,0,0,0,0,0,0,0,110,0,0,0,1,0,272,0,0,0,0,0,0,77,0,0,0,0,0,9,0,0,0,0,0,1,107,67,10,0,1,0,0,262,12,0,0,0,645,2,330,2,0,5688,0,0,0,0,0,0,0,0,121,0,0,0,0,0,0,0,0,1,0,0,0,0,0,0,0,0,3,0,0,0,69,0,3,0,0,0,0,0,325,10,1,0,0,0,0,0,0,0,0,0,0,67,0,32,0,0,0,0,0,0,0,2,0,0,0,0,0
"94",37,0,0,0,0,0,0,0,0,0,0,0,0,0,74,0,28,0,0,0,0,0,0,20,0,0,0,0,146,333,0,0,0,0,0,0,0,0,0,0,0,0,0,0,0,0,0,0,1,10,0,0,0,0,0,0,0,0,0,0,0,0,0,0,0,0,478,0,0,0,0,0,0,0,0,0,0,0,6,0,0,0,0,0,0,4,0,0,0,0,0,72,320,0,0,0,23,0,0,0,0,0,0,0,0,0,0,1073,0,0,0,0,0,0,0,46,0,0,0,14,0,0,11,1,0,0,0,0,0,0,0,0,0,5,0,0,30,0,0,0,67,0,0,0,0,0,0,0,0,0,0,0,0,0,0,0,0,0,0,0,0,0,0,0,0,0,0,0,0,2,0,0,168,25,0,0,0,0,0,0,0,0,0,0,0,0,1,0,0,0,0,0,13,0,0,0,0,0,0,0,0,0,0,0,0,0,0,0,1,82,0,0,0,0,0,0,0,0,1184,0,0,0,0,0,0,0,0,0,0,0,0,0,0,0,0,0,0,0,0,0,0,0,0,0,0,0,0,92,0,0,0,0,0,0,0,0,0,0,0,0,0,0,0,0,0,0,0,0,0,768,0,0,1900,7,0,0,0,0,0,3480,0,59,0,0,0,0,0,0,0,0,0,0,0,0,0,0,0,0,0,0,0
"95",0,47,0,0,0,0,0,0,0,0,0,0,0,0,32,0,0,0,0,0,0,18,0,0,0,956,0,0,262,0,0,0,0,335,0,0,0,10,0,0,0,0,0,0,0,0,0,0,0,0,0,81,0,0,0,0,0,0,0,0,0,0,0,0,18,0,0,0,0,0,0,0,0,0,0,0,0,0,0,1,0,0,0,0,0,1,0,0,0,0,0,0,0,0,0,0,4,0,0,0,0,1,0,0,0,0,0,1198,0,88,0,0,0,0,0,0,0,0,41,0,0,0,0,0,0,0,2092,0,0,0,111,9,0,0,0,0,0,0,0,0,9,0,0,0,0,0,1,0,0,0,1,0,0,0,0,0,0,0,0,0,0,0,0,0,0,0,0,0,0,6,1,0,0,0,0,0,0,0,44,0,0,0,0,0,0,0,0,0,0,0,0,38,7,7,0,0,0,0,0,0,0,0,0,0,1772,3,0,0,1,0,0,0,0,0,0,0,0,0,0,0,0,0,0,0,0,0,0,0,0,0,0,0,0,278,0,0,0,0,0,0,0,0,0,0,2,10,0,0,0,0,0,0,0,0,0,0,6,0,0,0,0,0,0,1,0,0,0,0,1,477,0,0,67,0,0,0,0,0,0,1767,0,0,147,0,0,0,0,0,0,0,0,0,0,0,0,0,27,0,0,24,0
"96",0,0,0,0,0,0,1,31,0,0,0,0,0,0,27,0,0,0,0,109,27,58,0,30,0,0,0,4,10,12,276,0,0,0,0,0,0,94,0,1,0,0,0,73,0,115,0,1,0,0,0,0,0,0,9,0,0,0,0,94,0,0,2,0,0,0,128,0,0,4,49,0,0,0,0,0,0,0,0,98,0,0,0,0,103,2,0,0,0,0,0,3,114,0,0,8,0,0,0,0,0,39,0,0,0,0,0,3185,6,0,0,0,0,127,0,0,0,0,115,0,0,0,0,1,1095,0,0,0,3,0,8,62,0,0,0,0,19,7,0,0,350,0,0,0,0,0,0,0,0,8,0,7,0,0,0,5,0,0,0,20,0,0,0,389,6,0,0,0,0,0,3,0,1,0,0,0,0,2,129,0,0,0,0,0,7,0,0,0,0,0,0,67,0,0,0,1,0,0,0,0,0,0,0,0,1,258,2,2,0,8,0,0,0,1,0,0,52,4,607,7,30,38,0,0,0,0,2,333,0,0,87,0,0,467,0,0,0,0,0,0,0,0,0,0,11,0,0,0,0,0,0,0,0,0,2,17,0,0,14,23,0,0,0,7,0,0,0,0,2,176,4,47,37,0,7,0,0,0,5,4,0,3,211,0,13,0,0,254,0,13,0,0,0,0,1,0,0,0,1,107,0
"97",0,0,0,0,0,0,0,10,0,0,0,0,3,58,0,0,0,0,0,0,22,2,0,3,0,3618,0,0,26,1,144,0,0,144,0,0,84,75,2,0,0,0,0,63,0,296,0,0,0,0,8,0,0,0,23,0,0,0,0,4,0,0,0,0,0,0,54,0,0,0,18,0,0,0,0,0,0,0,0,8,0,0,158,0,57,1,527,0,0,22,0,9,5,0,0,5,0,0,21,0,0,0,0,0,1,0,475,12,0,0,0,0,0,222,0,0,0,0,40,0,0,0,0,1,90,0,0,0,0,71,7,62,0,0,0,0,1,0,0,0,28,0,0,0,0,0,11,0,0,0,24,0,0,22,1,0,0,0,5,62,0,0,0,1091,0,0,0,3,0,0,2,0,0,0,0,0,4,2,28,2,0,0,3,0,0,0,0,0,0,0,0,187,5,0,0,0,0,0,0,0,0,0,0,0,0,13,1,0,3,16,0,0,0,20,10,0,58,0,141,0,0,28,0,0,0,0,0,0,133,4,439,0,0,212,0,1,0,0,0,0,7,0,0,0,0,0,0,0,0,2,0,2,22,0,1,0,14,0,4,11,0,0,0,0,0,0,0,0,0,2,0,79,51,1,0,0,0,0,2,0,0,0,386,0,0,0,0,0,24,13,0,0,0,0,1,0,2,0,0,0,0
"98",0,0,0,0,0,0,0,0,0,0,0,0,1,0,54,0,0,0,0,3,0,1,0,14,0,4006,0,0,25,337,273,0,1,1,0,0,4,0,0,0,0,0,0,0,0,0,0,0,0,0,0,0,0,0,0,0,0,0,0,0,0,0,0,0,0,0,29,0,0,0,0,0,0,0,0,0,1,0,0,1,0,0,0,0,34,0,1,0,0,27,0,31,1,0,0,0,0,0,12,0,0,18,0,0,0,0,0,580,0,0,0,0,0,36,0,1,0,0,70,0,0,0,12,30,39,0,0,0,0,0,0,260,0,0,0,0,851,3,0,0,36,0,0,0,0,0,0,0,0,0,2,0,0,0,0,0,0,0,16,0,0,0,0,0,0,0,0,0,0,0,0,0,0,0,0,0,0,0,0,0,0,0,0,0,0,0,0,0,0,0,0,114,1,0,0,0,0,0,0,0,0,0,0,0,0,5,0,0,0,1,0,0,0,0,1,0,79,0,2,0,0,0,0,0,0,0,0,0,12,0,27,0,0,283,0,0,0,0,0,7,0,0,0,0,5,0,0,0,0,0,0,0,0,0,0,2,32,0,0,0,0,0,0,0,0,0,0,0,0,0,0,0,544,0,0,0,0,0,0,1972,2,0,1,0,0,0,0,0,0,0,0,0,0,0,52,0,3,0,0,43,0
"99",0,0,0,1,0,0,0,0,0,0,0,0,0,0,33,0,0,0,0,0,0,151,0,0,0,3657,0,0,10,8,74,0,0,0,0,0,3,0,0,0,0,0,0,0,0,0,0,0,0,0,0,0,0,0,0,0,0,0,0,0,0,0,0,0,0,0,0,1,0,0,0,0,0,0,23,0,0,0,0,0,0,1,158,0,0,0,0,1,0,0,0,1,0,0,0,21,0,0,0,0,0,0,1,0,0,0,0,151,0,23,0,0,0,127,0,0,0,0,38,0,0,0,0,128,0,0,0,0,0,76,0,0,0,0,0,0,253,0,0,0,25,0,0,0,0,0,0,0,0,4,9,0,0,0,1,0,0,0,12,35,0,0,0,1374,0,0,0,0,0,0,0,0,1,0,0,4,0,0,159,0,0,0,0,0,0,0,0,0,40,0,2,12,0,0,0,0,0,0,0,0,0,0,0,0,1,3,0,0,0,0,0,0,0,0,0,0,34,0,0,0,29,40,0,0,0,0,0,0,221,0,207,0,0,215,0,0,0,0,0,0,0,0,38,0,1,0,0,1,0,0,0,0,0,0,0,0,0,0,0,0,27,0,0,0,0,0,0,0,0,49,0,0,53,3,0,0,0,0,2,2045,0,0,276,0,0,0,0,1,21,0,0,0,0,0,37,0,0,0,0,81,0
"100",0,0,0,0,0,0,1,0,0,0,0,0,0,0,0,0,0,0,0,0,0,0,0,6,1,2669,0,5,20,3,0,31,0,0,0,0,0,0,0,0,0,0,50,208,0,176,0,0,2,0,0,0,0,0,0,0,0,3,0,0,0,0,0,0,0,0,7,0,15,0,0,0,0,0,0,0,0,0,1,0,0,0,0,0,0,0,0,0,0,0,1,0,40,5,0,13,0,0,0,0,0,0,0,0,0,0,0,54,0,0,0,0,0,0,0,0,9,0,0,49,0,0,0,0,785,2,0,0,0,0,47,0,0,0,0,0,1414,0,0,0,1,0,0,0,0,0,1,0,0,0,0,0,0,0,0,0,0,0,0,0,0,0,0,0,0,0,0,0,0,0,0,0,1,0,0,0,0,0,0,0,25,0,0,2,0,0,0,0,0,0,0,0,0,0,0,0,0,0,0,0,0,0,0,0,0,0,0,0,0,10,0,0,22,0,0,0,0,13,1,0,0,19,0,1,0,0,0,0,0,0,0,0,0,292,0,0,0,0,2,0,0,0,100,0,0,0,1,3,0,0,0,0,0,0,0,0,0,0,0,37,0,0,0,0,0,0,0,0,14,21,0,0,807,7,6,0,0,0,0,2782,0,0,0,0,0,0,10,5,1,0,33,0,0,0,174,0,0,0,0,0,0
"101",0,0,0,0,0,1,12,77,0,0,4,1,6,0,6,0,0,0,0,0,107,0,1,1,0,5,0,0,4,2,89,0,0,10,0,0,5,153,0,0,0,0,0,0,0,95,0,0,0,0,23,0,0,0,14,0,0,0,0,220,0,0,0,1,0,0,8,0,1,0,0,0,1,0,0,137,0,0,1,242,0,0,49,0,0,1,0,0,0,57,0,1,3,0,0,0,0,0,0,0,0,1,0,0,0,0,0,644,0,0,0,0,0,0,0,0,94,1,26,2,0,0,0,0,13,0,0,0,0,0,0,1519,0,1,0,0,1,0,0,0,11,0,4,0,0,4,12,0,2,0,14,0,0,0,0,0,0,0,0,8,0,6,0,913,0,0,0,0,0,0,1,0,17,0,0,0,0,173,31,3,0,0,0,0,6,0,0,0,0,10,0,27,1,0,0,0,0,2,1,424,0,0,0,0,0,5,2,0,0,2,0,0,0,0,0,1,0,0,83,0,34,4,0,0,0,0,0,0,0,9,91,0,0,0,0,0,1,1,1,6,0,0,0,0,0,0,0,0,0,0,0,0,6,0,4,0,0,6,4,0,0,0,5,0,78,0,0,0,40,6,0,0,69,0,0,0,0,1,1,3147,1,0,51,0,0,0,0,0,14,10,0,0,0,0,3,0,3,0,0,13,0
"102",0,0,0,0,0,0,1,6,0,0,2,1,0,0,17,0,2,1,0,0,0,22,0,1,0,1592,0,0,1,6,1,0,0,53,50,0,11,0,2,0,0,0,0,0,0,135,0,4,0,1,17,0,0,0,4,1,0,1,0,40,1,0,0,19,0,0,105,0,0,65,23,0,1,0,0,0,0,0,1,27,0,0,136,2,0,1,0,0,0,9,0,2,7,0,0,1,0,0,20,0,0,0,0,0,1,0,0,2326,0,0,0,0,0,64,0,1,0,0,95,0,0,0,0,1,160,0,0,0,2,0,0,39,0,2,0,0,2,0,0,0,4,0,0,0,0,0,4,0,0,11,17,0,0,0,0,0,0,0,0,43,0,6,0,2,0,0,0,3,0,3,2,0,106,0,0,0,1,173,134,0,0,0,0,0,12,0,0,0,0,0,0,81,0,0,2,0,0,0,0,0,0,0,0,20,53,3,1,0,1,1,2,0,0,1,3,1,37,79,29,0,31,83,0,60,0,1,44,0,116,1,0,0,0,41,0,0,21,0,2,0,0,0,0,0,0,6,0,0,0,0,0,1,3,0,9,1,0,2,2,30,0,0,0,1,10,0,0,0,196,471,0,36,123,0,1,0,0,4,3,2482,0,0,243,0,0,0,0,1,0,37,0,0,0,0,24,0,2,0,0,12,0
"103",0,0,0,0,0,0,0,27,0,0,0,0,1,58,63,0,0,0,0,0,70,10,0,0,0,827,0,0,38,8,108,0,0,77,0,0,28,168,0,0,0,0,0,0,0,8,0,16,0,0,0,0,0,0,10,0,0,0,0,54,0,0,0,3,0,0,41,0,0,0,12,0,2,79,0,0,1,0,0,49,0,0,201,0,1,26,96,0,0,24,0,22,1,0,0,0,3,0,25,0,0,0,0,0,2,0,0,17,0,0,0,0,0,65,0,0,0,3,300,0,0,0,11,0,65,0,0,0,0,108,15,701,0,0,0,0,1260,2,0,0,7,0,0,0,0,0,94,0,0,0,13,2,0,55,1,0,0,0,249,67,0,0,0,0,0,0,0,0,0,0,4,0,0,0,0,0,4,72,0,4,0,0,0,0,57,0,1,0,0,5,0,123,0,0,0,0,0,0,0,0,0,0,0,6,0,13,0,0,0,0,0,0,0,0,2,0,66,28,322,0,60,46,0,0,0,0,0,0,15,0,0,0,0,0,0,0,2,0,0,30,0,0,0,0,2,0,0,0,0,0,0,0,0,0,56,5,2,6,28,1,8,0,0,6,1,0,1,0,17,4,9,56,226,0,0,0,0,0,0,1974,0,0,288,0,0,14,0,0,244,28,0,0,0,0,70,12,3,0,0,60,0
"104",0,0,0,0,0,0,40,0,0,0,5,2,0,0,29,0,0,0,0,0,5,7,0,42,0,1727,0,0,95,7,246,109,0,156,0,0,9,0,0,0,0,0,2,47,0,174,0,9,0,0,0,0,0,0,11,0,0,0,0,1,0,0,1,0,0,0,1,0,0,0,22,0,0,10,0,0,0,0,0,6,3,0,118,0,0,0,0,0,0,114,3172,9,5,0,0,2,0,0,0,0,0,6,0,0,0,0,15,572,0,0,3,0,0,83,0,0,0,0,16,0,0,0,0,0,486,0,0,17,0,132,69,275,0,0,0,0,8,0,0,0,0,0,0,0,179,17,2,0,0,0,4,0,0,0,1,0,0,0,0,0,0,0,4,0,0,0,0,0,0,0,0,0,0,0,0,0,0,0,64,4,0,0,0,0,5,0,1,0,0,0,0,64,0,0,1,0,0,0,0,0,0,0,0,502,0,5,0,0,0,33,0,0,0,1,46,0,28,26,106,0,16,20,0,10,0,10,0,0,153,0,112,0,0,82,0,1,6,3,0,4,0,0,0,4,0,0,0,0,0,0,0,10,22,1,11,6,0,1,1,4,0,0,0,0,0,0,0,0,0,2,0,16,110,0,0,0,0,0,66,157,1,0,117,0,0,0,0,0,0,18,0,4,0,0,21,0,1,0,0,51,0
"105",0,0,0,0,0,3,0,0,0,0,0,0,0,0,323,0,0,11,0,0,0,90,0,3,0,2442,0,0,0,0,1417,0,0,347,0,0,35,98,0,0,0,0,0,0,14,48,0,0,0,0,0,7,0,0,0,0,0,2,0,132,0,0,0,9,0,0,0,2,3,0,366,0,0,20,0,0,1,0,0,0,0,0,0,0,0,0,0,0,0,0,0,100,0,0,0,0,0,0,0,0,0,4,0,0,0,0,0,554,0,0,1,0,0,0,0,0,0,0,60,0,0,0,0,0,0,0,0,0,0,0,0,28,0,0,0,1,1021,0,0,0,23,0,0,0,0,0,0,0,0,0,0,0,0,33,12,0,60,0,0,344,0,0,0,0,0,0,1,0,0,0,0,1,0,0,26,0,0,0,0,7,0,2,0,0,0,0,0,0,0,0,0,0,0,0,0,0,0,0,0,0,0,0,0,0,0,29,0,0,0,0,13,0,0,0,0,0,0,0,3,0,0,0,0,0,0,0,0,0,202,0,0,0,0,825,0,0,5,0,0,0,0,0,0,0,86,0,0,0,0,0,0,0,0,0,0,13,3,0,0,0,5,0,0,0,0,0,0,0,14,54,0,0,47,0,0,0,0,0,118,0,0,0,0,0,0,0,0,0,0,0,0,0,0,0,751,0,13,0,0,169,0
"106",0,0,0,48,0,0,1,34,0,0,0,0,0,0,0,0,0,1,0,0,12,19,0,0,1,738,0,0,37,0,384,0,0,0,0,120,1,19,0,0,0,0,102,29,0,18,0,1,0,0,0,0,0,0,16,0,0,0,0,216,0,0,0,55,46,0,168,0,0,0,6,0,0,111,0,0,0,0,0,9,0,6,0,0,0,0,0,1,0,35,90,0,0,0,0,13,0,0,0,0,0,0,0,1,0,0,0,3546,0,0,0,0,0,16,1,0,0,0,15,0,0,0,0,0,0,36,0,0,1,3,0,70,0,0,0,0,230,0,0,0,43,0,0,0,5,0,19,0,0,0,4,0,0,0,0,0,0,0,167,23,0,0,0,0,0,0,0,0,0,0,0,0,0,0,0,0,0,148,276,1,0,0,0,0,3,0,0,0,0,0,0,27,1,0,25,0,0,3,0,0,67,0,0,1,249,54,0,0,0,0,0,0,5,0,0,0,84,0,3,2,0,36,0,47,0,0,3,0,5,0,7,0,0,159,0,2,0,0,0,0,0,2,0,0,0,0,0,0,1,0,0,0,0,0,8,0,0,0,0,7,17,0,0,0,0,0,0,0,0,302,0,1,0,0,0,0,0,0,2,1861,0,0,11,0,0,0,0,1,27,0,0,0,0,0,22,0,0,0,0,17,0
"107",0,0,0,0,0,0,1,0,0,0,0,0,0,0,6,0,0,0,0,0,0,20,0,0,0,164,0,0,1,9,274,0,0,301,0,0,36,70,0,0,0,0,0,0,0,0,0,1,0,0,3,0,0,1,0,0,0,0,0,0,0,0,0,0,0,0,16,0,0,0,10,0,0,0,0,0,0,0,0,148,0,2,187,0,0,0,1,0,0,71,0,0,30,0,0,4,0,0,95,0,0,0,0,0,1,0,0,435,0,0,0,0,0,63,0,1,0,0,115,0,0,0,0,1,1273,0,3,0,0,0,0,0,0,1,0,3,0,0,0,0,4,0,0,0,0,0,0,0,0,3,5,0,0,0,1,0,0,0,0,25,0,0,0,0,0,0,0,2,0,0,0,0,18,1,0,0,0,32,81,0,0,3,11,0,0,0,0,0,0,0,0,91,1,0,0,0,0,0,0,0,0,0,2,0,1031,12,0,0,0,0,0,0,0,0,30,0,111,0,99,0,48,0,0,0,1,0,0,0,213,7,161,0,0,445,0,0,4,0,0,0,0,0,0,0,0,0,0,0,0,0,0,0,0,0,1,2,1,0,10,0,1,0,0,0,0,0,0,0,0,356,0,0,844,0,0,1,0,0,70,1313,0,0,343,0,0,0,0,0,2,43,0,0,0,0,1,0,1,0,0,85,0
"108",0,4,0,0,0,1,4,0,0,1,0,1,2,0,8,0,0,0,0,14,2,28,0,13,0,488,2,0,119,39,0,0,3,0,0,0,0,1,0,1,0,0,0,0,0,1,0,1,0,0,2,0,0,0,8,0,0,0,0,298,0,102,0,6,0,79,106,0,0,0,8,1,4,0,1708,0,0,0,0,12,0,2,8,0,69,5,0,0,0,0,0,54,0,103,0,0,0,0,0,0,0,0,0,0,1,0,0,267,0,19,0,0,14,146,1,0,1,0,29,0,0,0,0,62,0,0,0,0,1,0,0,214,0,3,0,3,20,0,120,0,1802,0,0,0,0,0,8,2,3,0,0,5,0,39,6,0,0,21,0,0,0,6,0,0,0,0,2,0,0,4,0,0,29,0,0,0,0,6,0,0,0,1,2,5,3,0,0,0,0,1,1,0,4,0,0,0,0,0,1,0,0,0,0,0,0,51,0,0,0,26,0,0,0,0,2,0,0,3,316,0,6,0,0,84,1,0,0,0,0,0,2,1,1,908,17,0,1,0,0,148,0,0,0,0,0,0,0,0,0,21,0,1,6,1,23,104,12,0,0,0,0,0,0,0,1,0,0,0,0,11,2,1,1042,0,0,0,0,0,0,1802,4,0,0,0,0,1,0,0,0,0,0,17,10,0,0,0,0,0,0,5,0
"109",1,0,0,0,0,0,0,20,0,0,0,0,0,363,2,0,9,0,0,0,22,0,0,0,0,1854,0,0,7,6,0,0,0,0,0,0,0,0,0,0,0,0,0,0,0,14,0,0,0,0,0,0,0,5,0,0,0,1,0,10,0,4,0,0,0,4,0,0,0,0,26,0,0,16,34,0,0,0,0,8,0,0,4,0,1,0,0,0,0,0,0,0,8,0,0,0,17,0,0,0,0,0,0,0,0,0,0,660,0,0,0,0,0,0,0,0,0,0,0,0,2,0,0,0,0,0,0,0,0,0,1,0,0,0,0,0,0,0,0,0,4,0,0,0,0,0,0,0,0,1,0,0,54,0,0,0,0,0,6,0,0,0,0,1091,0,0,0,0,0,0,0,0,0,0,0,0,0,0,0,0,0,0,0,31,0,8,0,0,0,0,15,11,0,0,0,0,0,0,0,0,0,0,0,0,0,0,0,0,0,0,0,0,134,0,0,0,0,0,0,0,0,0,7,0,0,0,0,0,0,0,0,0,3,0,0,0,0,0,0,0,0,0,0,0,1,2,0,0,0,0,0,0,0,0,2,0,0,0,0,2,0,0,0,1,0,0,0,0,0,471,0,12,0,198,0,0,0,14,0,4236,0,0,0,2,0,0,0,0,5,0,0,0,0,0,0,0,16,0,0,0,0
"110",0,0,0,0,0,0,2,31,0,0,0,0,0,0,15,0,0,0,0,10,33,0,0,106,0,1,0,0,54,12,0,0,0,39,0,0,0,0,0,0,2,0,0,0,0,139,0,0,0,0,0,0,0,0,0,0,0,0,0,318,1,87,0,0,0,0,26,0,0,96,366,0,0,0,0,0,0,0,0,58,0,0,0,0,0,0,0,0,0,0,280,1,2,0,0,0,0,0,0,29,0,0,0,0,0,0,0,909,0,0,0,0,0,0,0,0,0,0,196,0,5,0,0,0,40,0,0,0,0,0,0,133,0,0,0,0,0,0,0,0,8,0,0,0,0,0,0,0,0,6,140,0,0,0,0,0,0,0,0,0,0,0,0,0,0,0,0,0,0,0,9,0,1,0,0,0,0,0,0,0,0,0,0,0,0,0,0,0,0,0,18,0,1,53,0,0,0,0,0,0,0,0,0,557,0,14,0,0,0,0,10,0,0,0,0,0,70,0,0,95,0,0,0,0,0,0,0,0,0,0,0,0,0,87,0,0,0,0,0,0,0,0,0,0,0,4,0,0,0,0,0,0,52,0,0,0,0,0,98,0,35,0,0,2,0,0,0,0,0,0,0,0,427,0,0,1,51,0,34,2858,0,0,983,0,0,0,0,0,92,0,0,0,0,0,0,0,53,0,0,374,0
"111",0,0,0,0,0,0,0,0,0,0,3,0,0,0,13,1,0,0,0,0,0,70,0,2,0,3420,0,0,3,13,441,0,0,40,0,0,0,82,0,0,0,0,0,36,0,104,0,1,0,0,3,0,2,0,6,0,0,0,0,0,0,0,0,0,0,0,0,0,0,0,1,0,0,0,0,0,2,0,0,0,0,1,25,0,0,1,1,0,0,50,0,4,0,0,0,0,0,0,26,0,0,0,0,0,0,0,0,441,0,0,0,2,0,0,0,2,0,1,20,0,0,0,0,2,387,0,44,0,0,0,9,0,0,0,0,0,1,0,0,0,13,0,0,1,0,2,7,0,0,0,0,114,42,0,1,0,7,0,0,38,0,0,0,0,0,1,0,0,1,0,4,0,1,0,0,0,0,162,156,1,0,0,0,0,8,0,0,0,0,0,0,11,1,17,0,0,0,0,0,0,0,0,0,1,0,80,1,0,0,7,0,23,0,0,2,0,0,3,141,0,22,15,0,0,0,0,0,0,22,0,0,0,0,197,0,0,0,1,0,1,0,0,0,1,1,4,0,0,0,0,0,5,22,0,5,2,12,0,3,6,3,0,0,1,0,0,0,0,0,4,0,10,128,0,14,0,0,0,0,2652,0,0,65,0,0,0,0,0,0,7,162,0,0,0,116,0,1,0,0,425,0
"112",0,1,0,0,0,0,14,52,0,0,0,0,0,0,54,0,1,0,0,0,0,20,0,7,0,0,0,0,73,14,96,0,0,34,0,0,4,30,0,0,0,0,0,0,0,260,0,0,0,0,0,0,0,0,58,0,0,3,0,34,0,0,0,0,0,0,29,0,0,0,38,1,0,0,0,0,0,0,0,12,0,0,539,0,0,1,0,0,0,36,0,6,0,0,0,0,0,0,0,0,0,4,0,0,0,0,0,671,0,0,0,0,0,0,0,0,0,0,29,0,0,0,0,1,0,0,0,0,0,0,0,0,0,2,0,0,6,0,0,0,12,0,0,0,0,0,0,0,0,1,0,0,0,0,0,0,0,0,0,123,0,0,0,2887,2,0,0,0,0,0,4,0,0,0,0,0,0,4,0,0,0,0,0,0,4,0,0,0,0,0,0,89,18,0,0,0,0,2,0,0,0,0,0,0,53,0,0,0,6,42,132,0,0,1,3,0,89,0,212,0,0,0,0,0,0,0,0,0,42,0,0,0,0,612,0,0,0,0,0,6,0,0,0,0,5,0,0,0,0,0,0,0,0,0,0,0,1,0,4,0,0,0,0,1,0,0,0,0,0,0,0,48,78,0,32,0,0,0,10,50,0,300,615,0,0,0,0,0,0,0,0,0,0,0,176,0,3,0,0,32,0
"113",0,0,0,0,0,0,28,73,0,0,0,0,0,0,3,0,0,2,0,0,81,60,0,0,0,248,2,0,88,24,6,370,0,29,0,0,11,90,1,0,0,0,0,289,0,0,0,0,0,0,0,0,0,0,90,0,0,2,0,14,0,1,0,0,0,79,0,0,0,0,68,0,0,20,563,0,0,0,0,0,0,0,0,0,700,5,0,0,0,39,1119,1,0,0,0,0,0,0,64,0,0,0,0,0,1,0,306,356,0,0,0,0,0,2,0,2,0,12,68,0,0,0,0,1,0,0,4,0,0,210,19,40,0,0,0,1,157,0,0,0,17,0,0,0,0,0,20,10,0,3,30,53,0,0,0,0,0,0,8,245,0,0,0,329,0,0,0,0,0,0,0,0,1,0,0,0,0,372,0,2,0,0,0,0,2,0,0,0,67,0,0,136,0,0,1,0,0,0,0,0,0,0,0,0,0,10,0,0,0,0,0,0,5,12,3,0,15,0,352,0,197,0,0,0,0,31,0,0,42,0,64,0,0,0,0,0,0,0,0,0,0,0,0,0,1,0,24,0,0,0,1,34,0,0,38,6,28,0,6,11,3,30,0,4,0,0,0,0,0,11,0,0,297,0,0,0,0,0,19,16,0,0,386,0,0,0,0,0,12,28,0,0,0,0,143,0,7,0,0,110,0
"114",0,0,0,0,5,0,0,0,0,0,0,2,0,0,17,25,0,0,0,0,85,23,0,0,0,0,0,0,12,6,28,27,0,52,0,0,1,61,0,0,0,0,0,0,0,4,0,1,0,0,1,0,0,0,31,1,0,0,0,228,0,0,0,0,0,0,20,0,0,0,21,0,0,0,0,0,0,0,0,16,0,0,3,0,0,0,0,0,0,0,0,8,0,0,0,0,0,0,115,0,0,0,0,0,1,1,0,2855,0,35,0,0,0,103,0,0,0,0,0,0,0,10,0,175,0,0,0,0,1,0,0,71,0,0,0,0,0,0,0,1,1,0,0,0,0,0,2,1,0,0,22,52,0,1,0,0,0,0,0,61,0,1,0,400,0,0,2,2,0,0,1,0,0,0,0,0,3,236,51,1,0,0,0,0,0,0,0,0,0,0,1,59,0,19,0,0,0,0,0,0,0,0,0,1,246,2,0,0,1,3,0,60,2,0,1,0,32,6,0,0,501,33,0,0,0,0,71,0,91,0,80,0,0,126,0,0,1,0,0,0,1,0,0,0,0,1,0,1,0,0,0,0,0,1,7,1,1,0,0,0,2,0,0,6,1,0,25,0,0,1060,0,5,39,0,1,1,0,0,0,2319,0,0,220,0,0,0,0,1,0,7,0,0,1,0,72,0,0,5,0,10,0
"115",0,0,0,0,0,0,1,0,1,0,0,0,0,0,37,0,28,0,0,0,2,27,0,0,4,1810,0,0,252,150,591,9,0,48,0,0,0,110,0,0,0,0,0,0,0,0,0,0,0,0,0,0,0,0,2,0,0,0,0,102,0,0,0,0,0,4,18,0,0,96,2,0,0,0,26,0,0,0,0,5,6,0,0,0,15,106,0,1,0,12,1,0,0,0,0,0,0,0,1,0,0,0,0,0,1,0,109,78,0,0,0,11,0,0,0,0,1,0,61,9,0,0,0,0,78,0,0,0,1,0,1,1,0,0,0,0,380,1,60,0,15,0,0,0,0,0,12,0,0,0,1,4,0,0,1,0,0,0,0,12,0,0,0,335,0,0,0,0,0,0,21,0,0,0,0,0,0,6,0,0,0,0,0,0,16,0,0,0,0,0,0,161,1,0,0,0,0,1,2,0,0,0,0,0,1,216,0,5,0,0,0,2,0,3,1,0,211,3,296,0,31,0,0,0,0,7,0,0,1,0,0,0,4,368,0,0,0,0,0,45,0,0,0,0,0,0,0,0,0,0,76,0,15,0,8,101,0,0,90,0,0,4,0,8,0,0,0,0,3,687,196,0,337,0,0,0,0,0,2,2073,0,0,121,0,0,0,0,0,0,20,84,0,0,0,6,0,35,0,0,98,1
"116",0,0,1,16,0,0,12,0,0,0,0,0,1,0,28,0,0,0,0,0,0,45,0,0,0,306,0,0,43,12,0,0,1,50,0,0,5,0,0,0,1,0,0,0,0,272,0,0,0,0,0,0,0,0,0,0,0,0,0,0,0,0,0,0,0,0,0,0,0,0,0,0,0,0,0,0,0,0,0,0,0,0,10,0,0,1,0,0,0,0,0,0,4,0,0,0,16,0,0,0,0,0,1,0,0,0,0,2326,0,0,6,0,0,148,0,0,0,0,115,0,0,0,0,0,164,0,0,0,0,0,0,0,0,0,0,0,0,0,0,0,13,0,0,0,0,0,0,0,0,0,10,0,0,0,0,0,0,0,0,221,0,0,0,0,0,0,0,3,0,6,0,0,1,0,0,0,1,0,0,0,0,0,0,0,10,0,1,0,0,0,0,155,2,4,25,0,0,0,0,0,0,3,0,0,0,9,0,0,1,8,0,0,0,0,0,0,0,0,1,0,27,0,0,0,0,0,0,0,0,0,0,1,0,558,0,0,0,0,2,0,0,0,0,0,0,0,0,9,0,0,0,0,25,0,0,0,0,0,0,11,2,0,0,0,15,0,0,0,0,5,0,0,384,0,1,0,0,0,0,4498,0,0,150,0,0,0,0,0,25,0,0,0,0,0,0,0,9,0,0,41,0
"117",2,0,0,0,0,0,2,0,0,0,0,0,0,0,58,0,0,0,0,0,2,98,0,7,0,4768,0,0,10,2,0,0,0,92,0,0,0,102,0,0,0,0,0,0,0,0,0,6,0,0,0,0,0,0,0,0,0,0,0,0,0,0,8,0,0,0,16,0,0,0,0,0,0,0,0,0,0,0,0,8,0,0,428,0,0,0,166,0,4,0,0,8,3,0,0,0,0,0,0,0,0,71,0,0,0,0,0,720,0,0,0,0,0,8,0,0,0,1,39,0,0,0,1,1,199,0,0,0,0,0,0,15,0,1,0,0,6,0,0,0,392,0,0,0,0,17,0,0,0,0,26,0,0,51,0,0,0,0,0,0,0,0,0,0,0,0,0,0,0,0,7,0,1,0,4,0,0,0,24,0,0,0,0,0,38,0,0,0,0,0,0,0,4,20,0,0,0,0,0,0,0,0,0,0,0,38,0,0,0,11,0,0,21,0,0,0,17,0,615,0,0,10,0,0,0,0,0,0,0,0,0,0,0,132,0,0,0,0,0,0,0,0,0,0,0,0,34,9,0,0,0,0,3,1,4,2,20,0,0,13,4,0,0,0,0,0,0,0,0,2,0,0,515,0,0,0,1,0,52,905,0,0,398,3,0,0,0,0,0,0,0,0,0,0,0,0,2,0,0,265,0
"118",0,0,0,0,0,0,0,0,0,0,0,0,0,0,652,0,0,0,0,0,8,0,0,0,0,2841,0,0,208,0,0,0,0,192,0,0,0,0,0,0,0,0,0,24,0,0,0,0,0,0,0,0,0,0,0,0,0,0,1,0,0,0,0,0,0,0,0,0,0,0,0,0,0,0,0,0,0,0,0,4,0,0,0,0,0,0,0,0,0,30,0,0,106,0,0,0,0,0,0,0,0,0,0,0,1,0,0,364,0,6,0,0,0,43,0,0,0,1,531,0,0,0,33,0,49,0,0,0,0,0,0,2,0,0,0,0,0,0,0,0,48,0,0,0,0,0,0,0,0,0,30,0,0,0,0,0,0,0,0,0,0,0,0,0,0,0,0,0,0,0,0,0,0,0,0,0,0,0,0,0,0,0,0,0,0,0,0,0,0,0,0,0,6,18,0,0,0,0,0,0,0,0,0,0,0,302,0,0,3,71,0,0,0,0,0,0,69,0,83,0,0,0,0,0,0,0,0,0,0,0,0,0,0,2652,0,0,0,1,0,0,0,0,0,0,0,0,0,4,0,0,1,0,0,0,0,160,0,0,0,0,0,0,0,0,0,0,0,0,0,0,0,0,148,0,0,0,0,0,0,270,0,0,0,0,0,0,11,0,0,0,0,0,0,0,22,0,65,0,0,0,0
"119",0,0,0,0,0,0,0,8,0,0,0,0,0,193,23,0,0,0,0,0,6,0,0,0,0,1552,0,0,0,0,6,0,0,53,0,0,10,2,1,0,0,1,0,0,0,45,72,0,4,0,0,0,0,0,5,0,0,0,0,23,0,1,0,0,0,0,16,0,0,0,0,0,0,0,0,0,0,0,0,25,0,0,0,0,0,0,0,0,0,58,0,1,8,0,0,0,0,0,2,0,0,0,0,0,0,1,0,3099,0,0,0,0,0,0,1,0,0,0,60,0,0,0,0,1,199,0,0,0,0,0,1,15,0,0,0,0,8,0,0,0,236,0,0,0,0,0,0,1,0,0,1,1,0,13,0,0,0,0,8,0,0,0,0,0,0,0,0,0,0,0,0,0,0,0,0,0,0,2,51,0,0,0,0,0,0,0,0,0,0,0,0,69,0,0,93,0,0,0,0,0,0,0,0,4,0,0,0,0,0,1,0,0,0,6,0,0,26,0,130,0,0,0,0,0,0,0,0,0,8,0,0,0,0,24,0,0,0,0,0,0,0,1,0,0,0,0,0,0,0,0,5,1,0,0,0,0,0,0,0,7,1,0,0,2,0,0,0,0,0,1551,0,0,17,0,0,0,1,0,0,2169,1,0,0,0,0,0,0,0,12,5,0,0,0,0,1,1,10,0,0,0,0
"120",0,0,0,3,0,0,0,0,0,0,0,0,0,0,0,3,0,0,0,0,31,5,0,0,0,177,13,0,234,125,0,0,0,0,0,0,112,0,2,0,0,0,0,3,0,0,0,0,0,0,0,0,1,2,44,1,0,0,0,0,0,0,0,0,0,0,0,0,0,0,0,0,1,18,0,0,0,0,0,7,0,0,0,0,0,0,0,0,0,0,0,0,0,0,0,0,0,0,0,0,0,0,0,0,3,0,0,0,0,121,0,0,0,147,0,0,0,3,9,2,0,0,0,0,407,133,0,0,0,0,0,0,0,0,0,0,34,0,0,0,5,0,6,5,0,0,5,2,0,0,1,0,1,0,0,0,41,0,0,0,0,1,0,0,0,1,0,0,0,0,6,0,0,0,0,0,0,4,0,7,0,0,0,0,0,0,0,0,0,0,0,0,0,0,0,0,0,6,0,0,0,0,0,0,0,27,1,0,5,42,0,0,0,0,2,1,0,13,1,0,0,65,0,0,0,0,0,0,0,0,54,1,0,234,0,0,8,0,0,29,0,0,0,0,0,1,0,0,4,0,0,3,0,0,5,24,3,0,0,5,0,0,0,6,0,0,0,0,0,3,0,0,3409,0,0,0,1,0,0,3829,5,2,69,0,0,0,0,0,0,77,0,253,0,0,64,0,5,0,0,21,0
"121",2,0,0,0,0,0,1,0,0,0,0,0,0,0,19,0,0,1,0,0,0,60,0,1,0,344,0,0,0,71,404,0,22,149,2,0,3,85,0,0,0,0,0,0,0,176,0,1,0,0,4,0,0,0,82,0,0,0,0,0,0,0,0,1,0,0,208,0,0,0,0,0,0,0,0,60,0,0,0,164,0,0,0,0,0,3,13,138,0,11,0,0,3,0,0,0,0,0,25,0,0,0,0,0,0,0,6,1217,0,0,0,0,0,39,0,1,0,1,71,0,0,0,0,0,387,0,0,0,592,2,10,11,17,0,0,0,0,0,0,0,8,0,0,0,0,0,4,0,0,0,5,0,0,0,1,0,0,1,0,4,0,0,0,0,0,0,0,0,0,0,0,0,18,0,0,0,0,124,0,0,0,0,0,0,1,0,0,0,0,0,0,9,0,0,0,0,0,0,0,0,0,0,0,0,279,5,0,0,0,1,0,0,0,0,14,0,0,7,3,0,278,0,0,0,0,0,0,0,46,0,156,0,0,180,0,0,4,0,0,19,0,0,0,0,1,10,0,0,0,0,0,0,7,1,31,1,5,0,21,87,0,0,0,1,0,0,0,0,14,2177,0,87,254,0,0,0,0,0,2,2,0,0,272,0,0,0,0,1,0,0,0,0,0,0,0,0,1,11,0,81,0
"122",0,0,1,0,0,0,28,0,0,0,1,0,0,0,0,0,0,0,0,0,0,20,0,0,0,898,0,0,38,0,0,0,0,26,0,0,0,0,0,0,0,0,0,0,0,0,0,1,0,0,0,0,0,0,0,0,0,0,0,26,0,0,0,223,0,0,80,0,1,0,0,0,2,0,0,0,0,0,0,15,0,0,15,0,0,0,0,0,0,0,0,0,0,0,0,0,3,0,0,0,0,35,0,0,0,0,0,182,0,265,0,0,0,0,0,0,0,0,10,0,0,0,0,22,0,10,5,0,0,0,0,0,0,1,0,0,8,0,0,2,0,0,0,0,0,0,16,0,0,0,0,0,8,0,0,0,0,0,0,0,0,0,0,0,0,0,0,0,0,0,4,0,6,0,0,0,0,0,4,0,0,2,0,0,4,0,0,0,0,0,0,0,0,0,0,0,0,0,1,0,0,0,0,161,673,61,0,0,0,0,0,0,0,0,1,1,0,6,50,0,0,0,0,0,0,0,0,0,0,0,0,1,0,674,0,0,0,0,0,17,0,0,0,0,1,0,0,0,0,0,0,0,0,0,0,0,0,0,1,0,0,0,0,10,1,0,1,0,0,5721,0,0,0,0,0,0,0,0,0,258,0,0,3,0,0,0,0,0,0,16,0,0,0,4,0,0,0,0,0,27,0
"123",0,0,3,0,0,0,23,0,0,0,0,0,0,0,0,0,5,0,0,0,0,0,0,0,0,4882,0,0,0,0,0,0,0,0,0,0,65,0,0,0,0,0,0,0,0,0,0,0,0,0,0,0,0,0,0,0,0,0,0,165,0,0,0,0,0,10,281,0,0,0,0,0,0,12,658,0,0,0,0,0,0,0,0,0,0,3,0,0,0,26,0,0,0,0,0,0,0,0,0,0,0,0,0,0,0,0,22,34,0,0,0,208,0,30,0,0,0,0,281,3,10,0,0,2,72,428,0,0,17,0,53,0,0,0,0,0,0,0,0,0,0,0,0,0,0,0,0,0,0,1,0,0,0,0,0,0,0,0,0,0,0,0,0,554,0,0,0,0,0,0,0,2,1,0,0,0,0,36,0,0,0,0,0,0,0,0,0,0,0,0,0,106,0,0,0,0,0,0,0,0,0,0,0,204,0,0,0,0,0,0,0,0,0,0,0,0,116,0,0,0,0,27,0,0,0,0,0,0,0,0,161,0,0,0,0,0,0,0,0,0,0,0,0,0,0,0,1,0,0,0,0,0,0,0,0,0,0,0,0,0,2,0,0,4,0,0,0,0,0,565,0,0,758,0,0,0,0,0,0,27,0,0,0,0,0,0,0,1,0,141,0,0,0,0,0,0,2,0,0,0,0
"124",0,0,0,0,0,0,64,0,0,0,0,0,0,0,17,0,0,0,0,0,0,72,0,0,0,1638,0,0,62,0,0,0,0,142,0,0,0,0,0,0,0,0,0,0,0,0,0,2,0,0,0,0,0,0,0,0,0,0,1,101,0,0,0,3,3,0,0,0,0,0,0,0,0,0,0,0,0,0,0,70,0,2,0,0,0,0,0,0,0,0,28,0,0,0,0,0,0,0,164,0,0,0,0,0,6,0,29,2411,0,0,0,0,0,0,0,0,0,2,0,0,0,0,0,0,0,54,0,0,6,0,0,424,2,0,0,0,0,0,0,0,0,0,0,0,0,0,2,0,0,0,0,0,0,0,0,0,0,0,0,346,0,0,0,3,0,0,0,0,0,0,2,0,0,0,0,0,0,0,0,2,0,1,0,0,6,0,0,0,0,0,0,29,0,0,0,0,0,0,1,0,0,0,0,0,0,7,34,0,1,0,14,0,0,0,0,1,0,48,1,0,0,42,0,0,0,0,0,0,0,0,0,0,0,1481,0,0,0,0,0,100,0,0,0,0,6,27,0,0,0,0,0,0,7,0,50,105,10,0,30,0,4,0,0,16,0,0,0,0,8,41,0,0,511,0,0,0,0,1,0,1397,0,0,229,0,0,0,2,0,0,53,0,0,0,0,0,0,65,0,0,16,0
"125",0,0,0,0,0,0,8,0,0,0,0,0,0,0,105,0,0,0,0,0,0,0,0,0,0,1150,0,0,49,0,0,0,0,92,0,0,0,0,0,0,0,0,0,0,0,478,0,0,0,0,0,0,0,0,0,0,0,0,0,7,0,0,0,0,0,0,44,0,0,0,14,0,0,0,0,0,0,0,0,0,0,0,0,0,0,0,0,0,0,0,0,0,418,0,0,0,0,0,0,0,0,0,0,0,0,0,0,196,0,0,6,0,0,440,0,0,0,0,291,0,12,0,0,2,652,560,0,0,0,0,0,0,0,0,0,0,4,0,0,0,53,0,0,0,0,0,0,0,0,0,16,0,0,2,0,0,0,0,0,0,0,0,0,0,0,0,0,0,0,0,0,0,0,0,0,0,0,0,14,0,0,0,0,0,0,0,0,0,0,0,0,412,3,0,0,0,0,0,0,0,0,0,0,0,0,0,10,0,3,3,0,0,0,0,15,1,117,0,0,0,0,4,0,0,0,24,0,0,83,0,0,0,0,0,0,0,0,0,0,0,0,0,0,0,0,0,0,0,0,0,0,0,0,0,0,35,0,0,15,26,2,0,0,23,0,0,0,0,0,1724,0,0,1402,0,0,0,0,0,0,1088,0,0,156,0,0,0,0,0,0,0,0,0,0,0,0,0,242,0,0,0,0
"126",0,0,0,0,0,2,7,0,0,0,0,0,0,0,37,0,7,0,0,0,0,34,0,2,0,4522,0,0,11,36,3,0,0,23,0,0,0,0,0,0,0,0,0,0,0,76,0,0,0,1,0,0,0,0,0,0,0,2,0,72,0,0,0,0,0,0,217,0,0,0,21,0,0,0,0,0,0,5,0,65,0,0,1,0,0,0,248,0,0,9,0,136,7,0,0,1,0,0,13,0,0,0,0,0,1,0,0,56,0,0,0,0,0,0,0,6,0,0,40,0,0,0,0,178,100,0,0,0,0,0,0,2,0,0,0,0,20,0,79,0,48,0,0,0,0,0,0,0,0,1,1,0,0,0,0,0,0,0,0,14,0,0,0,0,0,0,0,2,1,0,27,0,0,0,0,0,0,58,163,0,0,0,0,0,9,0,0,0,0,0,0,0,1,25,0,0,0,0,0,0,0,0,363,8,0,7,0,0,1,0,0,0,0,0,7,0,95,0,13,0,0,2,0,0,0,14,0,0,4,0,7,0,0,119,0,0,0,0,0,0,0,0,0,0,0,24,1,0,0,0,0,1,0,0,1,4,62,0,12,0,1,0,0,0,2,0,0,0,0,523,0,0,303,0,0,0,0,0,0,1814,0,0,46,1,0,0,0,0,0,0,0,0,0,0,11,0,3,0,0,164,0
"127",0,29,0,0,0,0,0,0,0,0,0,0,0,25,8,0,46,0,0,0,0,23,0,0,0,2,2,0,10,0,415,0,0,41,0,0,1,60,0,0,0,0,0,0,0,207,2,0,0,0,0,0,0,0,0,0,0,0,0,235,0,0,0,1,0,0,157,0,0,131,9,0,0,0,0,127,0,0,0,87,0,0,4,0,0,103,0,0,0,40,0,0,0,0,0,0,0,0,1,0,0,0,0,0,1,0,0,1978,0,0,0,0,0,29,0,0,0,0,282,0,0,0,0,0,0,0,0,0,0,0,0,1,0,0,0,0,7,0,0,0,1999,0,0,0,0,0,26,0,0,0,12,0,0,18,0,0,0,0,0,15,0,0,0,1,0,1,3,0,0,0,8,0,0,0,0,0,0,2,498,8,0,0,0,0,0,0,0,0,0,0,0,195,0,0,0,0,0,4,0,0,0,0,0,0,0,301,0,0,1,0,0,0,0,0,1,9,86,0,0,0,0,11,0,0,0,0,0,0,2,0,7,0,2,94,0,0,5,0,0,0,0,0,0,0,0,66,0,0,0,0,0,2,3,0,2,14,133,7,0,0,18,0,0,4,1,0,0,0,5,622,0,0,160,0,0,0,0,0,1,1352,0,0,129,0,0,0,0,0,0,0,0,0,0,0,1,0,66,0,0,52,0
"128",0,0,0,0,0,0,0,0,0,0,0,0,0,0,27,18,19,1,0,0,0,34,0,4,0,743,0,0,24,8,0,27,0,10,0,0,0,0,0,0,0,0,0,49,0,0,0,0,0,0,0,0,0,0,25,0,1,0,0,64,0,29,0,0,0,0,31,0,0,0,26,0,0,23,0,174,0,0,0,25,0,0,0,0,0,103,251,0,0,28,0,0,0,0,0,0,0,0,0,0,0,0,0,0,0,0,0,4180,0,0,0,0,0,0,0,0,0,0,17,0,0,0,0,0,13,0,0,0,2,0,16,4,0,0,0,0,0,0,0,1,2,0,0,0,0,0,12,0,0,9,5,0,0,0,0,0,0,0,195,11,0,0,0,0,0,0,0,3,0,0,2,0,1030,0,0,0,0,6,29,0,69,1,0,2,12,0,0,0,0,0,1,79,0,0,0,0,0,0,0,0,0,0,0,0,0,19,0,0,0,0,6,35,28,0,7,0,0,0,0,0,0,0,0,0,0,1,0,0,20,11,211,0,0,825,0,0,4,0,0,100,0,0,0,0,2,16,0,0,0,0,0,0,19,1,13,148,4,0,14,0,0,0,0,15,9,0,0,0,0,768,0,0,15,0,0,0,0,0,2,4,0,0,102,0,0,0,0,0,12,5,0,0,0,0,0,2,0,67,0,25,0
"129",0,1,0,0,0,0,1,25,0,0,0,0,0,72,22,0,0,0,0,0,31,10,0,0,0,1277,0,0,3,0,137,0,0,0,0,0,0,9,0,0,0,0,0,0,0,5,0,0,0,0,1,0,0,0,28,0,0,0,0,191,0,15,0,0,0,1,225,0,0,18,246,0,0,0,0,0,0,0,0,198,0,0,255,0,0,1,0,0,0,0,0,0,0,0,0,0,0,0,17,0,0,0,0,0,0,0,46,2995,0,0,0,0,0,83,1,0,0,0,0,0,2,0,0,1,15,0,0,0,9,0,5,109,0,0,0,0,0,0,0,0,0,0,0,0,0,0,8,0,0,0,1,0,0,0,0,0,0,0,1,0,0,0,0,832,0,0,0,0,0,23,2,0,0,0,0,0,0,151,9,0,0,0,0,0,0,0,0,0,0,0,140,0,1,0,0,0,0,31,0,0,0,0,122,38,0,0,0,0,0,2,0,72,7,2,3,0,10,25,0,0,0,26,0,0,0,51,0,0,20,0,103,0,0,0,0,0,4,0,0,0,1,0,51,0,0,2,0,0,0,0,0,2,3,0,23,0,0,0,43,47,1,0,0,3,0,0,0,0,0,45,0,0,0,0,0,0,0,0,0,0,0,0,17,0,0,0,0,0,47,67,0,0,0,0,23,0,1,94,0,0,0
"130",0,0,0,0,0,0,0,17,0,0,7,0,0,1,29,0,0,0,1,0,19,42,0,1,0,2373,0,0,12,9,350,0,0,47,0,0,4,103,0,0,0,1,0,17,0,178,0,4,0,0,0,0,0,0,103,0,0,0,0,118,0,37,1,0,0,0,147,0,0,0,8,1,0,1,0,0,0,0,0,205,0,0,0,0,1,0,478,0,0,29,0,1,2,5,0,0,0,0,35,0,0,0,0,0,0,0,0,808,0,0,0,0,0,33,0,0,0,0,71,1,0,0,0,0,73,0,0,0,0,0,0,326,0,1,0,1,4,0,0,0,32,0,0,0,107,0,81,1,0,1,9,0,0,143,0,0,0,0,17,23,0,0,0,0,0,0,0,0,0,0,0,0,0,0,0,0,3,41,449,2,0,0,0,0,46,0,0,0,0,0,0,22,1,2,0,1,0,0,0,0,0,0,0,1125,0,5,1,0,0,0,0,0,0,0,2,0,62,69,149,11,27,0,13,0,0,0,89,0,2,0,32,1,0,279,0,0,3,0,0,2,0,0,0,0,0,0,0,0,0,0,0,1,0,0,0,5,50,0,9,45,0,0,8,8,0,0,0,0,0,57,0,47,56,0,0,0,0,0,31,516,0,0,328,0,0,0,0,0,92,0,0,0,0,0,46,1,2,0,0,142,0
"131",0,0,0,0,0,0,0,31,0,1,0,0,1,243,9,0,0,1,0,2,43,12,0,0,0,827,0,0,5,6,1157,0,0,1,1,0,3,64,0,0,0,0,0,65,0,25,0,2,0,1,1,0,1,0,42,0,0,0,0,204,0,23,0,0,0,0,44,16,0,0,370,0,0,47,0,0,0,0,0,57,0,0,11,1,469,0,1,0,0,10,203,40,79,0,0,0,0,0,0,0,3,0,0,0,1,0,151,699,0,0,0,18,0,10,0,0,0,0,31,1,0,5,0,0,3,0,36,0,1,0,1,3,0,1,0,0,37,0,0,0,4,0,0,0,0,0,12,0,0,59,14,0,0,24,0,0,0,0,8,37,0,0,0,0,0,1,0,0,0,0,0,0,0,0,0,0,0,28,350,0,0,0,0,1,0,0,0,0,23,0,0,9,1,0,0,0,0,0,0,543,0,0,0,0,0,2,1,0,0,2,0,0,0,6,2,0,111,43,28,10,0,0,3,0,0,0,0,0,71,0,65,0,1,163,0,0,6,0,1,0,0,0,0,0,0,0,0,0,0,0,41,1,11,0,5,2,4,0,2,28,0,7,0,1,2,0,1,615,96,4,0,22,38,2,0,0,1,1,1,2112,0,0,132,0,9,0,0,1,8,28,0,0,0,0,33,0,2,0,0,50,0
"132",0,0,0,0,3,0,7,0,0,0,16,0,0,0,69,0,0,1,8,0,0,185,0,4,0,1552,0,0,126,98,0,0,0,67,0,0,3,282,1,0,0,0,0,0,0,0,117,8,0,0,10,0,0,0,0,0,0,3,0,0,22,0,0,143,0,0,0,0,0,0,0,0,0,0,0,4,0,0,0,132,0,0,18,2,0,39,0,0,0,120,0,48,0,0,0,0,0,0,0,0,0,0,1,0,0,0,0,0,0,0,0,0,0,0,0,7,0,73,787,0,0,0,0,10,22,0,0,0,3,0,0,0,0,0,5,63,934,0,4,0,844,0,0,0,0,0,46,0,0,0,21,0,0,0,0,0,0,0,9,24,0,0,0,0,0,0,0,1,1,54,0,0,65,0,0,0,3,0,0,3,0,0,0,0,40,0,0,0,0,0,0,100,9,0,0,0,0,0,0,0,0,0,0,2,0,51,21,0,0,8,0,0,7,0,7,0,276,0,0,0,0,38,0,0,0,0,0,0,0,0,0,3,0,309,0,0,16,0,0,8,0,0,0,4,0,8,0,0,0,0,0,6,0,0,0,133,32,0,0,0,2,0,0,4,0,3,0,0,355,0,11,0,257,0,13,0,0,0,8,2162,0,0,0,0,0,0,0,0,0,39,0,0,0,0,0,0,0,0,0,0,0
"133",0,0,0,0,0,0,2,0,0,0,4,0,0,0,2,0,1,2,0,0,0,32,0,0,0,1,0,0,3,0,0,0,0,206,2,0,0,229,0,0,0,0,0,0,0,173,0,0,0,0,0,0,0,0,58,0,0,0,1,112,0,1,0,4,73,0,13,0,0,16,0,0,0,0,0,195,0,0,0,248,0,0,0,0,0,0,46,0,0,44,0,0,0,0,73,0,0,0,0,0,0,16,0,0,0,0,0,3312,0,38,0,0,0,131,0,0,0,0,270,0,0,0,0,1,201,84,0,0,12,0,0,0,0,0,0,0,0,0,0,0,0,0,0,0,0,0,8,0,0,1,13,0,0,0,1,0,0,0,0,0,0,0,0,1414,0,0,0,0,0,1,5,0,0,0,0,0,0,50,188,0,0,0,0,0,32,1,0,0,0,0,0,61,1,1,0,0,0,0,0,0,0,0,1,6,0,7,0,0,0,6,0,0,0,0,0,0,0,0,0,0,0,25,0,0,0,55,0,0,97,0,0,0,0,8,0,0,2,2,0,2,0,0,0,0,3,2,0,0,0,0,0,0,0,0,0,7,19,0,10,0,0,0,0,2,0,0,0,0,335,9,0,0,156,0,0,0,0,0,0,1321,0,0,311,0,0,12,0,0,0,86,0,0,0,0,0,0,11,0,0,25,102
"134",0,0,0,0,0,0,1,14,0,0,0,0,0,193,22,0,0,0,1,0,0,4,0,34,11,3033,0,0,234,130,96,0,0,1,0,0,6,0,0,0,0,0,0,0,0,144,0,0,0,0,0,0,0,0,0,0,0,0,0,6,0,1,0,0,0,0,160,0,0,81,1,1,0,0,0,0,0,0,0,1,0,0,0,0,0,5,16,0,0,0,1,30,0,0,0,0,0,1,0,0,0,0,6,20,1,0,0,7,0,0,15,0,0,0,0,0,0,0,0,3,0,0,0,1,27,10,0,12,0,0,0,0,0,0,0,1,14,0,0,0,17,0,0,0,7,0,12,0,0,0,0,0,0,0,1,0,0,0,0,3,0,0,0,0,0,0,0,0,0,0,1,0,0,0,0,0,0,0,208,15,0,0,0,0,4,0,0,0,0,0,0,65,6,0,9,0,0,4,0,0,0,0,0,0,0,29,0,0,0,24,0,0,0,0,0,0,76,0,0,3,0,0,0,0,0,0,0,0,0,2,7,1,1,539,0,0,2,0,0,2,0,0,0,0,0,0,0,0,3,19,0,1,0,0,1,198,20,3,0,0,0,0,5,0,0,0,0,0,0,3044,0,4,39,0,0,0,2,0,1,692,1,0,14,0,0,0,0,0,22,3,0,0,0,0,6,0,11,0,0,5,0
"135",0,1,0,0,0,0,1,0,0,0,0,0,0,214,8,0,0,0,0,0,142,143,0,0,0,2669,0,0,3,5,327,0,1,39,0,0,1,3,0,0,0,0,0,0,0,143,0,0,0,0,0,0,0,0,0,0,0,0,0,0,0,0,0,0,0,0,77,0,0,0,0,0,0,0,0,0,0,0,0,75,0,0,0,0,0,1,0,1,0,100,0,1,0,0,0,0,0,0,62,0,0,11,0,0,0,0,0,2,0,22,0,174,0,906,0,0,4,0,0,0,0,0,0,1,164,0,0,0,0,0,88,40,0,0,0,0,155,5,0,0,0,0,0,0,0,0,7,0,0,0,4,46,0,0,3,0,0,0,0,14,0,0,0,0,0,0,0,0,0,0,0,0,0,0,0,0,0,0,414,0,0,0,0,0,0,0,0,0,0,0,0,222,1,0,0,0,3,0,0,21,0,0,0,0,0,0,0,0,0,1,0,0,0,0,0,0,15,0,0,0,0,0,0,0,0,0,0,0,0,0,0,0,0,1063,0,0,0,0,0,2,0,0,0,0,0,0,0,0,0,0,0,0,0,0,0,0,0,0,0,26,0,0,0,2,1,0,0,0,14,1,0,0,26,0,1,0,0,0,0,2252,0,0,126,0,0,0,0,1,0,0,0,0,0,0,180,0,29,0,0,66,0
"136",0,0,0,0,0,0,0,0,0,0,0,0,0,0,1089,0,0,0,0,0,0,0,0,0,0,2776,0,0,76,0,0,0,0,142,0,0,10,0,1,0,0,0,0,0,0,172,0,0,0,0,0,0,0,0,0,0,0,1,0,1,0,0,0,0,0,0,41,0,0,0,0,0,0,0,0,0,0,0,0,10,0,0,0,0,0,3,38,0,0,152,0,20,0,0,0,305,0,1,146,0,0,1,0,0,0,0,0,15,0,0,0,0,0,132,0,0,0,0,133,0,0,0,0,1,387,170,0,0,0,0,0,0,0,0,0,0,50,0,0,0,7,0,0,0,0,0,0,0,0,0,36,0,0,0,0,0,0,0,79,0,0,0,0,0,0,0,0,0,0,0,0,0,0,0,0,0,0,0,298,0,0,0,0,0,0,0,0,0,0,0,0,44,256,0,0,0,0,0,0,0,0,0,0,2,0,5,0,0,2,49,0,0,0,0,0,0,117,0,1,0,192,0,0,0,0,4,0,0,317,0,0,0,0,89,0,0,0,0,0,5,0,0,0,0,1,0,0,0,0,0,0,0,0,0,0,3,0,0,0,41,0,0,0,1,0,0,0,0,0,161,0,0,113,0,10,0,0,0,0,1646,0,0,170,0,0,0,0,0,0,0,0,0,0,0,0,0,14,0,0,151,0
"137",0,0,1,0,0,0,0,0,0,1,0,0,1,63,71,2,33,0,0,1,0,23,0,0,0,1648,0,0,37,17,4,0,22,23,0,0,7,2,0,0,0,0,0,8,0,104,0,2,0,0,0,0,0,1,20,0,0,0,0,3,0,25,0,0,0,4,93,0,0,0,10,1,2,18,0,0,0,0,0,4,0,0,54,0,1,214,0,0,0,55,0,5,182,0,0,0,0,0,32,0,0,0,0,0,18,0,40,252,0,6,0,129,0,29,0,0,0,23,45,0,2,0,0,1,61,0,107,0,0,0,0,37,2,0,0,0,24,0,0,0,350,0,0,0,0,0,22,0,1,0,9,1,0,24,0,0,0,0,0,1,0,0,0,0,0,0,0,0,0,0,2,0,0,0,0,0,0,16,17,0,0,0,0,0,6,0,0,0,0,0,7,19,0,0,0,0,0,2,1,0,0,0,0,123,0,10,0,0,1,0,0,0,0,0,0,2,199,6,147,8,55,0,0,0,0,0,122,0,10,0,130,0,0,1839,0,1,0,0,1,0,0,0,102,0,0,0,0,0,0,0,7,1,39,0,58,198,4,0,2,0,3,0,5,2,0,0,0,41,0,5,2,0,807,0,0,0,3,2,1,660,0,0,66,0,0,456,1,0,70,0,0,0,0,0,209,0,18,0,0,177,0
"138",0,0,0,0,0,1,1,0,0,0,0,0,3,0,74,0,0,0,0,0,53,0,0,106,0,1,0,0,24,10,178,0,0,0,0,0,84,223,0,0,0,0,0,0,0,1058,0,0,0,20,10,0,0,0,0,0,0,0,0,0,0,0,1,0,0,0,0,0,0,0,0,0,0,0,0,254,0,0,0,0,0,0,0,0,189,56,1,0,0,127,0,34,2,0,0,0,0,0,0,0,0,1,0,0,31,0,0,0,0,0,14,0,0,33,0,14,0,3,308,0,0,0,0,1,330,0,0,0,0,0,0,0,0,5,0,1,229,0,0,0,2,0,0,0,0,0,0,0,0,0,7,2,0,0,1,0,0,2,0,79,0,0,0,2,0,0,0,0,0,0,0,0,0,0,0,0,0,861,0,2,0,0,0,0,3,0,0,0,0,0,0,69,1,0,0,11,0,0,1,0,0,0,0,0,0,1,18,0,2,13,0,0,0,0,0,0,0,31,405,0,50,0,0,0,0,0,0,0,84,0,84,1,0,66,0,0,0,0,0,0,0,0,169,0,0,0,0,0,0,0,0,0,0,0,0,3,13,0,0,0,0,0,0,0,66,0,0,0,0,4,2,0,587,0,140,0,0,0,0,3676,0,0,0,0,0,8,0,0,0,40,0,0,0,0,76,0,7,0,0,714,0
"139",0,0,0,0,0,0,0,0,0,0,0,0,0,72,317,2,0,0,0,0,0,0,0,7,0,1962,0,0,7,124,0,0,0,0,0,0,0,0,0,0,0,0,0,0,0,0,0,0,0,0,0,0,0,0,0,0,0,0,0,0,0,0,0,1,0,0,64,0,0,0,0,0,0,25,0,167,0,0,0,0,0,0,0,0,0,1,0,0,0,0,0,30,151,0,0,0,3,0,0,0,0,0,2,0,0,0,0,2187,0,0,0,0,0,222,0,0,0,0,254,5,0,0,0,1,516,0,0,0,0,0,0,0,0,0,0,0,430,0,0,0,0,0,0,0,0,0,0,1,0,0,18,0,0,7,0,0,0,0,0,0,0,0,0,0,0,1,0,0,0,0,0,0,0,0,0,0,0,0,0,0,0,0,0,0,0,0,0,0,0,0,0,280,0,0,0,0,0,0,0,0,0,0,0,9,0,0,23,0,0,0,0,0,0,0,0,0,0,0,445,0,0,1,0,0,0,0,0,0,294,0,0,0,0,69,0,0,0,0,0,58,0,0,0,0,0,0,0,0,0,0,0,0,0,2,0,0,0,0,0,0,0,0,0,11,0,0,0,0,7,108,0,0,1,0,0,0,0,0,0,2080,0,0,0,0,0,33,0,2,0,0,0,0,0,0,0,0,0,0,0,0,0
"140",0,0,1,0,0,0,12,100,0,0,4,1,0,0,0,0,0,0,0,0,0,26,0,0,2,1628,0,0,12,0,0,0,0,50,0,0,20,452,2,0,1,0,1,0,0,1,0,0,0,0,0,0,0,0,45,14,0,1,0,149,0,0,5,0,0,0,0,0,0,0,103,0,0,0,0,0,0,0,0,29,2,0,17,1,0,0,0,0,0,135,0,4,0,0,7,18,0,0,5,0,6,0,0,9,0,0,0,245,0,0,0,0,0,95,0,2,0,0,367,0,0,0,0,1,112,560,0,8,14,0,54,1,0,0,0,0,190,0,0,2,4,1,0,0,7,0,16,16,0,0,24,4,0,0,8,0,0,0,8,0,0,0,0,0,0,0,0,0,0,0,22,18,1,0,0,0,0,0,0,0,44,0,0,0,7,0,0,0,0,0,0,259,2,0,0,0,0,1,0,0,0,0,0,1,0,99,10,0,0,1,0,0,0,9,72,0,18,90,1,0,0,19,0,0,0,0,5,0,17,0,41,0,4,207,0,0,0,0,0,0,0,0,0,42,0,0,0,0,0,0,189,0,5,1,0,329,0,0,19,0,0,0,0,18,0,4,0,0,0,5,52,48,56,0,0,0,51,0,4,2156,1,0,577,0,0,0,0,1,0,80,0,0,0,0,0,1,18,0,0,164,0
"141",0,0,0,0,0,0,2,0,0,0,4,1,0,395,29,2,0,0,0,0,0,14,0,0,2,113,0,0,3,0,20,0,0,40,0,33,6,104,0,0,0,0,335,45,0,170,0,1,0,0,0,0,2,0,17,0,0,0,0,74,0,0,0,1,1,2,167,0,0,0,33,0,0,375,0,0,0,0,0,79,17,1,7,0,189,47,0,0,0,47,1088,5,15,0,0,0,0,0,30,0,0,0,0,0,1,3,208,616,0,37,0,30,0,205,0,0,0,3,34,0,0,0,0,38,28,36,0,0,1,127,1,225,87,0,0,0,1,5,0,0,67,0,0,0,0,0,6,0,0,0,15,30,0,1,1,0,0,0,0,26,0,0,4,715,0,0,0,0,0,0,0,0,0,0,0,0,0,171,49,1,9,0,0,0,1,0,0,0,24,0,0,116,0,0,1,0,0,0,0,0,0,0,0,1,0,163,0,0,0,1,0,0,14,2,10,0,283,22,14,9,0,24,0,1,0,28,2,0,55,0,135,0,0,89,0,0,1,0,0,67,0,0,1,14,0,0,0,0,0,0,303,3,23,0,16,1,0,0,10,6,1,0,0,0,0,0,0,36,4,1781,0,15,29,1,0,0,0,6,7,8,0,0,85,0,0,0,1,0,177,10,44,17,0,0,4,5,1,0,0,21,13
"142",0,0,0,0,0,0,0,0,0,0,0,0,0,169,6,0,0,0,0,0,0,75,0,1,0,2514,0,0,6,0,0,0,0,283,0,0,0,36,0,0,0,0,0,29,0,92,0,0,0,0,0,0,0,0,0,0,0,0,0,0,0,0,0,0,0,0,29,0,9,0,0,0,11,0,0,0,0,0,0,0,0,0,0,0,507,0,0,0,0,11,0,4,0,0,0,0,8,0,48,0,0,30,0,0,39,0,5,0,0,25,0,0,0,51,0,0,0,1,357,0,0,0,1,0,177,0,0,0,0,0,0,258,0,0,0,0,0,4,0,0,4,0,0,0,0,0,0,0,0,0,0,0,0,0,0,0,0,0,0,87,0,0,0,0,0,0,0,0,0,0,0,0,0,0,9,33,0,0,76,0,0,0,0,0,0,0,0,0,0,8,0,15,0,0,0,0,27,0,0,0,0,0,0,0,0,0,0,0,0,1,0,0,0,0,0,0,0,0,0,0,0,36,0,0,0,0,0,0,0,0,0,0,0,309,0,0,0,0,0,0,0,0,169,0,0,0,0,0,0,0,0,0,0,0,83,0,0,0,0,0,0,0,0,0,0,0,0,0,0,0,0,0,678,0,0,0,0,0,0,2826,0,0,280,0,0,0,0,0,0,0,0,0,0,1,0,0,2,0,0,714,0
"143",0,0,0,0,0,0,1,14,0,0,0,0,0,0,41,17,0,0,0,1,0,112,0,2,0,1679,0,0,1,0,219,0,0,0,0,0,10,69,0,0,1,0,0,0,0,232,0,2,0,0,0,0,1,0,45,0,1,0,0,251,0,8,4,0,0,0,76,6,0,0,23,0,0,3,0,111,0,0,0,142,0,0,32,0,0,0,500,1,0,35,1,1,5,0,0,1,0,0,0,0,0,0,0,0,0,0,0,1259,0,0,0,0,0,0,6,27,0,0,130,0,0,0,0,0,201,0,0,0,2,2,0,10,153,0,0,0,61,0,0,0,16,0,0,0,0,0,21,0,2,1,9,30,0,0,0,0,0,0,76,11,0,0,0,0,1,0,0,0,0,66,16,0,0,0,0,0,0,31,78,0,53,0,1,0,1,0,0,0,2,0,2,0,1,0,25,0,0,0,0,0,0,0,3,37,1031,90,0,0,0,1,0,0,0,5,8,0,200,15,29,1,33,0,0,0,0,0,0,0,17,0,46,0,0,159,0,0,2,0,0,0,0,0,0,1,0,0,0,2,0,0,0,1,9,0,6,0,43,0,43,14,3,0,0,0,0,0,0,87,0,2,0,20,0,2,0,0,0,0,6,1585,0,0,150,0,0,0,0,1,21,44,0,0,0,0,26,1,0,2,0,318,0
"144",0,0,0,1,0,0,7,0,1,0,6,0,0,1,0,0,0,0,0,0,3,1,0,0,0,256,0,0,0,23,254,0,0,139,0,0,9,30,0,0,0,0,0,27,0,0,0,5,0,0,0,0,0,0,0,2,0,0,0,34,0,2,23,0,492,122,53,0,0,191,24,0,0,4,2,0,0,0,0,75,0,8,0,0,1,0,0,0,0,38,20,22,0,0,0,0,0,0,53,0,0,0,0,0,0,13,2,2364,0,32,0,0,2,244,0,0,0,0,206,0,0,0,0,0,0,0,5,0,0,2,7,31,0,0,0,0,0,0,0,0,123,0,0,0,0,0,2,1,0,0,3,0,88,2,0,0,0,0,15,18,0,0,0,1629,0,0,0,0,0,0,2,0,0,0,0,0,0,29,10,0,194,0,0,0,1,0,0,0,129,0,0,86,0,0,0,0,0,0,0,0,0,0,0,5,1,0,0,0,0,0,0,2,5,0,20,0,20,1,0,15,227,0,0,228,0,227,0,0,0,0,27,0,0,694,0,0,4,0,0,0,0,0,40,0,0,21,0,0,0,2,0,4,16,0,14,0,14,0,0,4,0,0,0,12,4,0,25,0,3,166,0,0,709,0,5,0,0,0,1,6,0,0,272,0,0,0,0,0,4,4,0,0,0,0,17,13,0,0,0,0,0
"145",0,0,0,0,2,1,1,8,0,1,0,1,0,0,0,2,9,1,1,0,26,98,0,0,0,336,0,0,0,0,43,0,0,29,0,0,0,0,0,0,0,0,0,0,0,9,72,2,0,0,0,0,1,1,2,0,0,0,0,15,0,2,0,1,0,0,1339,0,0,0,1,1,0,0,0,0,1,0,0,113,0,0,173,0,2,2,28,0,0,15,0,1,74,0,0,0,0,0,0,0,0,0,1,0,26,1,163,220,0,0,0,22,0,41,1,1,0,0,1,0,0,0,0,1,51,0,0,0,14,107,16,42,2,1,0,0,0,0,60,0,34,0,0,0,0,0,7,1,1,0,18,0,0,20,1,0,0,0,0,32,0,0,0,346,0,0,0,0,0,2,19,0,0,0,0,0,0,13,43,1,0,0,8,0,2,0,0,0,0,0,8,0,1,13,0,1,1,0,0,3,0,0,61,37,0,40,0,0,0,1,0,0,0,0,0,1,41,6,0,0,0,6,0,195,1,0,1,0,28,0,46,0,1,2255,0,0,1,0,1,0,1,0,0,0,0,0,0,0,0,0,0,2,1,1,4,5,0,0,6,0,4,0,2,2,1,1,0,0,0,6,3,47,228,0,3,1,0,0,1,1974,0,0,1,0,0,0,0,1,32,0,0,0,0,0,42,0,2,0,0,28,0
"146",0,0,0,0,0,0,4,0,0,0,0,0,0,0,2,0,0,0,0,0,0,16,0,19,0,2522,0,0,115,16,0,0,0,42,0,0,0,0,0,0,0,0,0,0,0,18,0,0,0,0,0,0,0,0,19,0,0,0,0,0,0,0,0,0,0,0,50,0,0,223,4,0,0,0,0,0,0,0,0,15,0,0,0,0,0,1,16,0,0,0,0,4,23,0,0,0,1,0,0,0,0,4,0,0,0,0,0,3435,0,0,0,0,0,0,0,0,0,0,17,0,0,0,96,0,59,0,0,0,0,0,0,0,0,0,0,0,0,0,0,0,9,0,0,0,0,480,0,0,0,0,0,0,0,0,0,0,0,0,0,0,0,0,0,0,0,0,0,0,0,138,2,34,49,0,0,0,0,0,0,0,0,0,0,0,0,0,0,0,0,0,0,65,2,0,0,5,0,0,0,0,0,0,0,0,0,5,0,0,1,48,0,0,0,0,0,0,0,0,0,0,0,2,0,0,0,0,0,0,0,0,0,0,0,180,0,0,2,0,0,1,0,0,0,0,1,0,0,0,0,0,0,0,0,0,0,2,2,0,0,0,0,0,0,4,1,0,0,0,71,6,0,0,77,0,0,0,0,1,5,2047,0,0,3,0,0,0,0,0,0,9,0,0,0,0,0,0,16,0,0,14,0
"147",0,0,0,0,0,0,5,36,0,0,0,0,0,0,369,0,0,0,0,0,0,0,0,0,0,1711,0,0,48,79,0,0,0,0,0,0,0,5,0,0,0,0,0,0,0,0,0,0,0,0,0,0,0,0,3,1,0,0,0,1,0,0,0,0,0,0,32,0,0,0,0,0,0,0,0,0,0,0,155,0,0,0,0,0,4,4,9,0,0,0,0,12,0,0,0,7,11,0,0,0,0,0,0,0,0,0,0,1125,0,0,0,0,0,242,0,0,0,0,107,0,0,6,0,1,0,0,0,0,0,0,0,15,0,0,0,0,269,3,0,0,4,0,0,0,0,0,0,0,0,0,0,0,0,0,1,0,0,1,0,142,0,0,0,2,0,0,0,0,0,0,3,0,0,0,0,0,0,0,44,0,0,0,0,0,7,0,0,0,0,0,0,41,16,0,0,23,0,0,0,0,0,0,0,0,0,5,0,0,0,16,1,0,1,0,1,0,21,5,0,0,0,5,0,0,2,0,0,0,72,0,0,0,0,2118,0,0,0,0,0,29,0,0,0,0,0,0,0,0,0,0,0,0,0,0,0,6,1,0,5,0,2,0,0,2,0,0,0,0,0,19,0,0,316,0,2,0,0,0,10,2742,0,0,0,0,0,0,0,0,0,0,0,0,0,0,0,0,0,0,0,73,0
"148",0,1,0,1,0,0,12,0,0,0,0,0,0,1,89,0,0,1,0,0,12,20,0,4,0,1752,0,0,41,0,434,0,0,138,2,0,44,0,0,0,0,0,0,60,1,82,0,0,0,0,0,14,0,0,0,0,0,2,0,11,0,33,0,1,2,0,24,0,0,141,0,0,0,12,0,0,0,0,28,51,0,0,0,0,36,0,24,0,0,59,271,11,2,0,1,8,0,0,0,0,0,2,0,0,0,0,0,192,0,0,0,0,1,67,0,0,0,0,0,0,0,0,0,1,360,13,0,0,6,0,27,584,0,2,0,1,36,0,0,0,0,0,0,0,0,383,42,0,0,2,14,20,1,0,0,0,0,0,0,141,1,4,0,0,0,0,0,0,0,0,4,0,31,0,0,3,0,75,45,0,0,3,0,3,0,0,6,0,0,4,0,65,1,0,0,0,0,0,1,245,0,0,0,1300,0,10,0,0,0,41,0,0,18,0,3,0,0,52,0,0,0,45,7,0,0,0,0,0,101,0,199,0,0,778,0,0,0,0,1,2,0,0,0,0,91,16,0,1,2,0,0,0,20,0,0,1,0,0,0,0,0,0,0,0,15,0,0,2,0,5,0,10,0,0,0,0,0,0,7,836,0,0,467,2,0,0,0,0,86,6,0,0,0,0,0,0,3,0,31,30,0
"149",0,0,0,0,0,0,0,0,0,0,0,0,4,0,139,7,52,0,0,0,0,23,0,0,0,3057,0,0,77,21,0,0,4,0,0,0,8,0,0,0,0,0,0,0,0,18,0,0,0,0,0,0,0,0,0,0,0,0,0,0,0,0,9,0,0,0,64,0,0,22,33,0,0,8,0,0,0,0,0,28,0,0,0,0,1,6,24,1,0,22,0,20,0,0,0,0,26,0,3,0,0,20,55,0,0,0,0,2855,0,0,0,52,0,19,0,0,0,0,36,0,0,0,8,1,0,0,0,0,0,0,35,298,0,0,0,0,0,9,0,2,50,0,0,0,0,0,18,0,0,0,7,0,0,0,0,0,0,0,0,0,0,0,0,0,0,0,0,0,0,0,0,0,40,0,0,0,0,9,0,0,0,0,3,0,3,0,0,0,0,0,0,0,1,0,0,2,0,0,0,0,0,0,0,0,0,301,0,0,4,0,0,0,2,0,3,0,200,22,0,0,22,42,0,0,0,0,0,0,104,0,120,0,0,725,0,0,0,0,0,18,0,0,0,0,4,0,0,0,0,0,0,2,0,0,35,59,6,0,0,0,0,0,0,8,0,2,0,0,0,20,26,0,59,0,0,0,0,0,0,1218,0,0,66,0,0,0,0,0,0,0,0,0,0,0,0,0,4,0,0,33,0
"150",0,0,0,0,0,0,2,0,0,0,2,0,0,0,2,0,0,0,0,0,68,0,0,0,0,4,0,0,208,0,0,0,0,46,0,0,23,0,0,0,0,0,0,27,0,151,0,0,0,0,0,0,0,0,0,0,0,1,0,0,0,0,0,0,0,0,0,0,0,0,0,0,0,12,0,0,0,0,0,0,0,0,0,0,16,0,0,0,0,32,224,7,1,0,0,0,0,0,38,0,0,0,0,0,8,0,163,0,0,0,0,0,0,6,0,0,0,1,40,1,0,0,0,2,4,0,0,0,0,0,0,0,0,5,0,0,4,0,0,0,2,0,0,0,0,0,0,1,0,0,7,0,1,0,0,0,0,0,0,59,0,0,0,1621,0,0,0,0,0,0,0,0,2131,0,0,0,0,0,0,7,0,0,0,0,0,0,0,0,0,0,0,79,1,0,0,0,0,0,1,0,0,0,0,0,22,28,0,0,1,16,1,0,0,0,5,0,0,0,52,0,0,0,0,0,0,0,0,0,7,0,148,0,0,394,0,0,0,0,0,0,0,0,187,0,1,0,0,0,0,0,126,0,0,0,6,35,0,0,0,0,0,0,0,0,0,0,0,0,0,0,0,0,87,0,0,0,0,0,0,994,0,0,196,0,0,0,0,0,0,0,0,0,0,0,6,0,10,0,0,66,0
"151",0,0,0,0,0,0,1,9,0,0,0,0,0,200,3,0,0,0,0,1,53,10,0,3,0,3191,0,0,37,0,89,0,0,20,0,0,20,78,0,0,0,0,0,47,0,32,0,0,0,0,0,0,0,0,22,0,0,0,0,33,0,0,0,0,0,0,111,0,0,0,13,0,0,18,0,0,0,0,0,6,0,0,0,0,685,0,1,0,0,19,0,53,88,0,0,4,0,0,2,0,0,0,0,0,19,0,108,220,0,0,0,87,0,30,0,0,0,0,35,1,0,0,0,11,86,0,0,0,0,0,7,5,1,0,0,0,1,0,0,0,4,0,0,0,0,0,3,1,0,0,0,0,0,0,0,0,0,0,0,53,0,0,0,2,0,1,0,0,0,0,0,0,0,0,0,0,0,467,0,0,0,0,0,0,0,0,0,0,0,0,0,11,1,0,0,0,0,0,0,0,0,0,0,0,0,1,0,0,1,0,0,0,0,9,7,0,48,14,0,0,0,0,0,0,0,0,0,0,69,0,114,0,0,102,0,0,0,0,0,0,0,0,0,0,0,0,0,0,0,0,152,0,0,0,8,1,0,0,13,1,17,0,0,1,0,0,0,0,0,3,0,41,60,0,0,0,0,0,3,2733,0,0,121,0,0,0,0,1,0,29,0,0,0,0,47,0,1,1,0,407,0
"152",0,0,0,0,0,0,0,0,0,0,0,0,0,0,2,0,6,0,0,0,0,28,0,19,0,4058,0,0,11,0,11,0,0,288,0,0,10,323,0,0,0,0,0,0,0,0,0,0,0,0,0,0,0,0,0,0,1,0,0,0,0,0,12,0,0,0,72,0,0,0,0,0,0,0,0,0,0,0,0,0,0,0,33,0,0,0,0,0,1,44,0,40,2,0,0,27,0,0,33,0,0,0,0,0,0,0,0,441,0,22,0,0,0,99,0,0,0,0,60,0,0,0,0,1,950,0,0,0,0,0,0,1,0,1,0,0,9,0,0,0,4,0,0,0,0,0,0,0,0,24,0,0,0,2,0,0,8,0,0,37,0,0,0,12,0,0,0,0,0,0,0,0,0,0,0,0,0,2,240,0,0,0,0,0,0,0,0,0,0,0,0,341,1,0,0,0,0,0,0,0,0,0,0,0,1,117,0,0,1,1,0,0,0,0,0,0,0,0,131,0,8,0,0,0,0,0,0,0,0,0,155,0,0,467,0,0,0,0,0,0,0,0,0,0,0,24,0,0,0,0,0,0,0,0,0,0,0,0,0,9,0,0,0,4,0,0,0,0,0,5,0,0,21,0,1,0,0,0,0,1352,0,0,237,0,0,0,0,1,29,0,0,0,0,0,6,0,27,0,0,253,0
"153",0,0,0,0,0,0,0,0,0,0,0,0,0,1,0,4,1,0,0,0,0,12,0,9,0,0,0,0,0,0,441,0,0,120,0,0,8,0,0,0,0,0,62,0,0,191,0,0,8,0,0,0,0,0,0,0,0,2,0,20,0,0,1,0,0,0,51,0,42,22,0,0,0,0,0,0,0,0,0,10,0,0,293,0,0,214,9,0,0,27,0,40,0,0,0,216,0,0,83,0,0,107,0,0,0,0,0,424,0,13,0,0,6,0,0,27,0,0,35,0,0,0,0,1,222,0,0,15,0,0,0,3,0,0,0,0,0,0,0,0,34,0,0,0,0,0,14,0,0,29,0,0,0,1,1,0,0,0,0,407,0,0,0,0,0,0,0,0,0,0,0,0,0,3,1,0,0,0,95,0,0,0,0,0,2,0,0,0,0,0,0,166,0,18,0,31,7,0,0,0,0,8,1,0,0,40,0,0,0,8,0,0,0,0,3,0,401,0,0,0,0,0,0,0,0,0,0,0,15,0,17,0,0,2133,0,0,0,8,0,0,0,0,0,0,81,1,34,0,0,0,0,0,0,0,28,64,0,0,0,0,0,0,0,4,0,0,0,0,0,15,0,0,513,0,1,0,0,0,0,1557,0,0,0,0,0,0,0,5,0,0,99,0,0,0,0,0,4,0,0,0,0
"154",0,4,0,0,0,0,1,0,0,0,0,0,0,0,15,0,0,0,0,0,0,56,0,0,0,2776,0,0,9,0,2,0,0,110,0,0,197,238,0,0,0,0,0,0,0,61,0,0,0,0,0,0,0,0,0,0,0,0,0,11,0,0,0,0,0,0,23,0,0,4,0,0,0,0,0,0,0,0,0,101,0,0,0,0,0,0,0,0,0,0,0,0,1,0,0,1,0,0,84,0,0,31,0,0,0,0,0,2,0,4,0,0,0,0,0,0,0,0,11,0,0,0,0,0,0,0,4,0,0,0,0,294,0,0,0,1,0,0,0,0,2,0,0,0,0,0,20,0,0,0,5,108,0,0,0,0,0,0,0,191,0,0,0,2,0,0,0,0,0,0,3,0,0,0,0,0,0,0,0,0,0,0,0,2,0,0,0,0,0,0,0,39,2,0,0,1,0,0,1,424,0,0,0,0,1,1,0,0,1,0,0,0,0,0,0,0,2,0,0,0,1,0,0,0,0,0,0,0,0,0,0,0,0,207,0,0,0,0,0,0,0,0,0,0,1,0,0,0,0,0,0,0,0,0,0,0,18,0,0,32,0,0,0,0,17,0,0,0,0,16,0,0,285,16,0,0,0,0,0,3383,0,0,1037,0,0,0,0,0,20,0,0,0,0,0,18,0,1,0,0,106,0
"155",0,0,0,0,0,0,1,15,0,0,0,0,0,3,10,0,0,0,0,0,81,28,1,0,0,709,0,0,8,0,601,0,0,178,0,226,8,511,0,0,0,0,0,195,0,184,0,0,0,0,0,0,0,0,0,0,0,0,0,0,0,3,0,0,0,0,0,0,0,122,9,0,0,0,0,0,0,0,0,0,0,0,0,0,105,0,0,0,0,42,0,6,0,0,0,0,0,0,85,0,0,71,0,0,0,0,0,263,0,0,0,0,0,54,0,0,0,0,24,0,0,0,0,0,303,0,0,0,0,0,109,50,0,0,0,0,129,0,0,0,0,0,0,0,0,0,0,0,0,0,6,10,0,0,0,0,0,0,0,136,0,0,0,0,0,0,0,0,0,0,0,0,0,0,0,0,0,29,353,0,0,0,0,0,0,0,0,0,0,0,0,140,0,0,0,0,0,0,0,0,0,0,0,0,1763,0,0,0,0,2,0,0,0,0,0,0,104,26,0,24,0,64,0,0,0,0,0,0,71,0,0,0,0,674,0,0,0,0,0,0,0,0,0,0,0,0,0,0,0,0,1,0,0,0,0,0,0,1,15,0,0,0,0,5,0,0,0,0,0,16,0,0,45,0,0,0,0,0,17,1944,0,0,299,0,0,0,0,0,0,61,0,0,0,0,0,0,0,0,0,58,0
"156",0,0,0,0,0,0,7,17,0,0,2,0,2,283,36,0,1,1,0,0,62,9,0,19,0,2495,1,22,93,0,1,0,0,41,0,24,56,1,1,0,1,0,1,8,0,60,0,1,0,0,1,0,1,0,1,0,0,0,0,2,0,5,8,1,2,5,11,0,0,0,3,0,0,15,0,0,0,4,0,1,0,1,0,0,23,0,281,0,0,30,380,4,76,0,12,0,0,0,9,0,0,0,0,0,1,0,46,840,5,0,0,13,0,26,1,1,0,0,30,0,0,0,0,1,43,0,0,0,1,0,9,316,1,1,0,0,69,0,1,0,6,0,0,0,0,0,1,0,0,14,4,3,0,0,1,0,0,2,11,8,0,0,0,1,0,0,0,0,0,1,0,0,0,0,0,0,0,6,8,1,44,0,0,0,1,0,1,0,0,0,0,9,2,0,0,0,4,0,0,0,0,0,122,1,0,2,0,0,1,10,0,0,18,4,1,0,67,1,37,6,0,1,0,0,7,0,1,0,45,1,19,0,0,261,0,0,0,0,0,0,0,0,0,1,0,0,0,0,0,0,44,2,3,0,5,4,14,0,4,0,1,9,0,0,0,0,0,41,0,1,8,9,190,0,0,0,0,0,1,3306,1,0,4,0,0,0,0,1,9,2,0,0,0,0,59,0,14,0,0,18,0
"157",2,0,0,0,0,1,3,0,0,0,0,0,0,0,14,0,0,2,0,0,106,24,0,3,0,1070,0,0,36,1,605,0,0,92,0,18,8,359,0,0,0,0,0,34,0,248,560,0,1,0,2,1,0,0,44,0,0,0,0,0,0,0,0,0,0,0,54,1,0,0,6,0,0,34,0,0,0,0,0,432,0,0,0,1,88,0,0,3,0,0,0,40,132,0,0,97,0,0,20,0,0,0,0,0,2,0,306,0,0,28,0,0,0,32,3,0,0,0,114,1,0,0,0,1,15,144,0,0,0,0,31,109,0,0,0,29,4,0,0,0,6,0,0,0,5,0,0,0,0,0,16,105,0,0,1,0,0,0,1,46,0,0,0,1287,0,0,0,0,0,0,7,0,0,2,0,0,0,34,282,0,0,0,0,0,0,0,0,0,0,0,0,30,4,0,178,0,0,0,0,0,0,0,0,0,0,75,0,0,0,5,0,0,4,22,0,0,401,0,0,12,62,0,0,0,0,0,0,0,16,0,111,0,0,701,0,0,10,0,0,0,0,0,0,0,0,0,0,0,0,0,178,0,29,0,14,84,0,0,0,7,11,0,0,0,0,0,0,0,0,1,0,79,0,0,4,0,0,0,14,6,0,0,263,0,0,0,0,32,0,0,56,0,0,0,9,0,1,0,0,129,0
"158",0,0,0,0,2,0,7,14,0,0,0,1,0,34,0,0,0,0,0,0,96,9,0,23,0,488,2,0,34,0,0,0,0,11,0,0,0,6,0,0,0,0,0,45,0,1,0,0,1,0,0,0,0,0,5,0,0,0,0,455,0,23,0,1,0,25,70,0,0,0,3,0,0,28,0,0,0,0,0,22,0,0,138,0,0,1,0,0,0,26,0,13,672,0,0,0,0,0,0,0,0,0,0,0,0,0,2,1444,0,0,0,0,0,20,0,0,0,0,5,0,0,0,1,1,19,170,0,0,2,0,0,278,0,2,0,0,0,0,0,0,2,0,0,0,0,0,9,0,0,7,8,0,0,0,5,0,0,0,0,32,0,0,0,0,0,1,0,0,0,2,1,0,1,0,0,0,0,4,1,1,0,0,0,0,0,0,7,0,0,0,0,64,1,0,0,0,0,0,0,0,0,0,0,0,0,0,0,0,1,5,0,0,0,0,0,0,31,25,432,0,0,0,0,0,0,0,2,0,0,0,87,0,0,65,0,0,0,0,0,0,0,7,0,21,0,0,0,20,0,0,33,0,14,0,1,0,1,0,2,0,1,0,0,1,0,0,0,0,0,2,2,0,51,0,0,0,13,0,0,2918,0,0,75,0,0,0,0,5,86,10,0,0,0,0,65,0,10,0,25,22,12
"159",0,0,0,0,0,0,0,0,0,1,0,0,0,0,0,0,0,1,0,0,6,1,0,0,0,260,0,0,76,2,488,0,0,75,5,0,2,34,0,0,0,0,0,0,0,18,0,0,0,0,0,0,0,0,0,7,0,0,0,0,2,0,0,1,0,0,148,0,0,0,0,0,0,0,0,0,0,0,0,36,0,0,725,0,0,1,0,0,0,0,0,58,0,0,0,139,0,0,0,0,0,6,0,0,0,0,176,2535,0,0,0,0,0,2,0,0,0,0,84,0,0,0,0,0,0,144,0,0,4,0,0,0,0,17,0,0,17,0,4,0,0,0,4,0,0,0,0,1,0,16,14,0,0,0,1,0,7,0,0,0,0,0,0,0,0,0,0,0,0,6,19,0,1,0,0,0,0,18,0,7,0,0,0,0,0,0,0,0,0,0,0,0,1,0,0,0,0,0,0,0,0,0,0,586,0,16,0,0,0,11,0,0,0,0,2,0,34,22,1,0,0,0,0,0,0,0,0,0,0,0,20,0,0,188,0,0,2,0,0,0,0,0,0,0,0,0,0,0,0,0,0,3,13,0,33,0,0,0,19,2,0,0,0,1,0,0,0,0,0,2,0,40,0,0,0,0,0,0,14,2604,0,0,750,0,0,0,0,0,0,0,0,0,0,0,0,0,3,0,0,0,0
"160",0,0,1,0,11,0,18,0,0,0,0,0,0,74,7,0,0,1,0,1,10,15,0,1,0,1201,0,0,69,0,4,0,0,34,0,0,3,2,0,0,0,0,0,0,0,4,0,0,0,0,0,0,0,0,0,0,0,0,1,0,0,0,0,0,0,0,4,0,0,0,0,0,0,0,0,0,0,0,0,0,0,0,241,0,0,0,194,0,0,60,0,3,17,0,59,0,0,0,83,0,0,54,0,0,0,0,1,188,0,0,0,0,0,0,0,1,0,0,92,0,0,0,0,2,69,0,0,0,4,0,277,50,0,1,0,0,8,0,0,0,482,4,0,0,0,0,0,0,0,0,24,20,0,0,0,0,0,0,0,0,0,0,0,0,0,0,0,0,0,0,0,0,3104,0,0,0,0,0,0,3,0,0,0,0,0,0,0,0,183,0,0,61,6,0,333,0,0,0,0,0,70,0,0,0,162,242,0,0,0,41,0,0,0,2,0,0,74,0,459,0,0,0,0,0,0,0,0,0,0,0,110,0,0,6,0,0,0,0,0,0,0,0,0,0,0,0,0,2,0,0,0,1,21,1,0,133,0,0,1,0,2,0,0,0,0,0,0,47,0,0,0,6,1276,0,5,0,0,0,0,4,1,0,174,0,0,0,0,4,0,57,0,0,0,0,0,0,1,0,0,51,0
"161",0,1,0,0,0,1,0,108,0,0,16,0,0,0,1,0,1,0,1,0,73,0,0,7,0,1606,0,0,0,1,134,0,0,0,0,0,0,174,0,0,0,0,0,0,0,0,0,1,0,0,2,0,0,0,38,2,0,0,0,16,1,0,0,1,0,0,0,0,0,0,29,0,0,124,0,0,1,0,0,14,0,1,6,0,0,1,291,0,0,65,0,4,0,0,0,0,0,0,0,0,0,0,0,21,0,0,0,352,0,0,0,111,0,54,2,0,0,0,17,0,0,0,0,0,36,77,0,0,4,0,60,42,6,0,0,0,0,0,0,0,1,0,0,1,307,0,2,3,2,0,10,5,0,2,0,0,0,0,0,0,0,0,0,0,0,0,2,0,0,2,1,0,0,0,0,0,4,1,51,1,0,0,4,0,6,0,0,89,0,0,1,96,2,0,0,0,0,0,0,0,0,0,1411,39,0,7,0,0,0,0,0,117,0,22,7,0,0,6,2,0,73,2,0,0,0,0,71,0,128,0,288,0,0,2,0,0,1,0,0,0,0,0,0,0,1,8,0,0,0,0,0,0,5,0,5,1,2,0,19,0,1,0,0,3,0,0,0,0,3,302,0,142,0,0,0,0,0,9,4,218,1,0,63,0,0,0,0,0,25,15,0,0,0,0,0,0,7,0,0,0,0
"162",0,0,0,0,0,1,2,0,88,0,0,0,1,0,30,0,0,0,1,0,0,0,0,0,0,6028,0,0,88,6,0,0,0,29,0,0,0,0,0,0,0,0,0,0,0,0,0,0,0,0,0,0,0,0,0,0,0,0,0,0,0,0,1,0,0,0,0,0,0,0,0,0,0,0,0,0,0,0,0,25,0,0,0,0,0,2,48,0,0,96,0,1,40,0,0,0,0,0,42,0,0,0,0,0,0,0,0,0,0,0,0,0,0,124,0,2,0,0,0,0,0,0,47,4,43,0,0,0,0,0,0,10,0,0,0,0,0,0,79,0,7,0,0,0,0,0,3,0,0,24,0,0,0,0,0,0,18,1,0,0,0,0,0,0,0,0,0,0,0,0,0,0,15,0,0,0,0,0,0,0,0,0,0,0,1,0,0,0,0,0,0,19,5,0,0,0,0,0,0,0,0,0,0,0,0,7,0,0,0,52,0,0,0,0,0,0,0,0,125,0,0,0,0,0,0,0,0,1,0,0,0,0,0,1839,0,0,1,0,0,0,0,0,0,0,3,0,0,0,0,0,0,0,0,0,0,2,1,0,1,0,1,0,0,0,0,1,0,0,0,585,0,0,285,0,0,0,0,0,0,132,0,0,0,0,0,1,0,4,0,9,0,0,0,0,0,0,311,0,0,16,0
"163",49,0,0,0,0,0,22,0,1011,0,0,0,0,0,30,0,0,0,0,0,0,0,0,1,0,4915,0,0,10,0,18,0,0,70,0,0,0,0,0,0,2,0,0,40,0,0,0,0,0,0,0,0,0,0,0,0,0,0,0,112,0,0,0,0,446,0,43,0,0,0,0,0,0,4,0,0,0,0,0,37,5,0,0,0,0,0,391,0,0,0,0,3,1,0,0,3,0,0,0,0,0,0,0,0,0,0,0,0,0,0,0,0,0,64,0,0,0,0,60,49,0,0,0,21,0,0,0,0,0,0,0,42,0,0,0,0,2,0,0,0,110,0,0,0,0,0,0,0,0,0,7,0,0,0,0,13,0,0,0,0,0,0,0,0,3,0,0,0,0,0,0,0,0,0,1,0,0,0,0,0,0,0,0,0,0,0,0,0,0,0,0,2,1,0,0,0,0,0,0,0,0,0,0,94,0,0,0,0,0,1,0,0,0,0,3,0,82,10,2,6,0,0,0,0,0,0,0,0,0,0,0,0,0,116,0,0,0,0,0,2,0,0,0,0,0,0,0,0,0,0,0,0,0,0,1,0,12,0,0,0,0,0,0,0,0,0,0,0,0,116,0,0,0,0,0,0,0,0,2,708,0,0,0,0,0,0,0,0,0,21,0,0,0,0,6,0,19,0,0,0,0
"164",0,0,0,0,0,4,4,0,0,0,0,0,3,363,58,0,9,0,0,0,0,50,0,0,0,0,2,0,178,0,0,0,0,0,0,689,0,481,0,0,0,0,0,0,0,0,0,0,0,0,0,0,9,0,0,0,0,0,0,0,0,0,0,0,0,0,20,18,0,0,0,0,0,0,0,1238,0,0,0,0,36,21,0,0,0,0,6,0,0,473,0,0,297,0,0,0,0,0,100,0,0,0,0,0,0,0,0,0,0,0,0,89,0,219,6,25,0,0,0,0,0,0,134,0,0,851,0,0,0,0,286,274,0,0,0,0,23,0,0,0,42,0,0,0,0,0,24,0,0,0,15,0,0,0,2,0,0,0,0,0,0,0,0,0,0,0,0,0,0,0,0,0,1,0,0,0,0,0,0,3,0,0,0,0,0,2,0,0,0,1,0,0,0,0,0,0,0,0,0,0,0,0,0,0,0,48,0,6,0,22,0,0,0,0,0,0,0,0,2004,0,0,6,0,0,0,0,0,14,202,0,0,0,0,0,0,0,0,0,0,0,0,0,0,0,0,0,0,0,12,0,0,0,0,0,0,0,21,0,0,0,13,0,0,24,0,0,0,0,0,31,0,270,393,0,0,0,0,0,0,0,0,0,515,0,2,2,14,1,0,0,0,0,0,0,227,0,0,0,0,0,116
"165",0,0,0,0,0,0,0,0,0,0,0,0,0,0,0,0,0,0,0,0,129,32,0,0,0,1889,0,0,0,0,0,0,0,13,0,0,0,0,0,0,0,0,0,83,0,0,0,0,0,0,0,0,0,0,0,0,0,0,0,0,0,0,0,0,0,0,0,0,0,0,0,0,1,205,0,0,0,0,0,91,0,0,0,0,56,0,0,0,0,27,0,3,0,0,0,0,0,0,55,0,0,0,0,0,0,0,149,546,0,47,0,0,0,199,0,0,0,0,69,0,0,0,0,0,439,0,0,0,0,0,88,133,0,0,0,0,0,2,0,0,0,0,0,0,0,0,0,10,0,0,0,0,0,0,0,2,0,0,0,0,0,0,0,2442,0,0,0,0,0,0,0,0,1,0,0,0,0,0,51,0,0,0,0,0,41,0,0,0,0,0,0,22,0,0,0,0,0,0,0,0,0,0,0,1,0,0,0,0,0,1,0,0,0,0,33,0,0,68,62,0,0,0,0,0,0,0,0,0,55,0,0,0,0,163,0,0,0,1,0,0,0,0,0,0,0,0,0,0,0,0,0,0,29,0,30,0,0,0,0,0,0,0,0,6,0,0,0,0,0,0,0,0,0,0,0,0,0,0,3,1599,0,0,196,0,0,0,0,0,0,69,0,0,0,0,0,0,2,0,0,0,51
"166",0,0,0,2,0,0,1,0,0,0,0,0,0,0,902,0,0,0,0,0,0,0,0,0,0,1499,0,0,73,0,0,0,0,11,0,0,0,0,0,0,1,0,0,8,0,1,0,0,0,0,0,0,0,0,0,0,0,0,0,0,0,0,0,0,0,0,80,4,0,0,0,0,0,11,0,0,0,0,0,0,0,0,0,0,0,0,0,0,0,336,0,0,9,0,0,0,0,0,0,0,0,0,0,0,1,0,0,284,0,0,0,0,0,234,0,0,0,0,0,3,0,0,0,0,303,0,0,0,0,0,0,138,0,0,0,0,1634,0,0,0,0,0,0,0,0,0,0,0,0,0,0,0,0,0,0,0,0,0,0,0,0,0,0,0,0,0,0,0,0,0,0,0,1,0,0,0,0,0,0,0,0,0,0,0,0,0,0,0,0,0,0,113,12,6,0,0,0,0,0,0,0,8,0,0,0,0,0,0,4,8,0,0,0,0,0,0,0,0,210,2,0,0,0,0,0,0,0,0,0,0,0,0,0,346,0,0,0,0,0,0,0,0,0,0,0,0,0,4,0,0,0,0,0,1,0,0,0,0,0,0,0,0,0,0,0,0,0,0,0,678,0,0,47,0,0,0,0,1,0,1481,0,0,0,0,0,0,0,0,0,0,0,0,0,0,177,0,196,0,0,12,0
"167",0,0,0,99,0,0,9,0,0,0,0,0,0,0,323,0,2,0,0,0,0,0,0,6,0,0,0,0,103,0,0,0,0,5,0,0,0,0,0,0,0,0,0,0,0,0,0,0,0,0,0,0,0,0,0,0,0,1,0,0,0,0,0,0,0,0,106,2,0,0,0,0,0,0,1038,0,0,0,0,0,0,0,0,0,0,2,0,0,0,0,115,0,0,0,0,0,6,0,6,0,0,0,0,0,0,0,0,2,0,0,0,0,6,0,0,0,0,0,12,0,0,0,0,12,0,0,44,0,0,0,0,0,0,0,0,0,157,0,0,0,2,0,0,0,0,0,0,0,0,0,0,0,0,0,0,0,0,0,0,0,0,0,0,0,0,0,0,0,0,0,0,0,12,0,0,0,0,0,0,0,0,2,0,0,0,0,0,0,0,0,0,38,0,0,0,0,0,0,0,0,0,0,0,0,0,7,0,0,1,2,1,0,0,0,0,0,0,0,1,0,0,0,0,0,0,0,0,0,0,0,0,0,0,825,0,0,0,0,1,4,0,0,0,0,1,0,0,0,0,0,0,0,0,0,0,3,0,0,0,0,0,0,0,0,0,0,0,0,0,6440,0,0,321,0,6,0,0,0,0,347,0,0,71,0,0,0,0,4,0,0,0,0,0,0,0,0,5,0,0,11,0
"168",0,0,0,0,0,0,1,17,0,8,0,0,0,0,4,0,0,1,0,2,15,30,0,1,0,1830,0,0,1,2,315,2,0,52,0,0,15,3,1,0,0,0,0,75,0,31,0,1,0,0,0,0,0,0,0,0,0,0,0,158,0,2,0,0,0,0,110,0,0,0,8,0,0,11,0,0,0,0,0,95,0,0,2,0,449,0,0,0,0,45,0,0,1,5,0,10,0,0,13,0,0,0,0,0,0,0,0,2695,0,0,0,0,0,54,0,0,0,0,17,0,0,0,0,1,82,0,0,0,0,0,7,155,0,0,0,0,12,2,0,0,31,0,0,0,0,0,42,0,0,1,36,5,0,1,0,2,0,0,0,9,0,0,0,79,0,0,0,0,0,0,2,0,1,0,0,0,0,33,60,0,0,0,0,0,7,0,0,0,0,0,0,44,1,0,0,0,0,0,0,4,0,0,0,0,0,56,0,0,0,1,8,0,0,1,1,0,17,0,37,0,0,10,0,0,0,0,0,5,56,0,146,0,0,283,0,0,1,0,0,0,0,0,0,0,0,0,0,0,0,0,0,0,0,0,3,3,6,0,1,6,3,0,2,2,1,0,0,0,0,213,0,35,16,1,0,0,0,0,2,1615,0,0,116,0,6,0,0,1,2,23,0,0,0,0,0,0,60,0,0,30,0
"169",0,0,0,0,0,0,96,0,0,0,0,0,0,0,26,0,0,0,0,0,0,0,0,0,0,7659,0,0,27,9,0,0,0,0,0,0,0,0,0,0,0,0,0,0,0,0,0,0,0,0,0,0,0,0,0,0,0,0,0,0,0,0,0,0,0,0,0,0,0,0,0,0,0,0,0,0,0,0,0,0,0,0,0,0,0,7,0,3,0,0,0,0,0,0,0,0,0,0,0,0,0,0,0,0,0,0,0,0,0,0,0,0,0,0,0,0,0,0,0,0,0,0,0,3,0,0,0,0,0,0,0,0,0,0,0,0,0,0,0,0,0,0,0,0,0,0,0,0,0,0,0,0,0,0,0,0,0,0,0,0,0,0,0,0,0,0,0,0,0,0,0,0,0,0,0,0,0,0,0,0,0,0,0,0,0,0,7,0,0,0,0,0,0,0,0,0,0,0,0,0,0,0,0,0,0,0,0,0,0,0,0,0,0,0,0,0,0,0,0,0,0,0,0,0,0,0,0,0,0,0,0,0,0,0,0,0,0,0,0,0,0,0,0,0,0,0,0,0,0,0,0,0,0,0,0,0,0,0,0,0,0,0,0,0,0,0,0,0,0,1895,0,0,263,2,0,0,0,0,0,0,0,2,0,0,0,0,0,0,0,0,0,0,0,0,0,0,0,0,0,0,0
"170",0,0,0,0,0,0,4,0,0,0,0,0,0,0,53,0,0,0,0,0,0,18,0,0,0,3692,0,0,128,0,0,0,0,59,0,0,0,0,0,0,0,0,0,0,0,2,0,0,0,0,0,0,0,0,0,0,0,0,0,5,0,0,0,0,0,0,0,0,0,67,6,0,0,0,0,0,0,0,0,1,0,0,0,0,1,0,0,0,0,17,0,252,0,0,0,0,0,0,8,0,0,0,0,0,1,0,451,243,0,0,0,0,0,0,0,0,0,0,74,0,1,0,0,1,0,0,0,0,0,0,0,0,0,0,0,0,0,0,0,0,23,0,0,0,0,0,2,0,0,0,2,0,0,5,0,0,0,0,0,0,0,0,0,215,0,0,0,0,0,0,4,0,0,0,0,0,0,249,20,0,0,0,0,0,0,0,0,0,0,0,0,0,17,1,0,0,0,0,0,0,0,0,0,0,2,26,0,0,2,0,0,0,0,0,22,0,51,104,0,0,166,46,0,0,0,0,0,0,58,0,147,0,0,1328,0,0,0,50,0,0,0,0,169,0,0,48,0,0,0,0,368,0,8,0,15,0,6,0,0,0,0,0,0,0,2,0,0,0,0,1142,0,0,398,0,0,0,0,3,4,6,0,0,2,0,0,0,0,0,109,0,0,0,0,0,0,0,12,0,0,88,0
"171",0,0,0,0,0,0,0,4,0,1,21,3,2,0,6,2,0,0,0,0,25,28,1,4,26,0,0,0,123,18,0,0,4,66,0,0,60,102,2,0,0,0,0,95,0,20,0,4,0,0,0,2,0,0,13,0,1,0,0,96,0,16,0,0,0,9,146,0,2,0,51,0,12,9,53,0,0,0,0,100,21,0,725,2,69,1,0,24,0,183,224,3,4,0,0,2,0,0,44,0,0,0,0,3,3,0,321,1467,0,842,0,22,0,364,8,2,2,4,157,0,0,0,0,21,29,0,0,0,0,237,80,452,0,2,0,0,1,5,0,0,6,0,0,0,0,0,17,2,2,1,37,23,0,0,1,0,0,0,166,67,0,0,5,0,0,1,0,0,6,0,0,0,15,0,0,6,0,60,136,3,12,0,0,0,26,0,0,7,20,13,0,168,2,0,0,0,95,1,0,0,0,0,0,0,0,28,0,0,0,82,0,67,0,17,11,3,90,39,2,11,160,96,195,0,0,0,0,0,105,10,174,1,0,612,0,5,0,0,0,0,0,22,0,0,0,0,0,0,0,1,126,5,25,0,58,2,1,1,35,21,9,20,0,2,2,0,0,0,0,0,0,0,0,0,0,0,2,0,6,0,1,0,437,0,0,0,0,0,5,0,0,0,1,0,32,5,0,116,0,12,0
"172",0,0,0,0,0,0,1,0,0,0,0,0,2,1,19,0,0,0,0,0,0,0,0,10,0,2564,0,0,36,13,0,0,0,100,0,0,182,0,0,0,0,0,0,0,0,90,0,0,0,0,0,0,0,0,0,0,0,13,0,0,0,0,0,0,0,0,8,0,1,67,0,0,0,0,0,0,0,0,0,0,0,0,0,0,6,12,0,0,0,0,6,5,3,0,0,8,0,0,0,0,0,2,0,0,0,0,0,418,0,0,0,0,0,30,0,0,0,0,18,0,0,0,8,0,558,0,0,0,0,0,0,109,0,0,0,1,365,0,0,0,1418,0,0,0,0,0,0,0,0,5,0,0,0,0,0,0,0,0,0,11,0,0,0,0,0,0,0,0,0,0,0,21,1,1,0,0,0,0,0,0,0,0,0,0,0,0,0,0,0,0,0,195,17,0,0,0,0,0,0,0,0,0,0,0,0,218,0,3,2,41,0,0,0,0,7,1,0,0,164,0,0,0,0,0,0,0,0,0,0,0,0,0,0,163,0,0,0,0,0,105,0,0,0,0,3,0,0,0,0,0,0,0,0,0,0,64,11,0,0,0,0,0,0,11,1,0,0,0,0,0,0,0,380,0,0,0,2,0,0,2650,0,1,0,0,0,0,0,7,0,0,0,0,0,0,301,0,208,0,0,35,0
"173",1,0,0,0,0,0,17,0,0,0,0,1,0,0,0,0,0,0,0,0,0,0,0,5,0,3007,0,0,6,2,350,0,0,0,0,0,0,0,0,0,0,0,0,0,0,0,0,0,0,0,0,0,0,0,0,0,0,0,0,0,0,0,0,0,0,0,14,0,0,0,0,0,0,0,0,0,0,0,0,0,0,0,2,0,0,0,28,0,0,56,0,0,0,0,0,0,0,0,23,0,0,0,0,0,0,0,0,182,0,0,0,0,0,0,0,0,0,0,0,1,0,0,0,1,112,0,0,0,0,0,0,3,0,0,0,0,72,0,0,0,0,0,0,0,0,0,0,0,0,0,0,0,0,0,1,0,0,0,0,0,0,0,0,195,0,0,0,0,0,0,0,0,852,0,0,0,0,0,0,0,0,0,0,0,0,0,0,0,0,0,0,24,1,0,0,0,0,0,0,0,0,0,0,0,0,8,0,0,0,0,0,0,0,6,0,0,0,0,0,0,0,0,0,0,0,0,0,0,0,0,0,0,0,2262,0,0,0,0,0,1,0,0,0,0,0,0,0,0,0,0,0,0,0,0,0,9,0,0,0,0,0,0,0,0,0,0,0,0,0,1927,9,0,55,0,0,0,0,0,0,729,0,0,33,0,0,0,0,4,0,0,0,0,0,0,7,0,0,0,0,0,0
"174",0,0,0,0,0,0,0,0,0,0,1,0,0,0,20,0,0,0,0,0,0,6,5,114,0,4854,0,0,69,1,0,0,0,0,0,0,0,0,2,0,0,0,0,0,0,0,0,0,0,0,0,0,0,0,5,0,0,0,0,0,0,25,1,0,0,0,82,0,0,0,0,0,0,0,0,1,0,0,0,29,0,17,0,0,0,6,109,1,0,0,0,9,0,0,0,0,0,0,0,0,0,0,0,46,0,0,0,117,0,0,0,0,0,0,0,0,0,0,1,0,0,0,0,0,11,0,2,0,0,107,2,59,0,0,0,0,0,2,0,0,10,0,0,0,0,0,0,0,0,0,3,0,0,0,1,0,0,0,0,31,0,0,0,0,0,1,0,0,1,4,0,0,57,0,0,0,0,3,0,0,0,0,0,0,0,0,0,0,0,0,0,42,0,0,0,0,0,1,0,0,0,0,0,0,162,9,2,0,0,22,0,0,0,0,0,0,0,0,1,0,0,0,0,0,0,0,0,0,0,0,18,1,0,757,0,0,0,0,0,4,0,0,0,0,2,0,0,0,0,0,0,0,0,0,0,0,3,0,1,0,0,0,0,0,0,0,0,0,15,687,0,0,58,0,0,0,0,0,7,2267,0,0,32,0,0,0,0,0,89,0,0,0,0,0,7,0,0,0,0,0,0
"175",0,0,0,0,0,0,2,13,0,0,0,0,1,0,42,0,0,0,0,0,0,79,0,6,0,657,0,0,11,13,0,0,0,150,0,0,72,0,1,0,2,0,0,0,0,393,0,0,0,0,6,0,0,0,71,0,0,3,0,46,0,12,2,0,0,0,0,6,0,0,22,0,0,0,0,4,0,0,0,2,0,0,0,0,80,3,2,0,0,42,0,3,8,0,0,0,0,0,0,0,0,11,0,0,0,0,0,0,0,0,0,0,0,273,0,14,0,0,281,0,0,0,0,1,1273,0,0,0,0,0,75,0,0,1,0,0,50,0,120,0,4,0,0,0,0,0,4,0,0,27,5,44,0,0,3,0,0,0,0,14,2,0,0,687,1,1,0,0,0,0,4,0,1,0,0,0,0,18,173,0,0,0,0,0,19,0,0,0,0,0,0,425,1,1,0,2,0,0,0,0,0,0,0,1,0,5,2,5,0,6,0,0,0,0,9,0,60,0,52,0,69,0,0,0,0,0,0,0,0,0,13,1,0,211,10,0,0,25,0,7,0,0,0,0,0,0,0,0,0,0,30,4,0,0,0,491,0,0,10,10,0,0,0,14,1,0,0,0,0,528,196,16,469,0,10,0,2,1,0,1763,0,0,724,0,0,1,0,4,0,0,0,0,0,0,0,0,16,0,0,166,0
"176",0,1,0,1,0,1,1,46,0,0,0,0,1,0,8,0,0,0,1,0,0,12,0,3,0,457,0,0,95,0,0,0,0,1,0,0,14,0,0,0,0,0,0,0,0,0,0,0,0,1,3,0,0,0,29,0,0,0,0,154,0,127,0,0,0,0,169,0,0,0,44,0,0,0,0,0,0,4,4,0,0,0,160,0,1094,1,0,0,0,50,0,49,320,0,0,0,0,0,0,29,0,0,0,0,5,0,0,1978,0,0,0,0,6,32,0,2,0,0,1,3,0,0,0,1,0,0,0,0,0,0,0,749,0,23,0,0,4,0,0,0,12,0,0,0,0,0,2,0,0,0,1,0,7,8,0,0,0,0,0,85,0,0,0,0,1,0,0,0,2,0,6,0,0,0,0,0,10,2,11,0,0,0,0,0,1,0,0,0,0,0,0,0,2,1,0,0,0,0,0,133,0,0,0,0,0,28,0,0,0,0,0,0,0,0,0,0,0,0,112,4,32,0,0,0,1,0,0,14,6,0,0,1,0,778,0,0,4,0,0,0,0,0,0,0,0,0,0,0,0,0,0,0,3,0,0,0,2,0,0,0,0,0,13,1,1,0,14,0,5,166,0,0,0,4,1,0,0,0,0,1802,0,1,27,0,0,0,0,0,112,0,0,0,0,2,57,0,11,0,0,0,0
"177",0,1,0,0,0,0,1,0,0,0,0,0,0,0,23,0,1,1,0,0,0,8,0,0,0,3486,0,0,20,36,1,0,1,52,0,0,58,238,1,0,0,0,0,0,0,77,0,0,0,0,0,0,1,0,10,2,0,0,0,40,0,0,0,1,0,0,8,0,0,128,1,0,0,0,1153,0,0,0,0,5,0,0,17,0,0,8,478,0,0,0,0,12,0,0,0,0,0,0,2,0,0,0,0,0,0,0,0,2253,0,0,0,1,0,48,0,8,0,0,8,0,0,0,0,0,20,0,44,0,1,0,0,6,0,4,0,0,3,4,0,0,0,0,0,0,0,0,46,0,1,5,8,0,0,0,9,0,0,0,1,0,0,0,0,0,0,0,2,0,1,0,0,0,0,0,0,0,1,0,38,0,0,0,0,0,0,0,0,0,0,0,0,48,0,0,0,0,0,1,0,699,0,0,0,0,0,35,0,0,0,2,0,0,0,0,1,0,50,4,0,0,33,0,0,6,0,0,0,0,0,0,0,0,1,1,0,0,4,0,0,6,0,0,114,0,1,10,0,0,0,0,0,3,16,0,13,104,0,0,15,3,0,0,0,2,2,0,0,0,0,2,0,2,5,0,0,0,0,0,3,201,0,0,102,0,0,0,0,0,22,7,0,0,0,0,1,0,18,0,0,42,0
"178",0,0,0,0,0,0,1,30,0,0,0,0,0,0,0,2,0,1,0,1,131,10,0,0,0,344,0,0,1,0,44,0,0,136,0,0,109,187,0,0,0,0,0,112,0,13,0,2,0,0,0,0,0,0,0,0,0,0,0,348,0,0,0,8,0,0,60,0,0,0,398,1,1,159,0,0,0,0,0,61,0,7,136,0,0,0,0,0,0,60,0,6,0,0,0,2,0,0,30,0,0,0,0,0,0,0,29,381,0,348,0,89,0,50,0,0,1,0,269,0,2,0,0,1,0,0,0,0,4,0,1,11,0,0,0,0,0,0,0,2,1,0,0,1,0,0,24,7,1,12,14,114,0,0,0,0,0,0,0,18,0,0,0,222,0,1,0,0,0,2,4,0,1,0,0,0,0,439,0,0,0,0,0,0,36,2,0,0,5,0,8,78,0,0,0,0,0,0,0,0,0,0,0,1,3,16,0,0,0,1,0,0,0,6,21,0,82,327,134,0,338,28,0,0,0,0,0,0,189,0,173,1,0,0,5,0,1,0,0,0,0,0,0,16,0,0,0,0,0,0,1183,1,22,0,79,0,0,0,16,7,0,0,0,0,66,0,0,0,0,21,0,0,0,0,0,0,0,0,0,2482,0,0,25,0,0,0,0,0,155,5,0,0,0,0,40,0,1,23,0,120,0
"179",0,16,0,0,0,1,22,13,0,1,0,0,0,358,10,2,0,1,1,27,15,27,0,1,0,4,0,0,10,94,422,0,0,0,0,0,182,70,1,0,3,0,0,0,0,124,0,2,0,0,1,0,0,0,14,0,0,0,0,23,0,13,0,1,0,0,3,0,1,1,12,1,0,18,0,0,0,0,0,26,0,0,2,0,616,1,0,0,0,17,136,0,0,0,0,0,0,0,25,21,0,0,0,0,1,0,2,1844,0,8,0,0,0,10,0,0,9,0,124,0,0,0,0,2,191,0,97,0,1,0,2,169,133,0,0,0,0,0,0,0,6,0,0,0,0,0,1,1,1,0,24,4,0,0,1,0,0,0,0,22,0,0,0,279,0,1,0,0,0,0,5,0,1,0,0,0,0,89,24,0,3,0,0,0,0,0,0,0,0,5,0,54,2,0,0,0,0,0,0,0,0,0,0,0,0,1,1,0,1,12,0,0,0,0,12,0,26,4,0,0,29,13,0,0,0,0,0,0,12,0,41,0,1,0,0,0,1,0,0,12,0,0,0,0,0,8,0,0,0,0,0,2,5,1,6,1,6,0,5,95,1,0,5,1,0,0,0,0,28,3,8,0,684,0,0,0,0,0,26,1980,0,0,2,0,0,0,0,32,26,21,0,0,7,0,69,0,3,0,0,73,0
"180",0,0,0,0,4,0,7,0,0,0,0,0,5,0,0,0,0,0,0,0,0,0,0,35,0,1,0,0,25,0,3,0,0,0,0,0,0,24,0,0,0,0,0,0,0,0,0,0,0,2,0,0,0,0,0,0,0,0,0,14,0,0,7,0,0,0,15,0,0,20,0,0,0,0,0,0,0,0,0,32,0,0,332,0,0,0,4,0,0,0,0,254,115,0,0,0,104,0,0,0,0,71,0,0,0,0,0,325,0,0,0,0,0,0,0,24,0,0,29,0,0,0,44,0,0,0,0,0,0,0,0,0,0,19,0,0,4,0,2,0,0,0,0,0,0,0,0,0,0,0,0,11,0,0,0,0,0,0,0,0,0,0,0,891,0,0,0,0,0,0,0,0,32,0,0,0,0,0,1,0,0,0,0,0,0,0,0,0,0,0,0,0,0,0,0,0,0,0,0,457,0,0,0,2,0,0,0,0,0,22,0,0,0,0,0,0,104,11,0,0,135,0,0,0,0,13,0,0,0,0,0,0,0,205,0,0,0,0,0,0,0,0,0,0,2,0,0,0,0,0,0,0,0,0,0,4,0,0,0,0,0,0,0,4,0,0,0,0,0,725,0,0,2067,0,1,0,0,0,0,3530,0,0,0,0,0,0,0,230,0,0,0,0,0,0,0,0,35,0,0,0,0
"181",0,0,0,0,0,0,13,0,0,0,0,0,0,19,6,0,3,0,0,0,0,30,0,3,0,263,0,0,8,12,0,0,0,166,0,0,17,0,0,0,1,0,0,0,0,4,0,0,0,0,24,0,0,0,0,0,1,0,0,305,0,1,0,0,0,0,153,0,0,0,21,0,0,0,0,0,0,0,0,142,0,0,258,0,63,0,1322,0,0,26,0,28,143,0,0,26,0,0,0,0,0,1,0,0,0,0,0,2008,0,0,0,0,0,22,0,0,0,0,255,0,0,0,0,0,10,0,0,0,0,0,0,1,0,5,0,9,41,0,0,0,11,0,0,0,0,0,0,0,0,1,21,0,0,30,0,16,0,0,0,78,0,0,0,0,2,0,0,0,0,0,18,0,0,0,0,0,0,0,504,0,0,0,0,0,21,0,0,0,0,0,0,29,1,3,0,0,0,0,0,1,0,0,0,0,0,35,0,0,0,1,0,0,0,0,7,0,1,0,662,0,563,0,0,0,0,0,0,0,23,0,201,0,0,212,0,0,1,0,0,31,0,0,0,0,8,0,0,0,0,0,0,0,0,0,0,34,4,0,0,45,0,0,0,0,14,0,0,0,0,64,0,79,49,0,0,0,0,0,0,1262,0,0,444,0,0,0,0,1,0,0,0,0,0,0,0,0,5,0,0,110,0
"182",0,0,0,1,0,0,1,6,0,0,0,0,0,1,29,0,0,1,1,0,59,0,6,0,0,3809,0,0,12,0,262,0,0,0,0,226,24,1,0,0,2,0,0,83,0,0,0,0,0,0,0,0,0,0,3,0,0,2,0,0,0,7,1,1,145,0,4,7,0,0,0,1,0,8,0,0,0,0,0,6,0,0,0,1,0,0,0,0,0,34,0,10,42,0,0,0,0,0,44,0,0,0,0,0,1,0,0,380,0,48,0,40,0,1,0,0,0,50,8,0,0,0,0,11,201,0,0,0,0,0,111,275,0,0,0,0,435,0,0,0,0,0,0,0,0,0,0,0,0,0,0,73,0,0,1,0,0,527,0,0,0,0,0,178,0,0,0,0,0,4,1,0,1,0,0,0,0,29,45,0,0,0,0,0,2,0,0,0,0,0,0,0,0,0,0,0,0,0,0,0,0,0,0,0,0,1,0,0,2,82,0,0,11,12,0,0,0,0,0,12,0,1,0,0,0,0,0,0,54,0,28,1,0,270,0,8,2,2,0,0,0,0,0,0,0,0,0,0,0,0,0,2,3,1,2,0,0,0,5,0,0,0,0,3,0,0,0,0,8,623,70,4,131,0,0,0,0,0,55,0,0,5,0,0,1128,0,0,0,5,13,0,0,0,0,106,0,1,0,0,0,47
"183",0,0,6,0,0,0,25,3,0,0,0,1,0,0,6,7,0,0,1,5,0,15,0,20,0,2674,0,0,56,0,209,0,1,209,0,0,2,102,0,0,0,0,0,11,2,42,3,3,0,0,2,0,0,0,1,2,0,0,1,185,4,4,2,0,0,0,2,0,0,18,7,1,0,47,0,0,0,0,0,18,0,2,156,0,15,1,56,1,0,25,0,196,0,5,0,0,0,0,30,0,0,1,1,13,0,0,139,178,0,0,14,2,0,4,0,0,0,0,46,0,0,0,0,1,50,0,0,0,0,0,0,1,0,0,0,0,119,0,0,0,4,0,0,0,214,0,12,1,1,0,2,4,0,35,1,0,0,0,13,88,0,0,0,164,0,0,0,3,0,6,0,0,0,0,0,0,0,1,372,2,0,0,8,0,2,0,0,0,24,0,0,50,12,0,1,1,0,0,0,0,0,0,0,3,0,19,0,0,0,6,0,0,6,0,4,0,18,17,0,0,22,2,0,0,0,0,44,0,0,0,95,1,1,758,0,0,4,0,0,41,0,0,0,0,0,0,0,0,0,0,9,0,7,1,0,2,1,1,0,2,11,0,0,1,1,1,1,33,0,2,2,6,67,0,29,0,0,0,22,2156,1,0,93,0,0,0,0,0,33,0,0,0,0,0,6,8,13,53,0,106,0
"184",0,0,0,0,0,0,1,81,0,0,0,1,0,193,7,0,2,0,0,0,86,2,0,0,12,2468,0,0,14,0,0,0,0,52,2,0,6,64,0,0,0,0,207,28,0,41,0,0,0,0,0,0,0,0,4,1,0,8,0,153,0,38,1,0,145,1,3,0,0,0,8,0,0,8,0,0,0,0,0,57,0,1,2,0,379,0,10,0,0,51,1,4,6,0,45,0,0,0,3,0,1,0,0,0,0,0,96,2386,2,0,0,52,0,15,0,7,0,0,72,0,0,0,0,0,12,177,0,0,6,75,1,95,1,1,0,0,12,0,0,1,3,0,0,0,0,0,9,0,0,0,29,0,0,0,0,0,0,0,7,2,0,0,0,0,0,0,0,0,0,0,0,0,0,0,0,0,0,0,0,0,0,0,0,0,21,0,5,0,0,0,2,34,19,0,182,14,0,0,0,699,0,0,0,1,0,0,0,0,0,0,0,0,81,5,2,0,71,3,30,0,0,0,0,0,1,0,0,0,29,1,166,0,1,173,0,0,0,0,1,0,0,0,0,7,0,0,0,2,0,0,170,0,1,0,2,1,7,0,0,0,24,0,0,0,0,0,0,22,0,0,57,0,0,0,0,0,1,0,4,845,0,1,8,0,0,0,0,3,7,2,0,0,0,0,4,1,9,0,0,15,12
"185",0,0,0,0,0,0,52,0,0,0,0,0,0,0,13,0,0,0,0,0,0,42,0,1,0,3338,0,0,20,0,0,0,0,126,0,0,0,0,0,0,0,0,0,0,0,0,0,0,0,0,43,0,0,0,0,0,0,0,0,1,0,0,0,11,0,0,16,0,0,0,38,0,1,0,0,254,1,2,0,13,0,0,0,0,2,5,0,0,0,0,0,68,0,51,0,0,0,0,0,0,0,0,0,0,8,0,0,151,0,0,0,0,0,0,0,0,0,0,300,0,0,0,0,21,0,0,0,0,0,0,0,0,0,0,0,0,0,0,3,0,29,0,0,0,0,0,0,0,0,0,0,0,0,0,1,0,0,0,0,87,0,0,0,0,0,0,0,0,0,0,4,2,54,0,0,0,0,467,85,0,0,0,0,0,0,0,0,0,0,0,0,27,0,0,0,0,0,0,0,0,0,0,0,0,0,6,2,0,0,3,0,0,3,0,0,0,0,0,287,0,0,42,0,0,0,0,0,0,118,0,0,0,0,6,0,0,0,0,0,0,0,0,0,0,0,0,0,0,0,0,0,0,0,0,0,6,4,0,0,0,0,0,0,0,1,0,0,0,335,1057,0,0,262,0,0,0,0,5,10,2451,0,28,189,0,0,0,0,0,0,0,0,0,0,0,0,0,1,0,0,81,0
"186",0,1,0,0,0,0,7,0,0,0,0,0,0,0,4,5,1,0,0,0,0,1,0,1,0,797,0,0,0,0,4,0,0,82,0,0,0,7,0,1,0,0,0,0,8,175,0,0,0,1,1,0,0,0,0,0,0,2,0,0,0,0,0,0,0,0,1,0,0,0,0,0,0,0,0,0,0,0,0,0,0,0,9,0,0,0,0,0,0,135,0,7,7,0,0,0,0,0,116,1,0,0,0,0,0,0,0,75,0,32,1,0,0,24,0,0,1,0,34,0,0,0,0,11,1069,0,0,0,1,0,1,0,0,1,0,0,0,0,0,0,1,0,0,0,0,0,1,0,1,0,12,9,0,5,0,0,0,0,0,87,0,0,0,0,0,1,0,0,0,8,0,0,1030,0,1,0,0,42,1,0,0,0,0,0,1,0,0,121,0,5,0,6,1,0,0,0,0,0,0,0,0,0,0,0,0,0,0,0,0,0,0,0,0,0,0,0,0,0,1,0,0,1,0,0,0,0,0,0,0,0,33,0,0,181,0,0,2,0,0,0,0,0,260,0,0,0,0,0,0,0,208,0,0,1,0,0,1,0,0,0,1,0,0,0,4,0,0,0,0,2,0,0,727,1,7,0,0,0,0,4475,0,1,0,0,0,0,0,0,15,0,47,1,0,0,30,0,0,0,0,54,0
"187",0,0,0,0,0,0,0,0,4,0,0,0,0,360,19,0,0,0,0,0,0,0,0,0,0,1499,0,0,0,5,0,0,0,39,0,0,67,0,1,0,1,0,0,10,0,10,0,0,0,0,0,1,0,0,1,0,0,0,0,218,0,3,0,0,0,0,0,0,0,0,2,0,0,0,0,0,0,0,0,0,1,0,1,0,19,0,0,0,0,0,0,0,0,9,0,0,0,0,0,0,0,111,0,0,1,0,1,3232,0,0,0,0,1,47,0,0,0,0,0,0,0,0,0,1,0,0,0,0,0,0,16,132,0,0,0,0,0,0,0,0,0,0,0,0,0,0,0,0,0,0,0,2,0,0,0,0,0,0,0,1,0,0,0,78,0,0,0,0,0,0,0,0,0,0,0,0,0,1,0,0,0,1,0,0,3,0,0,0,0,0,0,114,0,0,0,0,0,0,0,0,0,0,0,1,0,0,0,0,0,0,0,0,0,0,7,0,28,5,0,0,6,0,0,1,0,0,0,0,25,0,95,0,0,412,0,0,0,0,0,28,0,0,108,0,0,0,0,0,0,20,0,0,0,0,0,0,0,0,9,62,0,0,14,0,1,5,0,0,9,651,0,0,95,0,0,0,0,0,5,2260,0,0,46,0,0,1,0,0,0,4,0,0,0,0,13,0,32,0,0,47,0
"188",0,0,1,0,2,0,0,13,0,1,0,0,0,0,0,2,14,0,0,0,2,25,0,2,0,2311,2,0,3,10,52,0,0,0,0,0,6,45,0,0,0,0,0,0,0,92,0,0,0,0,0,0,0,0,1,4,0,0,0,298,11,0,1,0,0,0,149,0,0,31,0,3,8,7,0,0,2,0,0,0,0,25,51,0,1,0,2,0,0,20,0,4,0,0,0,0,0,0,25,0,0,0,0,0,0,0,2,2168,0,0,0,0,0,1,4,0,0,0,36,0,0,0,0,2,23,0,0,0,0,0,0,206,0,0,1,0,1,0,0,0,94,0,0,1,0,0,91,10,1,1,4,2,0,154,0,0,2,0,5,33,0,0,0,1,0,0,0,0,1,0,7,0,6,0,0,0,0,23,12,15,0,0,0,0,55,0,0,0,0,0,0,151,1,0,0,0,7,2,1,0,0,0,1,171,388,234,0,0,2,0,0,0,0,0,3,2,17,0,188,0,5,33,0,0,0,0,1,0,8,0,28,0,0,156,0,0,1,0,0,0,0,0,0,0,16,1,0,0,0,0,10,7,0,0,32,33,25,0,5,0,1,0,0,4,0,0,0,0,0,12,11,0,71,0,0,0,0,0,1,1974,0,0,74,0,0,0,0,0,0,22,0,0,0,0,6,5,6,0,0,51,51
"189",0,0,0,0,0,0,6,0,0,0,0,0,0,179,23,0,0,0,0,0,22,1,0,12,0,1560,0,21,123,12,97,0,0,334,0,0,8,223,0,0,0,0,0,75,0,734,0,0,0,0,4,0,0,0,38,0,0,0,0,2,0,0,0,0,0,0,0,0,2,42,20,0,0,0,0,340,0,0,0,0,2,0,282,0,35,10,244,0,0,79,0,53,5,0,0,8,0,0,0,0,0,1,0,0,0,0,0,160,0,0,0,52,0,0,0,0,138,0,382,4,0,0,0,2,70,0,0,0,0,0,152,64,0,0,0,4,7,0,0,0,0,0,0,0,0,0,0,0,1,0,0,34,0,0,12,0,0,0,0,138,0,0,0,0,0,1,0,0,0,160,4,0,0,0,0,0,0,87,12,0,0,0,0,0,16,0,0,0,0,13,0,76,5,0,0,1,4,0,4,0,0,0,0,69,0,0,4,0,0,19,0,0,0,12,3,0,113,31,0,0,188,13,0,0,0,24,0,0,285,0,0,0,0,519,0,0,4,0,0,75,0,0,0,0,0,0,0,0,0,0,0,0,0,0,0,8,0,0,1,0,0,0,0,2,1,0,0,79,8,41,52,0,249,0,1,0,0,0,5,2082,0,0,221,0,0,0,0,0,0,13,0,0,0,0,0,0,7,0,0,13,0
"190",0,1,4,0,0,0,1,0,0,0,0,0,0,0,522,0,0,0,0,0,86,54,0,0,0,115,0,0,418,0,0,0,0,0,0,0,12,349,0,0,0,0,0,0,0,53,0,0,0,0,0,0,0,0,0,4,0,0,0,24,0,0,0,0,0,0,93,0,0,0,0,0,0,0,0,0,0,0,0,58,0,0,0,0,0,7,1,0,0,52,0,169,4,0,0,97,52,0,4,0,0,0,24,0,0,0,0,401,0,90,0,0,0,152,0,0,35,0,69,13,8,0,9,3,4,0,0,0,0,0,0,273,0,1,0,0,94,0,0,2,24,0,0,5,0,0,131,0,0,0,28,0,0,0,0,0,46,0,0,0,2,0,0,0,0,0,0,0,0,0,2,0,1,0,0,0,0,0,0,0,0,0,0,37,0,0,0,233,0,0,1,183,4,0,0,0,0,0,0,0,0,0,0,0,0,7,0,0,1,32,0,0,0,0,0,0,0,0,17,0,0,0,0,0,0,0,0,0,142,0,330,0,0,73,0,0,0,0,0,0,0,0,0,0,0,0,0,0,0,0,0,0,0,0,0,6,20,0,0,2,2,0,0,7,0,0,0,0,0,1655,0,0,139,0,56,0,0,0,0,0,1,0,1037,0,0,0,0,230,0,0,0,0,0,0,1,0,28,0,0,10,0
"191",0,4,4,0,0,0,3,0,0,0,0,0,0,0,119,0,6,0,1,0,0,6,0,13,0,1606,0,0,76,20,1,0,0,255,0,0,36,1,0,0,0,1,0,0,0,76,0,0,0,0,0,0,0,0,42,0,0,1,0,0,0,0,0,0,0,3,0,0,0,0,8,0,0,109,0,0,0,0,0,1,0,0,32,0,0,5,138,0,0,0,0,28,10,0,0,13,0,0,0,0,0,8,0,26,4,1,0,24,0,0,0,0,0,0,0,0,0,6,0,1,0,0,0,0,571,77,0,0,0,0,6,0,0,0,0,70,143,0,0,0,9,0,0,1,0,693,0,0,0,0,1,16,0,0,1,0,0,0,0,125,1,0,0,0,0,0,0,0,0,0,1,0,31,0,0,0,0,0,0,0,0,0,0,0,3,0,0,0,0,0,8,42,6,0,1,0,0,2,0,0,0,21,0,2,0,0,4,0,0,32,13,0,0,1,3,1,0,3,14,0,21,0,0,0,0,0,2,0,0,0,189,1,0,401,0,0,1,0,1,18,0,0,0,0,3,66,0,0,0,0,0,0,0,0,0,1,2,0,1,240,0,0,0,2,12,0,0,0,0,4,0,1,311,0,0,0,0,0,1,3610,0,0,116,0,0,0,0,0,4,26,0,0,0,0,234,5,3,0,0,42,0
"192",0,0,0,0,0,0,0,0,0,0,0,0,0,0,32,0,0,0,0,16,0,49,0,0,0,3946,0,0,180,117,0,0,0,158,0,0,4,0,0,0,0,0,0,0,0,1162,0,0,0,0,0,0,0,0,0,0,0,0,0,185,0,0,0,0,0,0,0,0,0,0,0,0,0,0,0,0,0,0,0,91,0,0,34,0,0,14,4,0,0,60,0,0,75,5,0,11,0,0,116,0,0,11,0,0,0,0,0,356,0,0,0,0,0,132,0,0,0,0,75,0,0,0,0,3,69,0,0,0,0,0,10,0,0,0,0,0,0,9,0,0,0,0,0,0,0,0,0,0,0,0,8,0,0,0,0,0,0,0,0,95,0,0,0,2,0,0,0,0,0,0,0,0,1,0,0,0,0,0,0,0,0,0,0,0,12,0,0,0,0,0,0,161,0,0,0,0,0,0,0,0,0,0,0,0,0,103,0,8,1,0,0,23,0,0,14,0,141,0,368,0,89,0,0,0,0,0,0,0,0,0,0,0,0,0,0,0,0,1,0,0,0,0,0,0,0,0,0,0,0,0,0,0,0,2,0,0,0,0,0,0,0,0,0,0,1,0,0,0,0,687,0,91,51,0,0,0,0,0,0,190,0,0,810,0,0,0,0,0,0,95,0,0,0,0,0,0,97,0,0,278,0
"193",0,0,0,0,0,0,0,0,0,0,0,0,0,0,9,0,0,0,0,0,0,1,0,6,0,174,0,0,14,0,421,0,0,87,0,0,72,0,0,0,0,0,0,98,0,200,0,0,0,0,0,0,0,0,0,0,0,1,0,0,0,0,0,0,0,0,94,0,0,0,0,0,0,0,0,0,0,0,0,0,0,0,0,0,0,1,1,0,0,0,0,6,142,0,0,11,0,0,29,0,0,0,0,0,0,0,0,1468,0,0,0,0,0,39,0,46,0,0,34,0,0,15,0,3,29,0,0,0,0,0,0,12,0,1,0,3,2,0,0,0,1,0,0,0,0,0,0,0,0,0,10,0,32,0,0,0,0,0,0,67,0,0,0,0,0,0,0,0,0,0,0,0,1,0,21,0,0,0,0,0,0,0,0,0,0,0,0,0,0,0,0,91,1,0,0,17,0,0,0,0,0,0,0,0,673,7,11,0,0,15,0,0,7,0,2,0,86,0,136,0,0,0,0,0,0,0,0,0,213,0,0,0,0,136,0,0,0,0,0,0,0,0,0,0,2,0,131,0,0,0,3,0,0,0,0,5,2,0,0,0,1,0,0,0,0,0,0,0,0,838,0,0,249,0,0,0,0,0,3,4192,0,0,0,0,0,0,0,5,0,0,0,0,0,0,14,0,0,0,0,13,0
"194",0,0,0,0,0,0,0,0,0,0,0,0,0,0,6,0,0,0,1,0,0,0,0,3,0,535,0,0,15,79,604,0,0,192,0,0,6,0,0,0,0,0,0,0,0,103,0,0,0,0,8,0,0,0,0,0,0,3,0,158,0,0,0,0,0,0,472,0,0,0,0,0,0,0,0,0,0,0,0,0,0,0,0,0,0,0,376,0,0,0,0,5,0,0,0,0,0,0,0,0,0,7,0,0,0,0,0,1635,0,0,1,0,0,0,0,1,0,0,819,1,0,0,0,1,0,0,0,0,0,0,0,0,0,0,0,0,77,0,0,0,18,0,0,0,0,0,60,0,0,0,0,0,0,0,0,0,0,0,0,0,0,0,0,0,0,0,0,0,0,0,0,23,0,0,0,0,0,0,538,0,0,0,0,0,0,0,0,0,0,0,0,101,2,0,0,0,0,0,0,0,0,0,0,0,0,71,2,0,1,7,5,0,0,0,0,0,0,0,0,0,0,0,0,0,0,0,0,0,0,0,241,0,0,343,0,0,0,0,0,56,0,0,0,0,0,0,0,0,0,0,0,0,0,0,0,89,65,0,0,0,0,0,0,0,3,0,0,0,0,47,0,132,75,0,6,0,0,0,0,2642,0,1,124,0,0,0,0,5,0,0,0,0,0,0,0,0,4,0,0,234,0
"195",0,0,0,0,0,2,12,26,0,0,0,0,0,0,9,0,0,0,0,0,0,115,0,43,0,1,0,0,328,16,92,0,0,0,0,0,19,309,1,0,1,0,0,0,0,0,0,0,0,0,4,0,0,0,0,0,0,0,0,0,0,0,0,0,0,0,0,0,1,0,0,0,0,0,0,0,0,0,0,16,0,0,63,0,0,0,0,0,0,101,1155,0,376,0,0,24,0,0,0,0,0,12,0,0,0,0,0,1259,0,0,0,0,0,0,10,56,0,91,160,0,0,0,0,1,146,0,0,0,0,0,0,0,0,37,0,63,1,0,0,0,74,0,0,0,0,0,0,0,0,0,9,0,0,0,0,0,0,0,0,123,0,0,0,0,0,1,0,0,0,0,0,0,0,0,0,0,0,0,0,0,0,0,0,0,36,0,0,0,0,28,0,86,207,0,0,0,0,0,0,0,0,0,0,0,0,0,0,0,0,59,0,0,0,0,24,0,189,0,870,0,0,0,0,0,0,0,0,0,0,0,0,1,0,41,0,0,0,0,0,0,0,0,0,0,2,0,0,0,0,0,0,0,0,0,5,1,32,0,0,0,0,0,0,0,3,0,0,0,0,113,0,0,485,0,0,0,0,0,14,1,0,5,853,0,0,0,0,0,0,0,0,0,0,0,18,0,66,0,0,163,0
"196",0,0,0,0,39,0,3,0,0,0,0,1,0,0,127,0,0,1,3,0,0,2,0,3,0,935,0,0,20,28,11,0,0,153,101,0,132,64,1,0,0,0,0,27,0,370,0,1,0,0,0,0,0,0,1,0,0,0,0,0,2,0,0,1,0,0,13,0,0,0,32,1,0,0,0,0,0,0,0,0,5,1,15,1,76,0,2,0,0,96,11,6,0,0,0,0,0,0,100,0,0,0,0,0,4,4,4,0,0,0,0,0,0,50,10,0,0,0,22,0,0,15,0,0,1947,99,0,0,1,1,0,0,2,2,0,63,0,0,0,0,0,0,0,0,95,0,0,23,0,1,15,0,0,0,3,0,0,0,14,58,0,0,5,721,0,0,0,0,0,4,1,0,0,0,0,0,4,0,1,1,48,0,0,0,2,0,0,0,183,0,1,123,0,0,31,0,0,0,0,0,0,0,0,0,0,90,13,0,0,71,0,0,4,11,3,0,0,0,0,12,0,0,0,60,0,0,0,0,71,4,63,0,0,1412,0,0,4,0,1,0,1,0,0,16,11,34,0,0,4,0,0,1,0,0,1,127,0,0,4,7,0,0,0,0,0,0,0,0,0,0,0,27,1060,0,0,0,0,2,3,132,0,0,123,0,0,0,0,0,2,80,0,10,0,0,22,0,29,2,0,166,0
"197",0,0,0,1,0,0,0,0,0,0,0,0,0,0,17,0,46,0,0,0,0,0,0,1,0,1201,0,0,4,13,3,0,0,48,0,0,0,0,0,2,1,0,0,0,0,2,0,0,0,0,0,0,0,0,0,0,0,0,0,0,0,0,0,0,0,0,8,0,0,81,40,0,0,0,0,0,1,0,0,0,0,0,0,0,0,4,0,0,0,0,0,3,8,0,0,2,0,0,0,0,0,7,0,0,0,0,0,2950,0,0,0,0,0,0,0,0,118,0,12,0,0,0,20,0,0,0,4,0,0,0,0,0,0,0,0,0,0,1,0,0,11,0,0,0,0,0,37,0,0,0,0,0,0,236,0,0,0,0,0,4,0,0,0,0,0,0,0,0,0,0,7,0,0,1,0,0,0,14,31,0,0,0,0,0,0,0,0,0,0,0,0,0,0,0,0,0,0,0,0,0,0,0,0,0,0,26,10,6,0,24,0,0,0,0,0,0,0,0,0,0,62,91,0,0,0,0,0,0,0,0,0,0,0,1536,0,0,5,0,0,4,0,0,0,0,7,0,0,0,0,0,0,0,0,0,0,51,2,0,0,0,0,0,0,15,1,0,0,0,4,13,0,0,330,0,0,0,0,0,1,2788,0,2,17,0,12,1,0,1,4,0,0,0,0,4,0,0,42,0,0,1,0
"198",0,0,0,0,0,0,25,36,6,0,0,0,0,300,111,0,0,0,0,0,86,15,0,9,0,375,0,0,18,0,47,0,0,0,0,0,149,82,0,0,0,0,0,80,0,45,0,0,0,0,0,0,0,0,0,0,1,0,0,0,0,93,0,0,8,0,4,0,9,153,93,0,0,12,0,0,0,0,0,0,0,0,4,0,616,0,1,0,0,12,500,0,0,0,0,0,0,0,5,0,0,0,0,0,18,0,144,1377,0,0,0,0,6,173,0,0,0,0,0,14,0,0,0,1,78,0,0,0,0,0,0,50,0,1,0,1,12,0,0,0,0,0,0,0,0,0,0,0,0,0,1,0,0,0,0,0,0,0,0,28,0,0,0,541,0,0,0,0,0,0,0,0,0,0,0,0,0,218,135,0,0,1,0,0,0,0,0,0,0,0,0,320,2,1,0,0,0,0,0,0,0,0,0,0,0,1,0,0,1,17,0,0,0,0,12,1,0,0,0,0,0,31,0,0,0,20,0,0,78,0,63,0,0,28,0,0,0,0,0,0,0,1,0,0,0,0,0,0,0,0,128,0,0,0,0,0,0,0,0,95,0,0,0,0,0,0,0,0,0,0,0,0,30,0,6,0,0,1,0,2591,0,0,87,0,0,0,0,3,0,0,0,0,0,0,75,0,5,0,0,17,0
"199",0,0,0,0,0,0,87,0,0,0,0,0,0,200,15,0,0,0,0,0,3,27,0,0,0,2703,0,0,37,0,0,0,0,139,0,0,0,34,0,0,0,0,0,16,0,1891,0,0,0,0,0,0,0,0,0,0,0,0,0,0,0,0,0,0,0,0,92,0,64,0,0,0,0,1,0,0,0,0,0,142,0,0,0,0,6,0,0,0,0,206,0,0,0,0,0,0,0,0,315,0,0,0,0,0,2,0,0,23,0,0,0,0,0,24,0,0,0,0,16,0,0,0,0,10,46,0,0,0,0,0,33,1030,0,0,0,0,0,0,0,0,8,0,0,0,0,0,43,0,0,0,31,167,0,0,0,0,0,0,0,43,0,0,0,0,0,0,0,0,0,0,0,0,0,0,0,0,0,0,10,0,0,0,0,0,0,0,0,0,0,0,0,9,0,0,0,0,0,0,0,0,0,0,0,37,0,14,0,0,0,0,0,66,6,0,6,0,48,0,1,0,1,0,0,0,0,11,0,0,1,0,177,0,0,155,0,0,0,0,0,0,0,0,0,0,0,0,143,0,0,0,0,0,0,0,0,0,26,0,0,0,0,0,0,0,0,0,0,0,0,8,0,0,117,0,0,0,0,0,3,660,1,0,444,0,0,0,0,0,67,0,0,0,0,0,0,0,1,7,0,164,0
"200",0,0,1,0,0,0,0,11,5,0,0,4,0,270,1,0,0,0,0,0,43,9,0,0,11,1982,0,0,76,9,18,48,0,0,0,0,7,19,0,0,0,0,0,95,0,296,560,3,0,0,3,0,0,1,33,0,0,0,8,4,13,0,0,1,0,15,24,2,0,0,18,1,0,34,0,0,0,0,0,10,11,0,38,0,469,9,0,0,0,26,90,3,0,0,0,0,0,0,0,5,0,0,11,0,0,4,31,0,0,1,0,0,0,0,0,0,0,18,95,0,0,0,0,0,40,0,0,0,0,71,6,59,0,2,0,0,6,0,0,0,2,0,0,1,0,0,8,1,0,0,21,1,0,1,1,0,0,0,0,9,0,4,0,0,0,0,0,0,0,0,4,0,0,0,18,0,1,23,135,5,0,0,0,0,21,0,0,0,17,0,4,115,20,20,79,0,0,1,0,0,0,0,0,0,0,1,10,0,0,85,0,0,0,12,0,1,19,8,324,20,0,0,13,4,0,0,0,0,0,2,0,0,1,36,0,0,4,0,1,0,0,0,0,0,0,1,0,3,0,15,0,1,6,0,2,24,12,3,43,1,2,0,0,2,0,0,0,615,96,0,0,82,123,0,4,2,1,1,6,1953,1,0,79,2,0,0,0,0,31,3,99,0,0,0,3,22,7,0,0,94,20
"201",0,0,0,0,0,0,0,0,0,0,0,0,0,974,0,0,0,0,0,0,0,0,0,0,5,145,0,0,62,6,0,0,0,32,0,0,0,0,0,0,0,0,0,0,0,0,0,0,0,0,0,0,0,0,0,0,0,0,0,0,0,0,0,0,0,0,230,0,0,0,0,0,0,0,0,0,0,0,0,0,0,0,5,0,0,1,0,25,0,0,1124,28,0,0,0,10,26,0,0,0,9,22,0,0,0,0,0,2059,0,0,0,0,0,0,0,0,0,0,104,0,0,0,0,0,0,170,0,0,0,241,69,0,0,0,0,0,0,0,0,0,0,0,0,0,0,0,0,0,0,0,0,0,0,0,4,0,0,0,195,0,0,0,0,0,0,0,0,0,0,0,0,0,0,0,0,0,0,0,0,0,0,0,0,0,0,0,0,0,0,28,0,0,0,0,0,0,0,0,0,0,0,0,0,0,0,27,1,34,0,0,0,0,26,0,0,0,0,277,0,0,17,25,0,195,0,0,0,0,78,3,0,0,0,852,0,0,0,0,1,5,0,0,0,0,0,0,0,0,0,0,0,0,0,0,0,2,26,0,0,0,0,0,0,0,0,0,0,0,7,78,0,0,130,0,1,0,0,15,0,2456,0,0,27,0,0,1,1,0,0,0,141,0,0,0,0,0,0,0,0,0,0
"202",0,0,0,0,0,0,0,17,0,0,0,1,0,0,39,0,0,4,0,0,12,112,0,0,1,112,2,0,18,165,2,0,0,171,0,0,0,64,0,0,0,0,178,0,0,0,0,1,0,0,0,0,2,0,7,0,0,0,0,94,4,0,0,6,0,2,58,18,0,0,24,0,0,0,1,102,0,0,0,69,0,0,467,0,0,0,0,0,0,0,9,3,0,0,0,0,0,0,0,0,0,0,13,0,1,0,0,3624,0,265,0,0,0,0,0,0,0,0,686,0,0,0,0,0,30,0,0,0,6,0,15,0,87,0,0,0,4,0,0,0,482,0,0,0,0,0,0,1,0,0,2,0,0,2,0,0,0,0,8,5,0,0,0,2,0,0,1,0,0,146,5,0,0,0,0,0,0,0,28,1,0,0,0,0,0,2,0,233,52,0,0,101,0,1,0,0,0,0,0,7,0,0,0,0,0,26,0,0,1,3,0,0,0,9,0,1,64,30,316,0,0,1,0,0,0,0,0,0,31,0,0,0,1,54,0,2,4,0,2,0,0,0,1,8,0,2,0,0,1,0,0,2,9,0,13,34,57,0,10,7,13,0,0,1,0,0,0,0,19,16,0,0,149,2,0,0,0,0,4,905,0,0,157,0,0,0,0,41,0,31,0,0,0,0,18,0,9,0,0,120,0
"203",0,0,0,0,0,0,1,17,1,0,0,0,0,537,6,0,0,0,0,0,49,49,0,1,0,4,0,0,2,5,324,0,0,255,0,0,5,375,1,0,0,0,0,81,0,14,0,0,0,0,0,0,0,0,50,3,0,1,0,256,0,57,0,0,0,3,67,0,0,158,71,0,0,109,739,0,0,0,0,68,0,5,16,0,60,2,1,0,0,100,12,38,0,0,0,0,0,0,82,0,0,0,0,2,22,0,70,16,0,0,0,0,0,51,0,0,0,0,126,0,0,0,0,0,40,0,0,0,4,0,34,10,0,0,0,0,0,0,0,0,5,0,0,0,0,0,0,0,2,0,2,114,0,0,0,0,0,0,112,168,0,0,0,312,0,0,0,0,0,0,4,0,0,0,0,0,0,355,314,0,0,0,0,23,2,0,6,0,1,0,0,69,0,0,2,0,0,2,0,0,16,0,0,1,0,44,0,0,0,0,0,5,4,0,13,0,113,23,0,26,59,0,0,7,0,5,0,0,141,11,166,1,1,247,0,3,2,0,0,3,0,0,0,0,0,0,0,0,0,0,178,3,28,0,11,0,5,3,9,11,3,0,0,2,1,0,0,0,0,498,0,91,149,0,1,0,0,8,19,1959,0,0,380,0,0,0,0,0,12,25,0,0,0,0,120,0,0,0,0,103,0
"204",0,0,0,0,0,0,0,0,0,0,0,0,1,0,0,0,0,0,0,14,1,3,0,0,0,3363,0,0,6,82,15,0,0,39,0,0,84,39,1,1,0,0,0,0,0,0,0,0,1,0,0,0,0,0,5,0,0,0,0,0,10,0,1,0,0,0,16,0,0,0,0,0,0,0,0,0,0,0,0,2,8,0,0,0,0,10,0,0,0,0,0,20,2,0,0,0,0,0,80,0,0,0,0,0,0,0,0,0,0,0,0,4,0,1013,0,0,0,0,68,1,0,0,0,1,490,0,0,0,0,0,42,0,0,0,0,0,948,4,2,0,17,8,0,0,0,0,0,2,0,0,0,12,0,0,1,0,0,19,1,0,0,0,0,0,0,0,0,0,0,0,0,0,2,0,0,0,0,9,0,0,0,0,0,0,0,0,0,1,0,0,0,53,1,0,0,0,0,0,0,0,0,0,0,0,0,2,0,0,0,2,0,0,0,0,3,0,0,23,86,0,16,0,0,0,0,0,112,0,142,0,41,0,0,33,0,0,0,0,0,72,0,0,0,0,0,0,0,0,0,0,0,0,0,0,0,7,0,0,0,0,0,0,4,14,0,4,0,0,0,4,19,0,657,0,0,0,0,0,0,2169,1,0,65,0,0,0,0,0,0,0,0,1,0,0,20,0,7,0,0,0,0
"205",0,0,0,2,0,0,57,0,0,0,0,0,0,0,0,0,84,0,0,0,0,36,0,0,0,1854,0,7,150,0,0,0,0,74,0,0,0,0,0,0,0,0,85,0,0,478,0,0,0,0,0,0,0,0,0,4,2,0,0,0,0,0,10,0,0,0,94,0,0,0,0,0,0,0,0,0,0,0,4,0,0,0,725,0,55,2,2,0,0,0,0,12,4,1,0,305,0,0,0,0,0,11,0,0,0,0,0,1259,0,0,0,0,0,10,0,0,2,0,196,1,0,0,0,0,92,0,0,0,4,6,105,0,0,1,61,0,0,0,0,0,164,0,0,0,0,0,0,0,0,0,49,0,1,0,0,24,0,0,0,20,0,3,0,0,0,0,0,0,0,66,0,23,0,0,0,0,0,11,0,0,0,0,0,4,76,0,0,0,0,2,0,278,9,0,0,2,0,0,1,0,0,0,0,0,0,77,17,2,1,0,0,0,0,0,0,0,0,0,1,0,197,0,0,84,0,0,0,0,0,0,0,0,3,0,0,0,8,0,1,4,0,0,0,0,4,0,0,0,0,0,0,0,0,0,0,17,8,0,5,0,8,0,0,0,0,0,0,0,71,83,0,0,0,0,140,0,0,0,3,2271,0,28,0,0,0,0,0,0,0,0,0,18,0,0,69,0,79,0,31,12,42
"206",0,0,1,0,0,0,0,0,0,8,0,0,0,632,30,0,0,2,0,0,53,13,0,1,0,1760,0,0,12,0,2,0,0,394,0,18,0,258,0,0,0,0,0,0,0,248,0,0,0,0,0,0,0,0,0,0,0,0,1,48,0,0,0,0,0,0,16,0,0,65,0,0,0,0,0,0,0,0,0,55,0,0,2,0,43,0,0,0,0,0,0,0,17,0,0,73,0,0,0,0,0,0,0,0,4,0,0,523,0,0,0,0,0,0,0,0,0,0,124,0,0,0,0,7,46,10,0,0,0,0,0,62,0,0,0,0,0,0,0,0,1,0,0,0,0,135,0,0,0,14,8,45,0,0,0,0,0,0,79,55,0,0,0,0,0,0,0,0,0,0,1,0,0,0,0,0,0,0,173,1,0,0,0,0,0,0,5,0,0,0,0,0,0,0,0,0,0,0,0,0,0,0,0,0,673,0,0,0,0,0,0,0,0,0,0,0,46,0,0,0,0,19,0,0,0,0,0,0,124,0,268,0,0,47,0,0,0,0,0,0,0,0,0,0,1,0,0,0,0,0,0,2,0,0,0,12,4,0,10,0,2,0,0,1,0,0,0,0,196,452,6,70,0,0,4,0,0,0,5,1959,2,0,79,0,0,0,0,0,0,0,235,0,0,0,0,0,2,0,0,30,0
"207",0,0,0,0,0,1,2,0,0,0,0,0,0,0,477,0,0,0,0,0,0,0,0,0,0,0,0,0,0,0,156,0,0,0,0,0,57,0,7,0,0,0,0,0,0,0,0,0,0,0,0,0,0,0,0,0,0,0,0,0,0,0,0,0,0,0,0,0,0,1,0,0,0,0,0,0,0,0,0,0,0,0,1,0,0,0,0,0,0,0,0,0,367,0,0,0,0,0,0,0,0,0,0,0,0,0,0,462,0,0,0,0,0,0,0,0,0,0,1,0,0,0,0,44,0,0,0,15,0,0,0,0,0,0,0,0,0,0,0,0,9,0,0,0,0,0,0,0,0,0,0,0,0,0,0,0,0,0,0,0,0,0,0,0,0,0,0,0,0,0,0,0,5220,0,0,0,0,0,1,0,0,0,0,0,0,0,0,0,0,0,0,74,0,0,0,0,0,0,0,0,0,0,0,0,0,0,0,0,0,0,0,0,0,0,0,0,0,0,333,0,13,2,0,0,0,0,0,0,0,0,0,0,0,0,0,0,0,0,0,0,0,0,0,0,0,0,0,0,0,0,0,0,0,0,0,0,0,0,0,0,0,0,0,0,0,0,0,0,0,502,0,0,2254,0,0,0,0,0,0,0,0,0,0,0,0,0,0,0,0,0,0,0,0,0,0,0,3,0,0,0,0
"208",0,0,0,0,0,0,0,0,0,0,0,0,0,0,652,0,0,0,0,0,0,0,0,0,0,4870,0,0,45,3,0,0,0,6,0,0,0,0,0,0,0,0,0,0,0,0,0,0,0,0,0,0,0,0,0,0,0,0,0,0,0,0,0,0,8,0,0,0,0,0,0,0,0,0,0,0,0,0,0,0,0,0,0,0,7,20,378,0,0,3,0,0,0,0,28,0,0,0,21,0,0,0,0,0,0,0,374,1,0,0,0,149,0,132,0,0,0,0,0,0,0,0,0,0,0,18,0,0,2,0,3,0,133,0,0,0,0,5,0,0,0,0,0,0,0,0,0,0,0,0,0,0,0,0,0,0,0,0,0,129,0,0,0,0,0,0,0,0,0,0,0,0,0,0,0,0,0,0,0,0,0,1,0,0,0,0,0,0,0,0,0,63,0,0,0,0,0,0,0,0,0,0,1,0,0,0,41,8,0,4,0,0,0,0,0,0,0,94,0,0,0,0,0,0,0,0,0,0,78,0,0,0,0,0,0,0,0,0,0,0,0,0,272,0,0,0,0,0,0,0,0,0,0,7,0,0,0,0,0,0,0,0,0,0,0,0,0,0,172,15,0,0,1669,0,0,0,0,0,2,0,0,0,361,0,0,0,0,0,0,8,122,0,0,0,24,0,0,67,0,0,3
"209",1,0,0,2,0,0,0,0,0,0,0,0,0,0,16,0,0,0,0,0,0,12,0,2,0,5828,0,0,34,0,0,0,0,11,0,0,1,0,0,0,1,0,0,0,0,0,0,0,0,0,0,0,0,0,0,0,0,0,0,0,0,0,0,0,0,0,30,0,1,0,0,0,0,0,0,0,0,0,0,0,0,0,0,0,0,0,0,0,0,0,0,2,3,0,0,1,0,0,0,0,0,487,0,0,0,0,0,188,0,0,0,0,8,0,0,2,0,1,60,0,0,0,0,0,0,0,1,0,0,0,0,0,0,0,0,0,0,4,0,0,704,0,0,0,0,0,2,0,0,0,0,0,0,0,0,16,0,1,0,0,0,0,0,0,0,0,0,0,0,0,0,0,0,0,0,0,0,0,0,0,0,0,0,0,0,0,0,0,0,0,0,0,0,0,0,0,0,0,0,0,0,0,0,0,0,0,0,0,3,0,0,0,0,0,0,0,0,0,1,0,3,0,0,0,0,0,0,0,64,0,0,0,0,1041,0,0,0,0,0,0,0,0,0,0,4,0,0,1,0,0,0,0,0,0,0,0,0,0,0,0,0,0,0,0,0,1,0,0,0,23,0,0,524,0,0,0,0,0,0,916,0,0,0,0,0,0,0,1,0,0,0,0,0,0,0,0,4,0,0,0,0
"210",6,0,0,0,0,1,0,0,0,0,0,0,0,0,27,0,0,0,0,0,0,95,0,3,0,940,0,0,3,6,19,0,0,48,0,0,1,0,0,0,0,0,0,0,0,0,0,0,0,0,28,0,1,1,28,0,0,0,0,153,0,0,1,0,0,0,45,7,0,0,33,0,0,0,0,0,1,1,0,277,0,0,230,0,0,13,0,0,4,71,0,4,6,0,0,21,0,0,49,0,0,30,0,0,20,0,0,634,0,0,0,0,1,131,0,33,0,0,109,0,0,0,0,1,0,0,0,0,0,0,0,26,0,4,0,0,2,0,3,0,1,0,0,0,0,0,11,0,0,0,29,0,1,0,0,18,0,1,0,220,0,0,0,0,1,0,0,0,0,0,7,0,0,0,0,0,0,112,44,0,0,0,8,0,0,0,0,0,0,0,2,40,1,1,0,0,0,0,0,0,0,0,0,0,0,29,1,1,1,12,0,0,0,0,5,0,167,327,123,0,0,27,0,0,10,101,0,354,84,0,0,0,0,2105,0,0,0,0,0,0,0,0,0,0,3,86,0,0,0,0,0,0,0,0,33,44,2,0,0,0,0,0,0,8,1,0,0,0,0,60,0,0,172,2,0,4,0,0,0,1627,0,0,875,0,1,22,0,0,0,0,0,0,0,0,34,0,9,0,0,62,0
"211",0,0,0,0,24,0,1,0,0,0,0,0,3,0,1,0,0,1,0,0,17,6,0,0,0,157,0,0,1,0,93,0,0,334,0,0,5,100,0,0,0,0,0,72,0,111,0,0,0,1,2,0,0,0,33,0,0,1,0,98,0,0,0,0,0,2,60,0,0,18,50,0,0,0,1708,0,0,0,0,100,0,0,508,0,27,103,0,0,0,26,0,1,0,0,0,0,105,0,83,0,0,0,0,0,2,0,97,1321,0,0,0,30,0,78,0,0,1,0,101,0,0,0,1,1,439,0,0,0,9,0,192,119,17,0,0,0,0,5,79,0,15,1,0,0,0,0,0,0,0,11,12,24,0,0,0,0,0,0,0,37,0,3,0,0,0,1,6,0,0,0,0,0,0,0,0,0,0,0,16,0,0,0,0,2,33,0,0,0,0,0,0,131,0,0,0,1,0,0,0,21,0,0,0,0,0,12,0,0,0,0,0,0,26,2,6,0,34,0,154,0,0,36,0,0,0,24,6,0,58,0,0,8,1,8,9,0,0,0,0,38,0,0,0,0,0,0,0,0,0,0,1,1,0,0,0,4,0,0,9,36,2,0,0,10,32,0,0,0,0,33,0,43,150,0,0,0,1,0,6,969,0,0,853,0,0,0,0,0,0,44,0,0,0,0,0,0,11,0,0,58,55
"212",0,0,0,0,0,0,6,4,0,0,0,0,0,6,0,0,0,0,0,0,0,166,0,4,0,743,0,0,5,0,26,0,0,52,0,0,0,187,0,0,0,0,0,0,0,200,0,0,0,0,0,0,2,0,0,0,0,0,0,515,0,29,1,0,38,0,65,3,0,0,22,0,0,264,0,0,0,0,0,386,0,24,0,0,3,0,23,1,0,50,32,0,0,0,0,0,0,0,48,0,0,0,0,0,0,0,0,267,0,0,0,8,0,32,0,0,0,0,29,0,0,0,0,0,177,262,0,0,7,0,0,59,0,1,0,0,1,0,0,0,14,0,0,0,0,0,0,0,0,0,30,0,0,13,0,4,0,0,10,3,0,0,0,513,0,0,0,0,0,0,0,0,12,0,0,0,0,22,76,4,0,0,0,0,0,0,0,0,0,0,0,172,0,0,0,0,0,2,0,0,2,0,1,0,854,19,0,0,0,1,0,0,3,0,0,0,207,225,0,0,0,70,0,0,0,2,0,0,15,0,712,0,0,57,0,0,0,0,0,0,0,0,0,0,0,0,0,0,0,0,0,1,0,0,0,0,43,0,0,0,25,12,0,0,0,0,0,725,0,1,0,56,83,0,0,0,0,0,32,361,0,0,537,0,0,0,0,1,0,95,0,0,0,0,51,0,0,0,0,0,0
"213",0,0,0,0,0,1,1,0,0,0,0,0,3,0,6,0,1,0,0,0,61,5,0,3,0,2296,0,0,6,62,0,0,0,145,0,0,106,231,0,0,0,0,0,114,0,1058,0,0,0,0,0,0,0,0,0,0,0,0,0,115,0,0,1,0,0,0,29,0,1,31,0,1,0,0,0,0,0,0,0,175,0,0,21,0,0,1,1,0,0,32,0,25,4,0,0,0,0,0,30,0,0,0,0,0,0,0,0,660,0,0,0,0,0,18,0,0,0,0,29,0,0,0,0,1,33,0,0,0,0,0,0,170,0,0,0,0,5,0,0,0,13,0,0,0,0,0,0,0,0,1,7,0,0,0,0,0,0,0,0,31,0,0,0,0,0,0,0,0,0,0,32,0,1,0,11,0,0,0,0,0,0,0,0,0,32,0,0,0,0,0,1,236,1,0,0,0,0,0,0,0,0,0,0,0,0,117,9,0,0,1,0,0,0,0,3,0,0,0,233,0,4,0,0,0,0,1,0,0,88,0,148,0,0,20,0,0,0,0,0,97,0,0,0,0,1,0,0,0,0,0,0,0,0,0,27,8,8,0,0,0,0,0,0,2,0,0,0,0,0,2,0,90,41,0,0,0,0,2,11,2988,0,0,188,0,0,0,0,1,0,0,0,0,0,0,1,0,2,0,0,68,0
"214",0,0,0,0,0,0,190,0,0,0,0,0,0,259,1,0,0,0,0,0,0,0,0,0,0,226,0,0,26,0,614,0,0,53,0,0,3,0,0,0,0,0,0,0,0,770,0,0,0,0,0,0,0,0,0,0,0,0,0,495,0,0,0,0,0,0,192,0,0,0,65,0,0,0,0,0,0,3,0,0,0,0,119,0,4,0,1,0,0,0,0,17,1,0,0,0,0,0,0,0,0,0,0,0,3,0,0,1073,0,0,0,0,0,13,0,1,0,0,0,0,0,0,0,0,0,0,0,0,0,0,0,0,0,1,0,0,0,0,0,0,7,0,0,0,0,0,88,0,0,0,49,0,0,36,0,0,0,0,0,45,0,4,0,0,0,0,0,0,0,0,0,0,0,0,0,0,3,0,0,0,0,0,0,0,0,0,0,0,0,0,0,0,0,0,0,0,0,0,0,0,0,0,0,0,0,0,0,0,0,4,0,0,0,0,0,0,0,90,160,0,15,0,0,0,0,0,0,0,0,0,63,0,0,0,0,0,9,0,0,0,0,0,0,0,0,0,0,1,0,0,0,0,0,0,0,8,26,0,0,0,5,0,0,0,0,0,0,0,0,2,0,0,1,0,0,0,0,2,0,4460,0,2,400,0,0,0,0,0,0,0,0,0,0,0,0,0,19,0,0,374,0
"215",0,0,0,0,0,0,1,0,0,0,0,0,0,0,0,0,0,0,0,0,0,0,0,0,3,0,0,0,90,0,0,0,0,0,0,0,21,616,0,0,0,0,0,0,0,0,0,0,0,0,0,0,0,0,454,0,0,4,0,688,0,0,0,0,0,0,26,0,0,0,0,0,0,0,605,0,0,0,0,324,0,33,0,0,0,7,0,0,0,0,189,24,0,0,0,0,1,1,679,0,0,0,0,0,61,0,475,4,0,20,0,0,0,0,0,0,0,0,425,0,0,0,0,0,0,0,0,0,0,0,210,318,0,0,0,0,0,1,0,0,0,0,0,0,0,0,0,4,0,0,0,0,0,0,0,0,0,0,0,0,0,0,0,0,0,0,0,0,2,0,20,108,0,4,0,0,0,1055,0,0,0,0,0,0,0,0,0,0,0,9,0,0,3,0,0,1,0,0,0,0,0,0,0,146,0,0,0,0,0,8,0,0,0,0,0,3,281,469,0,0,0,0,0,0,0,0,0,0,0,0,0,1,7,87,57,0,0,0,0,3,0,0,433,0,0,0,0,0,0,0,0,0,0,0,0,532,5,0,0,0,3,0,0,0,0,0,0,0,98,0,9,0,992,0,0,0,16,0,0,0,0,0,0,0,0,0,0,0,363,0,0,0,0,0,0,0,0,0,0,0,0
"216",0,7,0,0,0,0,0,22,0,0,0,0,13,0,0,0,0,0,0,1,20,49,0,15,1,2504,0,0,18,10,15,482,0,3,0,0,0,61,0,0,0,0,134,78,0,45,0,0,0,0,3,0,0,0,11,0,0,0,0,4,0,0,0,0,0,0,93,0,3,0,26,0,0,0,0,0,0,0,0,16,0,0,2,0,0,4,0,33,0,84,0,8,0,0,0,0,0,0,0,0,0,197,0,0,0,0,0,0,60,52,0,0,0,8,1,0,0,0,16,1,0,0,0,1,77,0,0,0,17,0,18,126,0,0,0,0,155,0,0,1,0,0,0,0,0,0,26,0,0,0,10,2,10,0,0,63,0,0,0,5,0,0,0,0,0,0,0,0,0,0,8,0,3,0,0,7,0,0,17,0,0,0,0,0,4,0,0,0,0,0,0,11,0,0,0,0,0,0,0,0,9,0,0,0,0,72,12,0,1,0,2,101,23,5,0,2,113,0,137,0,0,47,0,0,0,2,0,0,57,0,13,0,0,941,0,0,0,0,0,0,0,1,0,0,0,0,0,0,0,0,289,2,0,0,0,74,28,0,0,1,1,0,0,6,13,0,0,0,0,371,11,9,124,0,2,1,0,0,0,2421,0,0,24,0,0,0,0,31,7,13,93,0,0,0,0,0,208,0,0,77,0
"217",0,0,0,0,5,0,0,32,0,0,0,0,0,129,23,0,0,2,1,0,44,30,0,4,0,447,0,0,16,4,209,33,0,40,0,0,6,30,0,0,0,0,0,124,0,207,0,2,0,0,28,0,0,1,99,0,0,0,0,170,1,20,0,0,0,0,43,0,0,0,159,1,0,1,0,0,0,0,0,166,9,0,71,2,1,0,0,0,0,0,0,5,5,0,0,8,0,0,62,0,0,0,0,3,1,1,1,4,0,34,0,0,0,13,0,0,0,0,5,0,0,2,0,0,282,1,0,14,2,0,0,1,0,1,0,0,0,0,0,0,67,0,0,0,0,0,8,1,0,0,5,11,0,0,0,0,0,0,0,88,0,4,1,715,0,0,1,0,1,0,32,0,0,1,0,0,1,131,11,1,0,0,0,0,2,0,0,0,0,0,1,44,0,0,2,0,0,0,0,133,0,0,61,13,0,98,2,0,0,0,1,30,1,0,0,1,98,104,0,2,62,36,83,2,0,0,4,0,25,9,46,0,0,923,0,0,4,0,0,58,1,0,0,0,2,0,0,0,0,0,3,1,9,7,8,0,28,0,15,0,4,0,0,7,1,0,0,0,31,22,70,36,21,0,32,1,83,1,0,836,0,0,299,0,0,0,0,0,6,74,0,0,0,1,0,4,183,0,0,68,0
"218",0,0,1,1,0,0,0,0,0,1,5,0,0,0,32,0,0,0,1,1,1,8,0,0,0,2040,0,0,123,36,96,0,0,126,0,0,0,19,0,0,0,0,0,0,0,4,3,1,5,0,0,0,0,0,6,0,0,0,1,0,0,0,0,0,0,0,0,0,0,0,3,0,0,12,739,0,0,0,0,10,0,0,0,0,15,8,0,0,0,45,1,5,0,0,0,59,0,0,42,0,0,0,0,0,1,0,0,373,0,0,0,0,0,17,0,0,0,0,10,0,0,0,0,0,1137,0,0,0,1,0,0,71,0,5,0,0,495,0,0,0,23,1,0,0,0,0,1,1,0,102,14,5,0,0,0,0,0,0,0,162,0,0,0,0,0,0,1,0,1,23,12,0,0,0,0,0,0,3,81,4,48,0,0,0,1,0,0,0,32,0,0,13,2,0,0,0,0,0,0,0,0,0,1,0,0,5,0,0,0,8,0,0,1,0,9,0,0,1,189,0,0,0,0,0,0,0,0,0,0,0,54,0,1,200,0,0,25,0,1,2,0,0,0,0,0,0,0,20,0,0,0,3,3,1,5,59,2,0,5,33,8,9,0,8,0,0,0,0,0,0,196,12,709,0,0,0,0,0,35,1628,1,0,346,0,0,0,0,0,22,0,0,0,0,0,0,0,46,7,0,40,2
"219",0,0,0,0,0,0,5,0,0,0,0,0,0,0,59,0,4,18,2,37,0,35,0,8,0,388,0,0,80,3,202,0,0,136,0,0,0,503,0,0,0,0,1,0,0,218,0,16,0,0,0,0,0,0,36,0,0,0,0,9,0,0,0,0,0,0,7,0,0,0,1099,0,0,0,0,0,0,0,0,63,0,0,362,0,0,0,1,22,0,336,0,5,9,0,0,1,0,0,25,0,0,0,0,0,0,0,0,108,0,55,0,0,0,0,0,1,0,0,54,0,0,0,0,0,36,153,0,0,27,0,366,377,1,2,0,0,0,1,0,0,1,0,0,0,0,0,4,0,0,0,0,224,0,0,0,0,0,0,13,57,0,0,0,763,0,0,0,0,0,4,5,0,0,0,0,0,0,86,240,0,84,0,0,0,74,0,0,0,0,0,5,101,0,0,0,0,0,0,0,1,0,0,0,12,1,2,0,0,1,0,2,50,7,17,3,0,0,40,173,0,0,0,0,0,0,3,0,0,173,0,0,0,0,24,0,0,0,0,0,0,0,0,0,0,1,0,0,0,0,0,0,0,115,0,23,1,0,0,16,83,0,0,0,2,0,0,0,0,0,20,0,0,53,830,0,0,0,0,20,571,0,0,983,0,0,0,0,60,4,58,0,0,0,0,22,0,3,23,0,69,0
"220",0,0,0,0,0,0,2,0,0,0,0,0,0,0,1,0,4,0,0,0,0,0,0,0,0,1444,0,0,24,0,0,0,0,108,0,0,125,309,0,0,0,0,0,0,0,0,0,0,0,0,0,0,0,0,0,0,0,1,0,0,0,0,1,0,74,0,0,0,0,42,0,0,0,0,0,195,0,0,0,0,0,0,0,0,0,0,0,0,0,0,0,0,6,0,0,0,3,0,0,0,0,0,0,0,0,0,0,3523,0,0,0,0,2,0,0,0,0,0,8,0,0,0,0,0,28,0,0,0,0,0,0,0,0,0,1,0,9,0,0,0,6,0,0,0,0,0,5,0,0,1,0,0,0,0,0,0,0,0,0,0,0,0,0,0,0,0,0,0,0,0,0,0,0,0,0,0,0,0,0,0,0,0,0,0,0,0,0,0,0,0,0,36,0,2,0,0,0,0,0,0,0,0,0,0,0,4,0,0,1,0,0,0,0,0,0,0,0,0,223,0,0,0,0,0,0,0,0,0,0,0,0,0,0,0,0,0,0,0,0,0,0,0,0,0,1,0,0,0,0,0,0,0,0,0,0,0,0,0,0,0,0,0,0,0,0,0,0,0,0,3399,0,0,239,0,0,0,0,0,0,9,0,0,4,0,0,0,0,0,0,0,0,0,0,0,0,0,42,0,0,0,0
"221",0,0,0,0,0,0,1,12,1,0,1,0,0,60,1,0,0,0,0,0,42,33,0,2,0,1628,0,0,11,0,42,0,0,34,0,16,6,150,0,0,0,0,0,32,0,457,0,1,0,0,0,0,0,0,16,0,0,0,0,21,0,23,0,0,14,43,338,0,14,80,3,0,0,5,502,0,0,0,0,18,6,3,3,0,477,1,126,325,0,3,280,0,1,0,0,1,0,0,25,0,0,0,0,13,1,0,144,410,0,0,0,0,0,45,1,0,0,1,51,0,0,0,0,1,21,64,0,0,1,42,7,71,0,0,0,2,0,0,0,0,1,0,0,0,0,0,7,1,0,0,14,9,1,0,48,0,0,0,158,17,0,0,2,329,0,1,0,0,0,0,1,0,0,0,0,0,0,4,83,1,42,0,0,0,5,0,0,0,24,0,0,50,1,1,1,0,0,0,0,0,0,0,0,134,1036,2,0,0,0,0,0,0,0,0,12,1,34,26,1,0,61,16,1,2,0,1,0,0,15,1,47,0,0,64,0,1,1,0,0,12,0,0,0,0,0,2,0,0,0,10,75,2,12,0,2,2,1,1,2,11,3,3,0,1,1,0,0,627,2,14,0,12,33,0,0,0,0,1,2,708,1,0,194,0,0,0,0,0,58,4,0,0,0,0,1,2,0,94,0,132,0
"222",0,0,0,0,0,0,1,0,0,0,0,0,0,0,59,0,0,0,0,0,26,8,1,1,0,2583,0,0,1,10,134,0,0,149,0,0,246,0,1,0,0,0,0,19,0,0,0,1,0,0,0,0,0,0,0,0,0,0,0,0,0,0,1,0,0,0,38,0,0,0,0,0,0,11,0,0,0,0,0,22,0,0,0,0,38,1,101,1,0,13,0,0,917,0,0,0,0,0,14,0,0,0,0,0,0,0,0,1912,0,0,0,0,0,0,1,1,0,0,4,0,0,0,0,0,159,0,0,0,1,0,0,40,0,0,0,0,8,0,0,0,45,0,0,0,0,0,0,0,0,0,1,23,0,0,0,0,0,0,0,2,0,0,0,0,0,1,0,0,0,2,2,0,1,0,0,0,0,26,9,0,0,1,0,0,2,0,0,0,0,0,0,0,1,0,0,0,0,0,0,0,0,0,0,1,0,13,0,0,0,1,0,0,0,0,7,0,58,5,0,0,50,0,0,0,0,0,0,0,0,0,0,0,0,323,0,0,1,0,0,2,0,0,0,0,3,4,0,0,0,0,0,0,21,1,4,0,0,0,1,9,0,0,0,1,0,0,0,0,0,48,0,0,0,1,4,0,0,0,8,6,0,0,37,0,0,0,0,0,0,0,0,0,0,0,0,0,0,0,0,40,0
"223",0,0,0,1,0,0,7,12,0,0,2,0,1,0,22,0,42,0,0,0,26,54,0,1,0,0,0,0,4,65,604,0,0,21,101,0,60,1,0,0,1,0,0,60,0,164,0,0,0,0,1,0,0,0,21,2,0,0,0,13,2,0,1,21,0,0,61,6,22,0,30,0,0,124,0,0,2,0,0,75,0,0,87,0,14,1,0,0,0,155,0,0,167,0,0,0,23,0,0,0,0,0,0,0,0,0,0,2855,0,0,0,0,0,26,0,8,0,2,36,0,0,0,0,1,466,0,0,0,0,0,0,316,0,1,0,0,0,0,0,0,0,0,0,4,0,0,0,0,1,5,46,0,88,0,1,0,30,1,0,182,0,0,0,0,0,0,0,0,1,20,0,0,1,1,0,0,3,350,0,0,0,0,0,0,10,0,7,0,0,0,0,36,1,0,212,0,0,38,0,0,0,0,0,0,0,54,0,0,0,17,0,0,0,0,50,0,0,0,47,0,89,0,120,0,0,0,0,0,7,0,111,1,0,110,15,0,6,0,0,17,0,0,0,0,1,0,0,0,0,0,0,0,0,0,4,0,2,10,0,0,0,0,0,2,2,0,0,0,0,71,0,0,605,0,0,0,0,0,14,922,0,0,361,0,0,0,0,0,68,126,0,0,0,0,113,0,1,0,0,278,0
"224",0,7,0,0,0,0,0,0,0,0,2,0,0,288,34,0,0,0,0,27,0,4,0,7,0,1781,0,0,10,0,1,0,0,142,0,0,0,12,0,0,1,0,0,40,0,865,0,2,0,1,17,0,1,0,0,0,0,0,0,26,4,0,0,0,0,3,1,0,0,0,3,0,0,0,0,0,0,0,2,41,0,0,15,0,0,1,0,0,0,17,0,0,0,0,0,0,0,0,0,0,0,0,0,0,1,0,0,1412,0,47,3,0,0,1,0,0,0,0,74,5,0,0,0,0,29,319,0,0,4,0,1,4,2,0,0,0,0,0,0,0,0,0,0,0,0,0,0,0,0,0,5,0,0,0,0,0,0,0,0,74,0,0,0,0,6,1,0,0,0,0,4,0,65,1,0,0,0,0,80,0,0,0,0,0,0,0,0,0,0,0,1,42,1,0,0,0,0,0,0,378,0,0,0,0,0,0,0,0,1,2,1,0,0,1,0,0,48,1,28,0,0,1,0,0,0,0,0,0,22,0,0,0,0,284,0,0,0,0,0,0,0,0,0,0,0,0,0,0,0,0,1,0,0,0,4,1,5,0,0,0,2,0,0,1,1,0,0,0,0,57,5,2,160,0,2,0,0,0,0,3445,0,0,28,0,0,0,0,5,2,0,0,0,0,0,0,0,311,0,0,10,0
"225",0,0,0,0,0,0,4,0,0,0,0,0,3,311,18,0,0,0,0,0,0,27,0,3,0,923,0,0,25,16,0,0,0,67,0,0,72,486,0,0,0,0,0,0,0,1227,0,0,0,0,0,0,0,0,0,0,0,3,0,7,0,0,1,0,0,0,208,7,0,0,138,0,0,0,0,0,1,0,0,432,0,0,0,0,80,0,851,0,0,23,0,12,297,0,32,10,0,0,0,0,0,0,0,0,5,0,0,391,0,0,0,0,10,120,0,2,0,0,38,0,0,0,47,0,652,0,0,0,0,0,0,0,0,37,0,0,6,7,0,0,54,1,0,0,0,0,24,0,0,5,0,0,0,0,3,0,0,0,0,38,0,0,0,0,0,0,0,4,0,0,0,0,0,1,0,0,0,118,0,0,0,0,0,0,74,0,0,0,0,0,0,77,1,0,0,0,0,0,0,0,0,0,0,0,0,8,0,0,2,27,0,0,0,9,25,0,91,233,216,0,1,0,0,0,1,0,0,0,119,0,288,0,0,103,0,0,0,0,0,0,0,0,0,0,0,0,0,1,0,0,0,12,0,0,8,73,0,0,87,0,0,0,0,14,0,0,0,0,0,1,0,94,0,0,1,0,0,0,47,729,0,2,299,0,0,0,0,4,0,0,0,0,0,0,40,0,18,0,0,94,0
"226",0,0,0,0,24,0,0,14,0,0,0,0,0,0,76,1,3,0,0,0,26,22,0,0,0,1,0,0,124,0,20,0,0,221,0,0,0,0,0,0,0,0,0,0,0,0,0,10,0,0,0,0,1,0,0,0,1,0,0,9,0,0,0,1,0,0,3,0,0,14,15,3,0,0,0,0,2,0,0,319,0,2,477,0,62,0,1,0,0,975,0,0,0,0,0,0,0,0,79,0,0,11,0,0,0,0,0,183,0,51,0,0,1,53,0,1,0,5,79,0,0,0,0,1,1317,0,0,0,0,0,0,701,0,5,0,0,8,0,0,0,0,0,0,0,0,0,31,0,0,105,25,0,0,1,1,0,0,0,132,0,0,0,0,395,0,0,0,0,0,0,1,0,33,0,14,0,0,0,84,1,0,0,0,0,79,0,0,0,0,0,1,125,0,0,0,0,0,0,0,0,0,0,318,1,3,7,0,0,0,254,0,0,13,1,8,0,25,22,0,0,0,2,0,0,1,0,0,0,126,0,345,0,0,9,0,0,0,0,0,24,0,0,0,0,1,1,0,0,0,0,0,0,69,1,25,3,4,0,0,0,0,0,0,2,0,0,0,0,0,584,0,0,283,3,0,0,0,0,14,969,0,0,792,0,0,0,0,0,0,126,0,0,0,0,6,3,0,0,0,13,0
"227",0,0,0,0,0,0,1,0,0,0,12,0,0,370,9,0,0,0,0,0,131,0,0,0,0,0,0,0,0,0,702,0,3,51,0,20,9,489,0,0,0,0,0,133,0,0,0,2,4,0,0,0,0,0,0,0,0,0,0,0,0,0,0,0,187,0,0,0,2,0,0,0,0,0,0,0,0,0,0,0,0,0,0,0,76,4,0,1,0,1076,9,20,1,0,0,0,0,0,47,0,0,2,0,0,17,0,176,170,0,30,0,0,0,264,0,0,0,1,125,0,0,0,0,0,33,0,0,0,0,1,105,109,0,0,1,1,0,0,0,0,0,0,0,0,0,0,0,1,0,0,44,34,0,0,0,0,1,0,0,79,0,0,0,0,0,0,0,0,0,0,0,21,0,0,8,0,0,0,540,1,0,0,0,2,0,1,0,0,51,0,0,156,0,0,27,2,0,0,0,0,0,0,0,1652,1,0,0,0,0,11,0,0,9,0,24,0,0,0,0,0,0,0,0,0,0,6,0,0,91,0,0,0,0,333,0,0,0,0,0,19,0,2,142,0,0,0,1,0,0,0,26,0,76,0,31,0,0,0,17,16,0,61,0,0,0,0,0,38,5,355,0,0,24,0,4,0,0,0,4,1125,0,0,394,0,0,0,1,0,0,0,60,0,0,0,33,0,0,11,0,66,1
"228",0,0,0,0,0,0,0,0,0,0,0,2,0,0,23,0,22,0,0,0,12,1,0,4,2,4061,0,0,18,0,148,0,4,17,0,0,0,10,0,0,1,0,0,0,0,0,0,0,0,1,0,6,0,0,0,4,0,2,0,20,0,1,12,0,4,0,92,6,0,236,19,0,0,4,0,0,0,0,0,56,0,0,0,0,5,0,148,0,0,24,6,30,0,0,0,0,0,0,20,110,9,0,0,0,1,0,40,2089,0,44,29,0,0,95,0,12,0,0,0,1,0,0,0,0,0,90,91,0,1,0,0,75,0,5,0,0,17,0,0,0,23,0,0,0,189,0,6,16,0,0,2,0,0,37,0,0,0,0,67,1,0,0,0,0,0,0,0,0,0,0,0,0,0,1,0,0,0,0,59,0,0,0,0,0,3,0,0,0,0,0,0,0,1,1,0,0,0,0,0,0,0,0,1,0,0,29,0,0,0,0,0,0,1,0,0,0,145,0,0,6,0,0,0,0,1,0,0,0,0,0,103,0,0,1002,0,0,0,0,0,0,0,0,0,0,0,124,0,1,0,0,0,1,3,1,0,16,12,0,3,0,1,0,0,0,0,0,0,0,96,17,0,62,119,0,1,0,0,0,3,0,0,0,4,0,0,0,0,0,49,0,0,0,0,0,45,0,4,0,0,17,0
"229",0,0,0,0,0,0,0,0,0,0,0,0,0,0,364,0,0,0,0,0,0,0,0,0,0,0,0,0,231,13,0,0,0,84,0,0,3,26,0,0,0,0,0,0,1,39,0,0,0,0,0,0,0,0,0,0,0,0,0,0,0,0,0,0,0,0,225,0,0,0,0,0,0,0,0,0,0,0,0,10,0,0,44,0,0,0,2,564,1,0,0,0,270,0,0,37,0,0,0,0,0,0,0,0,0,0,0,6163,0,0,0,0,0,23,0,0,0,0,63,0,0,0,0,4,19,0,0,0,0,0,0,18,0,3,0,3,416,0,0,1,22,0,0,0,0,0,0,0,0,0,11,0,0,0,0,0,0,0,0,37,0,0,0,1,0,0,0,0,0,0,0,0,0,0,0,0,0,0,0,0,0,0,0,0,10,0,0,0,0,0,0,0,207,0,0,0,0,0,0,0,0,0,0,0,0,211,0,0,0,0,0,0,0,0,0,0,74,0,277,0,13,0,0,0,0,0,0,0,0,0,95,0,0,0,0,0,0,0,0,0,0,0,0,0,0,0,0,0,0,0,22,0,0,0,0,0,0,0,0,0,13,0,0,0,0,0,0,0,0,0,0,0,75,0,0,0,0,0,3,0,0,0,0,0,0,33,0,155,1,0,0,0,0,0,0,0,5,0,0,109,0
"230",0,0,0,0,0,0,0,0,0,0,0,0,0,0,18,28,19,0,0,0,0,200,0,6,0,16,0,0,10,1,0,0,0,64,0,0,0,0,0,0,0,0,0,0,0,0,0,0,0,1,0,1,0,0,0,0,0,2,0,26,0,0,0,22,0,0,0,7,0,0,23,0,1,0,0,0,0,0,4,4,0,2,0,0,10,3,0,0,0,192,110,1,0,0,0,0,0,0,86,1,0,71,13,0,0,0,0,763,0,121,0,0,1,67,0,0,9,73,0,0,0,0,0,1,1069,0,158,0,0,0,0,0,0,0,7,0,256,0,0,0,48,1,0,0,0,0,0,0,2,0,9,0,132,1,8,0,0,0,0,0,0,0,0,0,0,0,0,0,4,0,6,8,0,0,0,0,0,26,0,2,0,0,0,0,0,0,0,0,0,4,0,30,0,4,0,0,0,0,1,0,16,0,0,0,0,7,0,0,0,11,0,0,0,0,15,1,70,6,164,0,3,0,0,0,0,41,0,0,0,0,0,0,0,1481,0,0,1,0,0,75,0,0,0,0,91,34,0,0,0,0,0,1,5,0,27,262,16,0,5,187,0,0,0,10,0,0,0,0,0,0,0,0,206,1,3,0,1,1,7,1321,0,0,104,0,13,0,0,0,0,9,0,3,0,1,301,0,46,0,0,87,0
"231",0,0,0,0,0,0,0,0,0,0,0,0,0,0,24,0,0,0,0,0,0,266,0,0,1,0,0,0,3,38,2,0,0,378,0,0,0,0,0,0,2,0,0,0,0,0,0,2,0,0,0,0,0,0,389,0,0,0,0,0,0,0,0,46,0,0,20,0,0,0,0,1,0,0,0,60,0,0,0,164,0,0,0,0,0,1,0,0,0,0,0,0,18,0,0,0,0,0,0,0,0,7,0,0,0,0,0,0,0,0,0,0,0,1270,0,1,0,1,482,13,0,0,0,0,1390,0,0,0,0,0,0,15,0,0,0,0,2,0,0,0,1,0,0,0,0,0,9,0,0,0,42,0,0,0,0,0,0,0,0,123,0,3,0,0,0,0,0,0,0,0,9,0,0,0,0,0,0,350,0,1,0,0,0,0,6,0,0,0,0,0,0,466,1,0,0,0,0,2,0,0,0,0,0,8,0,1,0,12,2,0,0,0,0,0,37,1,45,0,643,0,0,0,0,0,0,0,0,0,0,0,0,0,0,116,0,0,4,0,0,8,0,0,117,0,1,0,0,0,0,0,0,2,0,7,0,2,1,0,98,0,0,0,0,4,1,0,0,0,15,1,0,0,106,3,0,0,0,0,4,2769,0,1,810,0,0,0,0,0,0,0,0,0,0,0,54,0,79,0,0,382,0
"232",0,0,0,0,0,0,8,0,0,0,8,0,0,0,2,0,1,0,0,5,41,0,0,0,0,2924,0,0,0,15,0,0,0,0,0,0,0,0,0,0,0,0,0,0,0,227,0,11,0,0,0,0,0,0,0,0,0,0,0,0,0,0,1,0,0,0,910,0,0,0,0,0,0,0,0,1,0,0,0,0,0,0,0,0,0,1,0,0,0,5,0,13,0,0,0,0,0,0,0,0,0,0,0,0,1,0,0,4104,0,0,0,0,0,88,0,0,0,0,101,0,0,0,0,12,22,10,0,0,9,0,2,132,0,0,0,0,0,0,2,0,0,0,0,0,0,0,0,0,0,0,0,0,0,0,1,0,0,1,0,0,0,0,0,0,0,0,1,0,0,21,3,0,2,0,0,0,0,0,0,4,0,0,0,0,11,0,0,0,0,0,0,69,0,0,0,0,0,0,0,0,0,0,0,32,0,122,0,0,0,0,0,0,5,22,3,0,0,0,0,0,0,0,0,0,0,0,0,1,0,0,60,0,0,539,0,0,0,0,0,0,0,0,0,0,0,0,0,0,0,0,0,0,0,0,0,22,3,0,0,12,0,0,0,2,0,0,0,0,0,5,6,0,15,1,0,0,0,0,0,201,0,0,73,0,0,0,0,0,0,3,0,0,0,0,9,0,0,0,3,96,0
"233",0,0,0,0,0,0,8,0,0,0,0,0,0,0,4,1,0,0,0,0,0,3,0,0,0,1754,0,0,0,0,0,0,1,6,0,19,1,1,1,0,0,0,0,17,0,12,0,1,0,0,0,0,0,0,2,0,0,0,0,34,0,27,1,1,13,40,0,0,0,35,4,0,0,2,0,0,0,0,0,26,0,1,0,0,1,1,0,0,0,3,1,1,0,0,0,0,0,0,4,0,0,0,1,0,0,0,66,167,2,0,0,0,0,10,0,0,0,0,8,0,0,0,0,1,4,0,2,0,0,0,1,45,0,0,0,0,1,0,0,1,1,0,0,0,0,0,1,0,1,0,1,0,1,4,0,0,0,0,0,4,0,0,0,0,0,0,0,0,0,0,0,0,0,0,0,0,0,5,59,1,0,0,0,0,1,0,0,0,32,0,0,1,1,0,0,0,0,0,0,0,0,0,0,0,0,1,0,0,1,1,0,0,2,0,2,0,70,2,1,13,0,1,0,0,0,0,0,0,45,0,9,0,0,35,0,0,0,0,0,0,0,1,0,0,0,0,1,0,0,0,55,0,1,0,1,1,1,0,1,0,1,9,0,1,0,1,0,0,0,6209,0,0,87,0,0,0,0,0,2,969,0,0,19,0,0,0,0,0,11,0,0,0,0,0,5,6,0,0,0,6,0
"234",0,0,0,0,0,2,1,32,0,0,0,0,0,632,0,0,0,0,0,0,0,0,0,0,4,4768,0,0,58,0,0,0,0,0,0,0,18,0,1,0,0,0,0,0,0,115,0,0,0,0,0,0,0,0,5,0,0,0,0,0,0,0,0,0,0,0,105,0,0,0,32,0,0,12,0,0,0,0,0,0,0,0,0,0,94,0,0,0,0,44,0,10,2,0,0,0,0,0,0,0,0,0,0,0,0,2,0,4,0,0,0,0,0,298,1,0,0,0,58,0,0,0,0,1,20,77,0,0,27,0,2,582,0,0,0,0,784,0,0,0,13,0,0,0,3,0,0,0,0,0,0,0,0,0,0,0,0,0,0,0,0,0,0,2,0,1,0,0,0,0,1,63,0,0,0,0,0,1,9,0,0,0,0,0,0,0,0,0,0,0,0,214,2,0,0,0,0,0,0,0,0,0,0,4,0,0,0,0,0,1,0,0,0,0,1,0,104,0,1,0,0,0,0,0,0,2,0,0,83,2,429,0,0,179,0,0,0,0,0,0,0,2,0,0,0,0,0,0,0,0,0,1,0,0,0,0,0,0,2,70,0,0,0,3,0,0,0,0,0,145,0,18,139,16,5,0,0,0,0,270,0,0,0,0,0,0,0,8,26,0,0,0,0,0,46,0,3,0,0,0,0
"235",0,0,0,0,0,0,0,57,0,0,0,0,0,1,54,0,0,0,0,0,162,35,2,0,0,5,0,0,9,0,404,0,0,120,0,0,2,192,0,0,3,0,0,83,0,0,0,0,0,0,0,0,0,0,389,0,0,0,0,25,0,28,1,0,0,0,91,0,0,0,72,0,0,12,0,0,0,0,0,30,0,0,0,0,3,39,36,0,0,33,0,18,5,0,0,4,0,0,42,0,15,0,0,0,0,0,0,1414,0,74,0,0,0,13,0,2,0,14,281,0,0,49,47,4,15,0,0,0,0,0,56,3,0,2,0,0,7,0,0,0,110,0,0,0,0,0,29,0,0,0,0,33,132,0,0,0,0,55,387,59,0,0,0,5,0,0,0,0,0,0,0,0,2,0,0,0,0,156,391,0,0,0,0,0,0,0,0,0,0,0,18,258,5,0,0,31,0,0,0,0,0,0,0,0,0,38,0,0,0,0,0,0,39,0,4,0,206,0,0,0,0,0,0,0,0,0,0,0,123,3,39,0,0,11,0,0,0,0,0,0,0,0,151,0,0,0,0,0,0,0,8,0,48,0,5,4,53,0,51,0,1,0,0,2,0,0,0,0,0,1436,0,0,341,0,0,0,0,5,1,1378,0,0,127,0,0,0,0,2,66,68,0,0,0,0,78,15,0,0,0,74,0
"236",0,0,0,0,0,0,0,0,0,0,0,0,0,0,7,2,6,0,0,5,0,19,0,0,0,2674,0,0,4,0,111,0,0,41,0,0,7,2,5,1,0,0,0,0,0,1299,0,0,0,0,1,0,0,0,0,0,0,0,0,0,0,0,0,0,0,0,28,0,0,74,12,0,0,0,0,0,0,0,0,24,0,0,360,0,0,0,1,0,0,19,0,1,9,0,0,0,0,1,26,0,0,20,0,0,0,0,0,1412,0,0,0,20,0,24,0,0,1,0,115,0,0,0,0,1,70,0,0,0,0,0,12,103,0,0,0,0,1,0,0,2,12,0,0,0,0,0,16,0,0,3,36,4,0,0,1,0,0,0,0,19,0,0,0,0,0,1,0,0,0,0,0,0,21,0,0,0,0,2,209,0,0,0,0,0,26,0,0,0,0,0,0,13,0,0,0,2,0,0,0,328,0,0,61,373,0,14,0,0,0,14,0,0,0,0,1,0,31,0,107,0,0,0,0,0,0,0,0,0,0,0,120,0,1,900,15,0,0,0,0,0,0,0,0,0,0,0,0,0,0,0,0,1,0,1,3,11,0,0,0,249,0,0,0,4,0,5,0,0,0,42,23,13,129,0,0,0,0,0,3,386,0,0,241,0,0,0,0,0,0,8,0,0,0,0,0,0,4,0,0,32,0
"237",0,7,0,0,0,0,0,15,0,0,0,0,0,0,22,0,0,0,0,0,44,200,0,1,0,1523,0,0,17,1,55,0,0,156,0,0,8,86,0,0,0,0,0,172,0,183,0,0,1,0,0,0,0,0,101,1,0,0,0,26,0,0,0,0,0,0,104,0,0,67,135,0,0,0,0,0,0,0,0,8,0,0,0,0,0,15,0,0,0,121,0,27,0,0,0,1,0,0,315,0,0,0,0,0,5,0,0,50,0,0,0,0,0,0,0,1,0,0,36,2,0,0,0,38,1015,37,44,0,0,0,0,5,0,0,0,0,166,0,0,0,4,0,0,0,0,0,21,1,0,1,4,0,0,14,0,0,0,0,14,71,1,0,0,0,0,0,0,0,0,0,2,0,0,0,0,0,0,350,38,0,0,0,0,0,3,0,0,1,0,0,1,179,0,0,0,0,0,3,1,0,0,0,0,0,0,23,1,0,1,0,1,0,9,4,5,1,64,0,75,2,0,29,0,0,0,0,100,0,55,0,156,0,0,853,0,0,0,0,2,0,0,0,0,0,2,2,0,0,0,0,0,1,11,0,0,0,2,0,7,0,1,0,0,5,0,0,0,0,0,294,0,4,244,0,1,0,0,0,0,1795,0,0,280,0,0,0,0,0,4,65,0,0,0,0,141,0,13,0,0,234,0
"238",0,0,0,0,0,0,0,0,0,0,0,0,0,0,15,0,0,0,0,0,0,18,0,3,0,234,0,0,55,0,8,0,0,0,0,0,0,4,0,0,0,0,0,0,0,0,0,0,0,0,0,0,0,0,0,0,0,0,0,0,0,0,0,0,0,0,0,0,0,0,0,0,0,0,0,0,0,0,0,54,0,0,14,0,0,0,0,0,0,1,0,1,0,0,0,0,0,0,33,0,0,0,0,0,0,0,0,6506,0,30,0,0,0,53,0,0,0,0,38,18,0,0,0,1,59,0,0,0,0,0,0,17,0,0,0,0,0,0,0,0,547,0,0,0,0,0,0,0,0,0,0,0,0,0,0,0,0,0,0,15,0,0,0,227,0,1,0,0,0,0,0,0,5,0,0,0,0,2,129,0,0,0,0,0,0,0,0,0,0,2,0,19,2,0,0,0,0,0,0,0,0,0,0,0,0,0,0,0,1,0,0,0,0,0,0,0,2,0,152,0,29,0,0,0,0,0,0,0,0,0,0,0,0,0,0,0,0,0,0,0,0,0,0,0,0,0,10,0,0,0,0,0,2,0,0,0,11,0,0,0,0,0,0,0,0,0,0,0,5,179,0,0,723,0,0,0,0,0,0,175,0,376,183,0,0,0,0,0,20,0,0,0,0,0,3,0,10,0,0,9,0
"239",110,0,0,0,0,0,0,0,0,0,0,0,0,0,187,0,0,0,0,0,0,0,0,0,0,7617,0,0,0,0,0,0,0,0,0,0,0,0,0,0,0,0,0,0,15,0,0,0,0,0,0,0,0,0,0,0,0,0,0,0,0,0,0,0,0,0,0,13,64,0,0,0,0,0,0,169,0,0,0,0,0,0,0,0,0,0,0,0,0,0,0,0,0,0,0,0,0,0,0,0,0,4,0,0,0,0,0,0,0,0,0,0,22,0,0,0,0,0,0,4,0,0,0,84,0,0,0,0,0,0,0,0,0,0,0,65,0,0,0,0,0,0,0,0,0,0,0,0,0,0,0,0,0,0,3,0,0,0,0,0,0,0,0,0,0,0,0,0,0,0,0,0,0,0,18,0,0,0,0,0,0,0,0,0,0,0,0,0,0,0,0,0,0,0,0,0,0,0,0,0,0,0,0,0,0,0,0,0,0,0,0,0,0,0,0,0,0,0,0,0,0,0,0,0,0,0,0,0,0,0,0,0,0,0,0,0,0,0,0,0,0,0,0,0,0,0,0,0,0,0,0,0,0,0,0,0,0,0,0,0,0,0,0,0,0,0,0,0,0,3,0,0,1622,0,0,0,0,0,0,0,0,0,0,0,0,0,0,0,0,0,0,0,0,0,0,0,0,0,0,0,0
"240",0,0,0,0,0,0,0,0,0,0,0,1,0,0,96,0,37,0,0,0,34,17,0,6,0,2,1,0,11,0,0,0,0,288,0,0,0,13,0,0,0,0,0,68,0,8,0,0,0,0,0,0,0,0,6,0,0,0,0,0,0,0,1,0,0,0,0,0,0,0,7,0,0,540,0,0,0,0,0,23,0,0,48,1,43,6,391,0,0,261,0,5,167,0,0,0,0,0,168,0,0,0,0,0,3,3,0,47,0,0,0,0,0,0,0,1,0,0,58,0,0,0,0,3,216,67,235,0,0,0,59,133,0,0,0,0,13,0,0,0,9,0,0,0,0,0,0,0,0,0,0,0,0,0,0,0,0,0,0,150,0,0,0,2,0,0,0,0,0,0,4,0,1,1,0,0,0,0,0,0,0,0,0,0,0,0,0,0,0,0,0,64,0,10,0,0,0,0,1,0,0,0,0,0,0,3,0,0,1,1,0,0,0,5,7,0,12,3,170,2,0,0,0,0,0,0,0,0,25,0,183,0,0,117,0,0,0,0,0,0,0,1,0,0,2,3,0,0,0,0,0,0,0,0,0,2,10,0,28,240,0,0,0,1,0,0,4,0,0,0,0,64,575,0,0,0,0,0,0,4765,0,0,263,0,0,0,0,0,0,30,0,0,0,0,82,0,14,5,0,56,0
"241",0,0,0,0,0,0,1,0,0,0,4,0,0,0,53,0,0,1,0,0,4,48,0,0,0,0,0,0,9,0,0,0,0,200,0,0,24,173,0,0,0,0,0,0,0,120,0,0,0,0,1,0,0,0,0,0,0,0,0,87,0,8,0,0,0,0,0,0,2,0,120,0,0,0,0,0,0,0,0,130,0,0,79,0,0,0,0,0,0,20,0,12,1,0,0,1,0,0,0,0,0,23,0,0,0,0,0,4902,0,0,0,0,0,364,0,0,0,0,109,0,0,0,0,1,205,152,0,0,9,0,0,15,0,1,0,1,0,0,0,0,0,1,0,0,0,0,6,0,0,5,5,0,0,8,0,0,0,0,0,52,0,0,0,0,0,0,0,0,0,0,4,0,1,0,0,0,0,305,7,0,0,0,0,0,15,0,0,0,0,5,0,175,2,0,0,0,0,0,0,0,0,0,0,8,1,49,0,0,0,1,0,0,1,0,7,0,0,0,86,0,64,0,0,0,0,0,0,0,142,0,91,0,0,47,0,0,2,0,0,33,0,0,0,0,42,0,0,0,0,0,0,0,0,0,46,0,0,0,0,0,0,0,0,10,1,0,0,0,0,0,0,0,681,0,1,0,0,0,0,2260,0,0,189,0,0,0,1,0,0,59,0,0,0,0,30,0,34,0,0,44,0
"242",1,1,0,0,0,0,0,52,0,0,0,0,1,0,36,0,0,0,0,0,64,0,0,7,0,3169,0,0,285,17,20,0,0,0,0,0,33,0,0,0,0,1,0,80,0,226,0,0,29,0,6,0,0,0,0,0,0,0,0,0,0,0,7,0,0,0,29,0,0,0,0,0,0,0,0,17,0,0,0,4,0,0,4,0,0,0,1,33,0,0,0,0,1,0,0,13,0,0,0,0,0,620,0,0,0,0,0,64,0,0,0,0,0,94,1,1,0,0,0,0,0,0,0,62,86,0,0,0,0,0,25,0,0,0,0,0,94,0,0,0,0,0,0,0,510,0,0,0,0,12,5,0,0,0,0,0,0,0,387,0,0,0,0,0,0,0,0,2,0,0,0,0,0,0,0,0,0,0,0,0,0,0,0,0,0,0,0,0,0,0,0,0,0,0,0,0,0,0,0,0,0,0,0,0,0,0,2,0,1,85,0,0,0,0,0,0,0,0,1,0,10,0,0,0,0,55,0,0,4,0,0,0,0,525,0,0,0,0,0,2,0,0,0,0,0,0,0,0,0,0,0,0,0,0,0,0,16,0,0,11,0,0,0,0,0,0,0,0,0,83,0,0,338,0,19,0,0,0,0,2169,0,0,299,0,0,12,0,1,0,0,0,0,0,0,0,0,24,0,0,5,0
"243",0,0,0,0,0,0,1,0,0,0,0,0,0,288,2,0,0,0,0,0,0,49,0,2,0,2656,0,0,15,0,138,0,0,31,0,0,6,0,0,0,0,0,0,0,0,0,0,0,0,0,0,0,0,0,0,0,1,0,0,129,0,0,0,0,0,1,0,0,0,0,16,0,0,0,0,0,0,0,0,219,0,8,0,0,0,0,104,0,2,67,838,39,0,0,0,0,0,0,0,0,0,0,0,0,0,0,0,812,0,32,0,0,0,0,0,0,0,0,8,0,4,0,0,0,77,0,0,0,0,0,0,0,0,1,0,0,0,0,0,0,0,0,0,0,0,0,0,0,0,3,0,0,0,0,0,0,0,0,0,36,0,0,0,358,0,0,0,0,0,0,37,1,0,0,0,0,0,0,161,0,0,0,0,0,0,0,0,0,0,0,27,79,0,0,0,0,0,0,1,0,0,0,0,0,0,10,0,0,0,0,0,0,0,0,3,0,73,0,0,0,0,0,0,0,0,0,0,0,0,0,91,0,0,667,0,0,0,0,0,0,0,0,0,0,0,278,0,0,0,0,0,0,0,0,0,9,0,0,0,0,29,0,0,0,0,0,0,0,0,58,0,0,47,0,0,0,0,0,6,2411,0,0,0,0,0,0,0,0,68,0,0,0,0,0,0,0,0,0,0,0,0
"244",0,0,0,0,0,0,5,0,0,0,0,0,0,0,15,0,0,0,0,0,0,6,0,30,0,4257,0,0,123,0,209,0,0,0,0,0,25,0,0,0,0,0,0,27,0,23,0,0,0,0,0,0,0,0,0,1,0,0,0,0,3,0,0,0,0,0,111,0,0,22,0,0,0,0,0,0,0,0,0,0,0,0,0,0,0,2,0,0,0,15,0,134,3,0,0,0,3,0,0,0,0,0,0,0,1,0,0,3955,0,0,0,0,0,1,0,0,0,0,83,0,0,0,0,1,54,0,0,0,0,0,0,0,0,13,0,0,7,0,0,0,0,0,0,0,0,0,0,0,0,0,0,0,0,0,0,0,0,0,0,1,0,0,0,0,0,0,0,0,0,40,0,0,0,0,0,0,0,1,28,0,0,0,0,0,0,0,1,0,0,0,0,28,0,0,0,0,0,1,0,0,0,0,0,0,0,0,0,0,1,82,0,0,0,0,0,0,0,0,0,0,0,0,0,0,0,0,0,0,0,0,0,0,0,14,0,0,0,0,0,0,0,0,0,0,7,12,0,0,0,0,0,0,0,0,0,4,0,0,0,0,0,0,0,0,2,0,0,0,0,94,0,0,300,0,0,0,1,0,0,1,0,0,177,0,0,0,0,0,0,0,0,0,0,0,1,0,9,0,0,70,0
"245",0,9,17,48,0,0,39,0,0,0,0,0,4,0,1,0,0,0,0,0,1,16,0,0,0,0,0,0,4,1,221,0,0,2,0,0,1,516,0,0,0,0,1,0,0,300,0,0,0,0,0,0,2,0,127,0,0,0,0,57,13,13,1,0,0,0,36,0,64,51,69,0,0,0,0,0,0,0,0,65,0,0,60,0,0,2,46,0,0,3,0,0,0,0,0,0,0,0,48,0,0,132,0,0,0,4,0,808,8,0,0,0,0,0,0,1,0,0,49,0,0,0,0,14,0,13,0,0,0,0,100,0,0,0,0,0,0,0,2,0,110,4,0,0,0,0,21,0,0,0,59,23,88,57,0,24,0,0,0,0,5,0,0,0,1,0,0,0,2,0,6,0,0,0,0,0,0,52,80,0,0,0,0,0,26,0,0,0,0,0,0,27,0,53,371,0,0,0,0,0,0,0,0,190,0,7,0,0,1,1,0,0,0,4,0,0,159,0,1,9,0,49,0,0,0,0,556,0,91,0,0,0,0,0,0,0,0,0,7,2,0,0,0,0,3,19,0,1,0,0,44,0,0,0,11,1,22,0,14,3,4,0,0,1,0,0,0,0,0,997,19,45,1763,0,0,2,1,0,0,916,1,0,261,0,0,0,1,0,0,57,0,0,0,0,0,0,13,0,0,0,0
"246",0,0,0,0,0,1,39,18,0,0,0,0,0,98,0,0,2,0,0,0,20,24,0,4,0,375,6,0,7,0,0,0,0,0,0,0,0,0,1,0,0,0,2,0,0,0,0,1,0,0,0,0,0,0,2,0,0,0,0,364,1,36,1,0,18,0,20,0,0,0,0,0,0,0,0,0,0,0,0,4,0,0,0,0,58,0,0,0,0,0,3601,6,79,0,0,6,0,0,0,0,0,0,0,0,1,0,2,4605,0,0,0,0,0,0,0,0,0,0,0,0,0,0,0,1,0,0,0,0,1,0,0,1,0,0,0,0,3,0,0,0,22,0,0,0,0,0,8,0,0,0,0,10,0,6,0,0,0,0,0,8,0,4,0,0,0,1,0,0,0,0,5,0,1,0,0,0,0,2,1,2,0,0,0,0,4,0,0,0,0,0,0,0,0,0,0,1,0,0,0,0,0,0,0,1,0,61,2,0,1,10,0,0,0,0,0,0,34,68,75,0,0,23,0,0,0,0,0,0,0,9,17,0,0,279,0,0,0,0,1,0,0,0,0,0,0,0,0,0,0,0,0,1,0,0,0,14,0,0,0,0,0,0,0,3,0,0,0,2,6,8,3,0,53,0,1,0,0,0,2,1062,0,0,0,0,0,0,0,1,0,1,0,17,0,0,82,0,3,0,0,0,0
"247",0,0,0,0,0,0,4,27,0,0,0,0,1,0,92,0,0,0,0,0,106,79,0,30,0,0,0,0,36,0,0,0,0,10,0,0,4,10,0,0,0,0,0,0,0,0,0,0,0,0,0,0,0,0,0,0,0,3,0,27,0,82,0,0,0,0,77,0,0,67,0,0,0,17,0,0,0,0,0,62,0,0,63,0,0,0,0,0,1,57,0,24,75,0,0,33,0,0,10,0,0,0,0,0,0,0,23,6099,0,459,0,0,0,0,0,0,0,8,1,0,0,0,0,0,73,0,0,0,0,0,0,0,0,7,0,0,21,0,0,0,0,0,0,0,0,0,0,0,0,14,18,0,0,0,0,0,0,0,97,0,0,0,0,3,0,0,0,0,0,0,0,1,0,0,0,0,0,0,144,0,0,0,0,0,0,0,0,0,0,0,0,0,4,31,0,8,0,0,0,0,0,0,0,0,0,75,0,0,1,6,0,0,121,0,6,0,61,0,2,6,1,0,0,0,0,0,0,0,55,11,24,1,0,1346,0,5,0,0,0,0,0,0,0,0,0,0,1,0,0,0,54,0,0,0,19,0,0,0,16,0,0,0,1,0,0,0,0,0,0,0,0,0,0,0,0,0,0,0,2,0,0,0,0,0,0,30,0,0,6,0,0,0,0,0,106,0,8,0,0,32,0
"248",0,0,0,0,0,0,0,0,0,0,0,0,0,0,0,0,0,0,0,0,0,0,0,20,0,3748,0,0,95,0,2,0,0,0,0,0,6,90,0,0,0,0,0,0,0,18,0,0,18,0,0,10,0,0,0,0,0,0,0,0,0,0,1,0,0,0,1,0,0,0,0,0,0,0,0,0,0,0,0,1,0,0,0,0,0,15,120,23,0,975,0,9,40,0,0,0,0,0,0,0,0,7,0,0,0,0,0,0,0,0,0,0,0,0,0,2,0,1,2,0,0,0,0,1,470,0,0,0,0,0,0,0,0,2,0,0,784,0,0,0,14,0,0,0,0,0,0,0,0,0,9,0,1,0,0,0,0,0,10,0,1,0,0,0,0,0,0,3,0,0,0,0,0,0,0,0,0,0,0,0,0,0,0,0,0,0,0,0,0,0,0,220,0,0,0,0,0,0,0,0,0,0,0,0,1,7,0,0,0,0,0,0,0,0,5,0,0,0,448,0,0,0,0,0,0,0,0,0,0,0,216,0,0,69,0,0,0,0,0,0,0,0,0,0,16,1,0,1,0,0,0,0,0,0,0,0,0,0,2,0,0,0,0,0,0,0,0,0,0,21,0,0,0,0,8,0,0,0,4,2260,0,0,150,0,0,0,0,0,0,77,0,0,0,0,26,0,0,0,0,73,0
"249",0,0,0,25,0,0,2,0,0,0,0,0,0,61,40,0,0,0,0,0,0,0,0,0,0,3,0,0,0,94,0,0,0,0,0,0,0,291,0,0,0,0,0,0,0,0,0,0,0,0,0,0,0,0,0,0,0,2,0,170,0,0,0,0,0,0,0,0,0,0,0,0,0,0,0,0,0,6,0,0,0,0,0,0,0,0,0,0,0,0,0,0,0,0,0,0,0,0,0,0,0,0,0,0,0,0,0,0,0,0,7,0,0,298,0,0,0,0,431,0,0,0,0,3,0,0,0,0,0,0,0,18,0,0,0,0,0,0,0,0,26,0,0,0,0,0,3,0,0,0,0,0,0,9,0,0,0,0,0,0,0,0,0,2,0,0,0,0,0,0,0,53,0,0,0,0,0,0,0,0,0,0,0,0,4,0,0,0,0,0,0,466,2,0,0,0,0,0,0,7,0,0,0,0,0,0,0,0,1,8,131,0,0,0,0,0,0,0,1184,0,0,0,0,0,0,0,0,0,0,0,0,0,0,0,0,0,0,0,0,0,0,0,0,0,0,0,1,0,0,0,0,0,0,0,0,0,0,0,0,0,4,0,0,4,1,0,0,0,0,166,0,0,167,0,30,0,0,0,0,6129,0,0,0,0,0,0,0,42,0,0,0,0,0,0,0,0,109,0,0,0,0
"250",0,0,0,0,0,1,1,13,132,0,0,0,0,522,3,0,0,1,0,0,4,14,0,0,1,1831,0,0,1,0,0,0,0,26,0,0,0,8,0,0,0,0,0,0,0,370,0,0,0,0,0,0,0,0,0,0,0,1,0,204,0,0,0,0,0,0,10,2,0,0,0,0,0,138,0,0,0,0,0,278,0,0,0,0,189,1,0,0,0,11,0,0,0,0,0,0,0,0,36,0,0,1,0,0,11,0,0,188,0,14,0,0,0,406,0,0,1,0,1,0,5,0,33,1,104,11,0,0,1,0,1,701,0,0,0,0,0,0,0,0,4,0,0,0,0,0,8,1,0,0,5,0,0,20,1,0,0,0,16,45,0,0,0,0,0,0,0,0,0,0,5,0,0,0,1,0,0,0,49,0,0,0,0,0,3,0,0,0,0,0,1,29,0,0,0,0,0,0,0,0,7,0,0,0,0,0,0,0,0,0,0,0,4,0,1,0,357,0,0,4,0,0,0,0,0,0,0,0,0,0,166,0,0,61,0,0,1,0,0,0,0,0,0,0,0,0,0,16,0,0,0,0,0,0,0,0,1,0,4,12,3,0,0,1,0,0,0,0,2,0,0,20,5,0,0,0,1,1,0,2441,0,0,20,0,0,0,0,0,70,11,0,0,0,0,0,0,4,15,0,0,0
"251",0,0,0,0,0,0,1,0,0,0,0,0,0,468,30,0,0,1,0,0,59,6,0,1,0,1070,2,0,10,0,0,0,0,29,0,0,0,0,0,0,0,0,0,0,0,4,0,0,0,0,0,0,0,0,0,0,0,0,0,18,0,25,0,0,0,0,60,0,0,0,0,3,0,110,0,187,0,0,0,0,0,0,0,0,643,0,0,0,0,8,203,31,0,0,0,0,0,0,32,0,0,111,0,0,1,0,80,660,0,13,0,0,0,33,0,0,0,0,109,0,0,0,0,1,0,0,0,0,0,0,0,749,0,0,0,0,9,0,0,0,0,0,0,0,0,0,1,2,0,0,5,2,0,29,0,0,0,0,0,85,0,0,0,2,0,0,0,0,0,0,0,0,7,0,0,0,0,0,0,2,0,0,0,0,0,0,24,0,0,0,0,0,1,0,0,0,6,0,0,0,0,0,0,32,0,38,0,0,0,1,0,0,6,0,4,0,61,0,2,0,0,1,0,0,0,14,0,0,20,0,299,0,0,1250,0,0,0,0,0,0,1,0,125,0,0,0,0,0,0,0,0,6,0,0,0,0,68,0,0,0,0,0,0,0,1,0,0,0,0,0,0,8,844,1,1,0,0,0,0,1493,0,0,0,0,0,0,0,0,0,0,0,0,0,0,0,0,3,0,0,0,17
"252",0,0,0,0,0,0,0,0,0,0,0,0,0,0,36,0,0,0,0,0,1,3,0,0,0,880,0,0,80,59,219,0,0,312,0,0,0,0,0,0,2,0,0,8,0,1,0,0,0,0,0,0,0,2,2,0,0,0,5,1,0,0,0,0,0,0,12,0,0,0,0,0,0,0,0,0,0,0,0,8,0,0,378,0,0,0,0,0,0,20,0,0,0,0,0,39,0,0,0,0,0,4,0,0,0,0,0,699,0,30,0,0,0,17,0,0,0,0,176,0,0,0,29,1,33,0,1519,0,0,0,9,62,0,0,0,0,47,0,0,0,20,0,0,0,0,0,3,1,0,0,0,0,0,0,1,0,0,0,0,85,0,0,0,2,0,0,0,0,0,0,6,0,0,0,0,0,0,33,90,0,0,0,0,0,1,0,0,0,0,0,0,0,32,0,0,0,0,0,0,0,0,0,0,0,0,4,2,0,0,0,0,0,0,0,0,0,52,3,0,0,0,0,0,0,0,0,10,0,23,0,0,0,0,1033,0,0,0,14,0,41,0,0,0,0,0,1,0,0,0,0,0,0,0,0,0,2,0,0,0,0,0,0,0,4,0,0,0,0,20,73,0,8,83,0,0,0,0,0,0,2918,0,0,0,0,0,0,0,0,0,0,0,0,0,0,30,0,18,0,0,16,0
"253",2,0,0,0,0,0,0,0,0,0,0,0,0,443,57,0,0,0,0,0,33,1,0,0,0,3692,0,0,16,0,0,0,4,54,0,33,0,60,0,0,0,0,0,36,0,0,0,0,1,0,0,0,0,0,3,0,0,0,15,0,0,0,4,0,74,0,0,0,0,102,0,0,0,23,0,0,0,0,0,22,0,0,0,0,14,88,0,1,0,86,0,5,0,0,0,0,0,0,44,0,0,36,0,0,4,0,178,0,0,32,0,2,0,0,0,0,0,2,342,0,0,0,3,1,29,0,0,0,0,0,0,11,0,0,0,0,17,0,0,0,0,0,0,0,0,0,0,0,0,0,3,0,0,0,0,0,0,0,0,7,0,0,0,0,0,0,0,0,0,0,0,0,0,0,0,0,0,0,386,0,0,0,0,0,0,0,0,0,0,0,0,0,1,0,0,0,0,0,0,0,42,0,0,0,1,3,0,0,0,6,0,0,0,0,0,0,41,0,0,8,15,0,0,0,0,0,0,0,0,0,38,0,0,146,0,0,0,0,0,17,0,0,0,0,0,0,0,0,0,0,14,0,0,0,0,1,4,0,0,0,0,9,0,5,0,0,0,0,67,1765,0,8,0,0,0,0,0,0,2,963,0,0,10,0,0,0,0,0,141,0,0,0,0,0,0,0,0,110,0,101,0
"254",0,0,1,0,0,0,0,0,0,0,0,0,2,0,8,0,0,0,0,0,0,20,0,12,0,1341,0,0,28,12,93,0,0,120,0,0,228,0,0,0,0,0,0,0,0,0,0,0,0,0,0,0,0,5,0,2,0,8,0,0,0,0,0,0,0,0,0,0,0,82,30,1,0,0,0,0,0,0,0,26,0,0,110,0,0,5,278,0,0,0,0,0,8,0,0,41,0,0,0,0,0,5,0,0,1,0,0,183,0,0,0,0,1,0,0,6,0,1,0,0,0,0,0,1,966,0,0,0,0,0,0,132,0,2,0,0,6,0,0,0,2,0,0,0,0,4,9,0,0,0,0,0,0,0,0,0,0,1,0,0,0,0,0,0,0,0,0,0,0,0,12,0,1,0,0,0,0,0,0,0,0,0,0,0,74,0,0,0,0,0,0,0,1,1,0,0,0,0,0,0,0,0,0,74,0,3,17,0,0,43,6,0,0,13,20,0,0,53,152,0,0,0,0,0,0,0,0,0,645,0,0,0,0,558,0,0,0,0,1,7,0,0,0,0,8,0,0,0,0,0,0,0,21,0,2,73,4,0,0,0,0,0,0,26,2,0,0,0,3,10,0,0,321,0,0,0,0,0,4,3523,0,39,405,0,0,0,0,0,0,40,0,0,0,0,169,0,32,0,0,0,0
"255",0,0,0,0,0,0,1,14,0,0,0,0,0,183,32,0,0,0,0,0,119,0,0,79,0,1974,0,0,59,28,0,0,0,0,0,0,14,59,1,0,0,0,0,57,0,172,0,0,0,0,4,0,0,0,14,0,0,0,0,0,1,33,1,0,0,0,21,0,0,2,1,1,0,2,0,0,0,0,0,4,0,1,3,0,178,4,0,0,0,84,0,24,0,0,0,0,0,0,4,0,0,0,0,0,0,0,2,183,0,0,0,40,0,173,0,0,0,0,20,0,0,0,0,1,133,0,0,224,0,0,8,496,2,0,0,0,317,0,0,0,0,0,0,0,0,0,6,2,0,7,1,2,0,0,48,0,0,0,0,2,0,0,0,0,0,0,2,2,0,8,1,0,0,0,0,0,0,0,0,5,0,0,0,0,1,0,0,0,0,0,0,101,19,2,0,0,0,4,0,0,0,0,0,0,446,10,0,0,0,18,0,0,0,1,0,0,2,3,0,0,0,2,0,0,0,0,1,0,0,0,70,0,0,525,0,0,1,0,0,105,0,0,1,4,0,0,0,0,0,0,1,0,3,0,20,13,0,0,1,0,1,15,0,2,0,0,0,0,2,0,0,0,167,0,1,0,0,1,1,2799,0,0,0,0,0,0,0,0,0,24,0,0,0,0,11,4,27,0,0,81,2
"256",0,0,2,0,0,0,1,0,0,0,0,2,0,0,16,0,4,0,0,5,0,0,0,0,0,1201,0,0,15,2,0,0,44,5,0,0,4,0,0,0,0,0,0,0,0,1,0,6,0,0,0,0,0,0,0,5,0,0,0,26,0,0,0,223,0,0,0,0,0,0,0,0,0,0,761,0,0,0,0,41,0,0,87,0,0,1,0,0,0,0,0,34,1,0,0,0,0,0,38,0,0,0,0,0,0,0,275,1444,0,0,0,0,0,0,0,0,0,6,20,0,0,0,0,1,74,0,0,0,0,0,0,0,0,1,0,0,9,7,0,0,0,0,0,0,0,0,26,0,0,0,0,0,7,0,0,0,0,0,0,0,0,0,0,192,0,0,0,0,0,0,0,11,1,0,0,0,0,0,10,1,0,0,0,0,8,0,0,0,0,0,0,0,0,0,0,0,0,0,0,0,0,0,0,0,0,3,7,34,0,1,0,0,0,0,7,0,0,28,1,0,278,0,0,0,0,0,0,0,0,0,205,1,0,205,0,0,0,0,1,209,0,0,0,0,2,0,0,0,0,0,0,0,0,0,0,1,0,0,0,39,13,0,0,8,0,0,0,41,96,8,9,0,78,198,3,0,0,0,0,3279,1,0,71,0,0,0,0,42,0,0,0,0,0,0,0,0,18,0,0,0,0
"257",0,1,0,0,0,0,1,0,0,0,0,0,0,0,27,0,0,0,0,0,0,0,0,0,0,3692,0,0,51,92,0,0,0,0,0,0,6,0,1,0,0,0,0,10,0,0,0,0,0,0,0,0,0,0,0,0,0,0,0,0,0,0,0,0,0,0,82,0,0,14,0,0,0,2,0,0,0,0,0,4,0,8,31,0,0,0,0,0,0,0,871,111,3,0,0,0,0,0,0,0,0,0,0,0,0,0,0,0,0,1,0,0,1,22,0,0,0,0,48,0,0,0,0,1,0,0,0,0,0,0,0,2,0,0,0,0,323,0,0,0,11,0,0,0,0,0,0,0,0,31,1,0,3,0,0,0,0,0,0,0,0,0,0,0,0,0,0,0,0,28,0,0,1,0,0,0,0,29,0,0,0,0,0,0,0,0,0,0,0,0,0,0,1,0,0,0,0,0,0,0,0,0,0,20,0,26,0,0,1,3,0,0,0,0,2,0,0,0,10,0,0,0,0,0,1,0,0,0,0,0,24,1,0,738,0,0,0,0,0,0,0,0,0,0,1,167,0,0,0,0,1,0,0,0,33,0,0,0,0,0,0,0,0,2,0,0,14,0,0,3044,0,0,0,0,0,0,0,0,0,0,0,0,0,0,0,0,0,230,0,0,0,0,0,0,47,0,1,0,0,11,0
"258",0,0,0,0,0,0,1,0,0,0,0,0,0,0,7,0,0,0,0,0,0,112,1,0,0,6028,0,0,25,0,0,0,0,103,0,0,24,24,0,0,1,0,0,0,0,99,0,0,0,0,0,0,0,0,0,0,0,0,0,1,0,7,1,0,0,0,26,0,0,0,0,0,0,0,0,0,0,0,0,0,0,0,0,0,0,0,0,0,0,0,0,6,0,0,0,0,0,0,32,0,0,3,0,0,0,0,0,263,0,32,0,0,0,0,0,0,0,0,28,0,0,0,44,0,710,0,0,0,0,0,0,2,0,4,0,1,384,0,0,0,0,0,0,0,0,0,0,0,0,0,1,0,32,0,0,0,0,0,0,1,0,0,0,0,0,0,0,5,0,0,0,0,1,1,0,0,0,0,109,0,0,0,0,0,0,2,0,0,0,0,0,40,1,0,0,2,0,0,0,0,0,0,0,0,0,27,0,0,0,0,0,0,22,0,0,1,68,0,0,4,18,0,0,0,0,0,0,0,0,0,0,0,0,65,0,0,0,0,0,0,0,0,0,0,0,0,15,2,0,0,1,0,0,0,0,0,0,0,0,0,2,0,0,4,0,0,0,0,0,77,0,0,172,0,0,0,0,1,9,1102,0,0,11,0,0,0,0,1,37,0,0,0,0,14,0,0,0,0,0,195,0
"259",0,0,0,0,0,0,8,12,0,0,0,0,0,0,6,0,0,1,0,0,96,16,0,2,0,452,0,0,25,0,44,0,0,77,0,0,19,75,0,0,1,0,0,82,0,764,0,1,0,0,0,0,0,0,0,0,0,0,0,4,0,95,1,4,0,37,21,0,0,0,50,0,0,0,0,0,0,0,0,133,7,0,0,0,454,0,43,0,0,95,0,1,0,0,0,0,0,0,249,0,0,0,0,0,0,0,0,5,0,0,0,0,0,1,0,0,0,0,38,0,0,0,0,0,285,0,0,0,5,0,0,1030,0,1,0,0,1,0,0,0,1,0,1,0,0,0,1,0,0,1,12,10,0,0,1,0,0,0,166,48,0,0,0,1091,0,0,0,1,0,0,2,8,0,0,0,0,0,43,4,1,0,0,2,0,5,0,0,0,31,0,0,33,1,3,0,0,0,0,0,0,0,0,0,0,322,3,0,0,1,8,0,0,106,0,7,0,53,13,0,54,8,13,0,0,0,0,0,0,5,0,84,0,0,323,0,0,1,3,0,3,0,0,0,1,0,13,0,1,0,0,698,2,2,0,2,1,10,0,1,33,2,0,0,1,0,0,0,0,0,0,0,23,193,0,1,0,1,0,8,1980,0,0,95,9,0,0,0,1,0,25,0,0,0,0,86,0,1,0,0,111,0
"260",0,0,0,0,0,0,1,0,0,0,0,0,0,0,369,0,0,0,0,0,0,20,0,0,0,5,0,0,254,0,201,0,0,36,0,0,1,127,0,0,0,0,0,0,0,0,0,0,0,0,0,0,0,0,0,0,0,0,0,0,0,0,0,0,0,0,0,0,145,0,0,0,0,0,0,0,0,0,0,0,0,4,0,0,0,2,0,0,0,192,838,47,106,0,0,0,0,0,0,0,0,0,0,0,0,0,0,1514,0,0,0,0,0,0,0,0,0,1,36,0,0,0,0,1,43,0,55,0,0,0,0,0,0,1,0,2,619,0,0,0,4,0,0,0,0,0,0,0,0,0,0,0,43,0,0,0,0,0,0,0,0,0,0,0,0,0,0,0,0,22,0,0,24,0,0,0,0,0,24,0,0,0,0,0,0,0,7,0,0,0,0,92,0,0,0,0,0,0,1,0,0,0,0,0,1763,0,0,0,0,59,0,0,0,0,0,0,0,0,149,0,0,0,0,0,0,0,0,0,0,0,0,0,0,0,0,0,0,0,0,0,0,0,151,0,0,0,0,0,0,0,0,0,0,0,0,0,0,0,0,0,0,0,0,0,0,0,0,0,0,0,0,0,94,0,1,0,0,0,0,1313,0,0,0,0,0,0,1,0,109,0,0,0,0,0,237,0,44,0,0,71,0
"261",0,0,0,0,0,0,0,0,0,0,0,0,0,0,956,0,0,0,0,0,0,3,0,63,0,3389,0,0,37,0,0,0,0,0,0,0,363,0,0,0,0,0,0,0,0,0,0,0,13,0,0,0,0,0,0,0,0,0,0,0,0,0,0,1,0,0,3,1,0,0,0,0,0,0,0,0,0,0,0,0,0,1,0,0,0,11,679,0,0,0,0,11,0,0,0,0,0,0,6,0,0,171,0,0,0,0,0,187,0,1,0,0,0,0,0,0,0,0,0,8,0,0,0,1,0,0,0,0,0,0,0,0,0,0,0,0,1257,0,0,0,28,0,0,0,0,0,1,0,0,1,0,0,0,0,1,0,0,0,0,0,0,0,0,0,0,1,0,0,0,0,1,0,1,1,0,0,0,0,0,1,0,0,0,0,0,0,0,0,0,0,0,0,2,0,0,0,0,0,0,0,0,0,0,0,0,10,1,0,0,13,0,0,0,0,0,0,0,0,0,0,0,0,0,0,0,0,0,0,0,3,0,0,0,1547,0,0,0,19,0,1,0,0,0,0,0,0,0,0,0,0,0,0,0,0,8,16,5,0,0,0,0,0,0,1,0,0,0,0,2,83,0,0,684,0,0,0,0,0,0,6,0,0,104,0,0,14,0,3,2,0,0,0,0,0,218,0,73,0,0,0,0
"262",0,0,0,0,0,0,0,0,0,1,0,0,0,0,34,2,0,0,0,0,0,0,0,0,0,1560,0,0,3,0,178,0,0,0,0,0,110,0,0,0,0,0,0,0,0,1,0,1,0,0,0,0,0,0,1,0,0,0,0,1,0,0,0,0,0,0,157,0,0,0,8,0,0,0,0,0,0,0,0,0,0,0,51,0,0,21,30,0,0,28,0,3,0,0,0,0,0,0,42,0,0,0,0,0,0,0,0,4654,0,0,0,0,0,28,2,0,0,0,16,0,0,0,0,1,125,0,0,0,0,0,1,2,0,0,0,0,0,0,0,0,36,0,0,0,0,0,12,1,0,0,4,9,0,6,0,0,0,0,0,2,0,0,0,0,0,0,0,0,0,0,0,0,1,0,0,0,0,0,20,1,0,0,0,0,6,0,0,0,0,1,8,11,9,0,0,0,0,1,0,0,0,0,0,1,0,4,4,0,3,16,2,23,0,0,0,0,0,0,230,0,1,13,0,0,0,0,0,0,40,0,27,0,0,1651,0,0,2,0,0,0,0,0,0,0,2,36,0,0,0,2,0,1,0,0,4,3,12,0,1,0,1,0,0,2,0,0,0,0,0,45,0,10,330,0,0,0,0,1,0,963,0,0,47,0,0,0,0,0,12,0,0,0,0,0,133,0,0,0,0,14,0
"263",0,0,0,0,0,0,0,34,0,0,0,0,0,0,0,0,0,0,0,0,0,20,0,0,0,3169,0,22,15,0,898,504,0,120,0,0,0,0,0,0,0,0,0,0,0,230,0,0,0,0,0,0,0,0,0,0,0,0,0,413,0,18,0,0,3,0,22,0,0,4,50,0,0,23,0,0,0,0,0,0,0,0,0,0,0,8,4,0,0,50,18,0,0,0,0,0,0,0,168,0,0,0,0,0,0,0,15,0,0,0,0,0,0,298,0,0,0,0,51,1,0,0,6,2,109,77,0,0,0,0,0,0,0,0,0,0,9,0,0,0,12,0,0,0,0,0,0,0,0,0,0,0,0,55,0,0,0,0,0,0,0,0,0,0,0,0,0,0,0,6,0,0,44,0,0,0,0,7,0,0,0,0,0,0,0,0,0,0,0,0,0,425,0,0,0,0,6,0,0,0,0,0,0,0,0,7,0,0,0,0,0,0,0,0,0,0,107,0,0,24,0,0,0,0,0,7,0,0,0,0,0,0,0,0,0,0,0,0,0,0,0,0,0,0,0,0,0,0,0,0,208,0,0,0,0,8,14,0,0,0,0,0,0,35,0,0,25,106,0,29,0,0,185,0,0,0,1,0,0,2015,0,7,263,0,0,0,0,4,0,0,0,0,0,0,13,0,0,0,6,111,0
"264",0,0,0,16,0,0,421,0,253,0,0,0,0,0,3,0,0,0,0,0,0,12,0,43,0,6066,0,0,10,35,0,0,0,0,0,0,0,0,0,0,2,23,0,0,0,0,0,0,0,0,0,0,3,0,0,0,0,0,0,0,0,0,0,0,0,0,0,1,0,0,0,0,0,0,0,0,1,0,0,0,0,0,0,1,0,0,27,0,0,0,0,0,169,74,0,0,0,0,0,0,0,0,0,0,18,0,0,0,0,0,0,0,0,0,0,0,0,0,0,0,0,0,0,0,0,166,0,0,0,0,0,0,0,0,0,0,0,6,0,0,89,0,0,0,0,0,0,0,0,0,0,0,0,41,0,1,0,2,0,407,3,0,0,0,0,0,0,1,3,0,0,0,0,0,0,1,0,305,0,0,0,0,0,0,0,0,0,0,0,0,140,3,0,0,0,0,0,0,0,0,0,0,0,0,0,14,0,3,7,0,9,117,0,0,0,1,0,63,354,0,0,254,0,0,0,0,0,0,0,0,0,0,0,0,0,0,0,0,3,0,0,0,151,0,0,0,0,0,0,0,0,0,0,0,0,0,2,0,0,3,0,0,0,2,193,0,1,0,0,0,0,0,348,0,0,5,0,0,0,0,0,0,110,0,0,0,11,0,0,1,0,0,0,0,0,0,0,0,0,0,0
"265",0,0,0,0,0,0,0,0,0,0,0,0,6,1,46,0,0,0,0,0,55,32,0,1,0,797,0,0,15,125,0,0,1,55,0,0,109,0,0,0,1,0,0,0,0,176,0,0,0,0,0,0,0,0,0,0,0,1,0,0,0,0,0,0,0,0,21,13,0,0,0,0,0,18,0,0,0,0,0,0,0,0,0,0,0,6,278,6,0,19,0,0,6,0,0,0,0,0,32,0,0,36,0,0,0,0,265,0,0,0,0,0,0,110,0,0,0,0,531,2,0,0,0,29,1137,0,0,0,0,0,0,38,0,0,0,1,1,0,0,0,11,0,0,0,0,0,15,1,0,0,0,0,0,0,1,5,0,0,0,0,0,0,0,0,0,0,0,86,0,0,0,0,1933,0,0,0,0,0,0,0,0,0,0,0,0,0,0,0,0,0,0,626,1,0,25,0,0,0,0,0,0,0,0,0,0,43,0,0,0,0,8,0,0,0,0,0,28,0,662,0,0,0,0,0,0,0,0,0,71,0,0,0,0,0,0,0,0,0,0,2,0,0,0,0,0,0,0,2,0,0,0,0,48,1,0,13,10,0,0,0,1,0,0,2,0,0,0,0,0,9,0,0,300,0,0,0,0,0,4,672,0,0,845,0,0,0,0,134,0,0,0,0,0,0,0,0,1,0,0,247,0
"266",0,0,0,0,0,0,2,88,0,1,1,1,1,0,14,0,0,0,0,0,8,0,0,3,1,457,0,0,1,0,20,0,36,54,0,0,4,140,0,0,0,0,0,95,0,84,0,0,0,0,0,0,0,0,8,5,0,1,0,0,0,0,1,0,0,5,14,0,0,0,95,0,0,17,0,0,0,0,0,22,0,0,255,0,20,1,1,0,0,55,0,5,1,1,0,0,0,0,81,0,0,0,0,0,18,1,69,2253,0,0,0,234,0,88,0,0,0,4,77,0,0,0,0,1,20,208,0,0,0,0,1,143,0,1,0,0,2,2,0,3,7,1,0,0,0,0,49,0,0,0,16,8,0,0,0,0,5,0,0,7,0,0,0,541,0,0,0,3,0,0,0,0,0,0,0,0,0,84,0,3,0,0,0,0,31,0,0,0,166,0,0,54,1,0,1,0,0,0,0,0,0,0,0,0,0,12,0,0,0,1,0,0,0,1,21,4,25,48,3,0,96,116,0,0,0,0,10,0,70,0,166,0,4,84,0,0,0,1,0,0,0,0,0,0,0,0,0,1,0,0,11,3,13,0,63,5,0,4,25,178,1,0,0,0,0,1,0,0,0,0,6,6,10,0,3,0,0,0,7,2407,1,0,220,0,0,0,0,1,28,0,0,0,0,0,45,0,4,0,0,177,0
"267",0,0,0,0,0,0,9,0,0,0,0,0,0,0,63,0,0,0,0,0,0,29,0,0,0,2230,0,0,5,0,0,0,0,0,0,0,2,0,0,0,0,0,0,51,0,0,0,0,0,0,0,0,0,0,33,0,0,0,0,0,0,0,0,0,0,0,24,0,0,0,0,0,0,0,0,0,0,0,0,0,0,0,0,0,0,14,148,0,0,4,0,61,0,0,0,0,3,0,0,0,0,12,0,0,0,0,0,284,0,0,0,0,0,32,0,1,0,0,22,0,0,0,0,30,87,0,0,0,0,0,0,0,0,2,0,0,0,0,0,0,0,0,0,0,0,0,0,0,0,0,0,0,0,0,3,0,0,0,0,25,0,0,0,0,0,0,0,0,0,0,0,0,0,0,0,0,0,0,85,0,0,0,0,0,0,0,0,0,0,0,0,0,0,0,0,0,0,0,0,0,0,0,0,8,1,0,0,0,3,1,0,0,0,0,0,0,119,0,172,0,0,0,0,0,0,0,0,0,119,0,0,0,0,340,0,0,0,0,2,0,0,0,0,0,4,1,0,0,0,0,0,0,0,0,0,90,20,0,0,0,0,0,0,5,0,0,0,0,0,4641,0,0,220,0,0,0,0,0,0,15,0,0,68,0,0,0,0,0,0,24,0,0,0,0,51,0,13,0,0,8,0
"268",0,0,0,0,6,0,1,88,0,1,0,0,1,179,3,0,2,0,0,0,48,9,0,0,0,1916,0,0,7,0,128,0,0,34,0,136,132,6,0,0,0,0,0,133,0,18,0,0,0,0,0,3,0,0,0,0,0,0,0,4,0,0,1,1,0,40,0,0,0,0,38,0,0,0,2,0,0,0,0,0,0,0,2,0,0,1,0,0,0,30,0,0,0,0,0,0,0,0,21,5,4,7,0,0,0,0,374,0,0,1,0,0,0,0,0,0,6,3,0,0,0,17,0,1,122,0,0,0,0,42,59,34,0,0,0,0,0,0,0,0,0,1,0,1,0,0,0,0,0,1,0,114,0,0,0,0,0,2,0,0,1,0,0,1922,0,0,0,0,0,0,1,0,4,0,0,9,0,54,0,0,0,0,0,0,0,0,0,0,0,0,0,48,1,0,0,0,0,0,0,0,0,0,0,0,0,3,0,0,1,8,0,0,24,0,18,0,28,156,0,0,27,0,0,0,0,0,122,0,16,0,135,0,1,912,0,1,0,0,0,0,0,0,0,0,0,0,143,0,0,0,181,0,13,0,0,4,1,4,0,43,0,0,0,5,5,0,0,0,0,108,6,0,38,0,8,0,3,0,8,19,0,0,4,0,0,0,0,0,5,52,0,0,0,6,113,0,2,0,0,76,0
"269",0,0,0,0,0,0,1,16,0,0,0,1,0,103,1,42,0,0,0,0,19,0,0,3,0,3975,0,0,0,0,1,0,0,0,0,0,12,0,0,0,1,0,0,36,0,0,0,1,0,0,0,0,0,0,0,0,0,1,0,10,0,0,0,6,0,0,0,0,2,0,11,0,0,8,1,0,0,0,0,1,0,7,51,0,6,0,166,0,0,26,0,0,3,0,0,0,0,0,6,0,0,0,0,1,0,24,0,245,0,0,0,0,0,2,1,0,0,3,48,0,0,0,0,0,149,0,3,0,0,0,2,182,0,1,4,9,18,0,0,3,1999,0,0,3,0,0,1,1,1,0,15,0,0,24,1,0,0,0,0,7,0,0,0,235,0,1,0,0,0,4,0,0,0,0,0,0,0,1,0,1,0,0,0,0,14,0,24,0,20,0,0,7,1,0,182,0,0,0,0,0,0,0,0,0,0,39,0,0,0,0,0,0,0,0,0,0,21,2,0,0,18,4,0,0,0,0,0,0,0,0,97,2,0,284,0,2,1,0,0,0,0,0,0,0,0,0,0,1,3,0,0,2,1,0,2,10,64,0,1,0,1,2,0,0,4,0,0,2,0,0,0,0,314,0,0,0,13,0,1,1763,1,0,0,0,0,33,0,1,25,0,0,0,0,0,11,6,28,0,0,0,0
"270",0,1,0,0,0,0,0,0,0,0,0,0,0,0,14,0,0,0,0,0,0,0,0,3,0,3422,0,0,58,21,0,0,0,109,0,0,40,0,0,1,0,0,0,0,0,0,0,0,0,0,0,0,0,0,0,0,0,0,0,0,0,0,0,0,0,0,13,0,0,0,0,1,1,2,0,212,0,0,0,0,0,0,0,0,0,0,0,3,0,135,0,0,128,0,0,3,0,0,0,0,0,36,0,0,0,0,0,635,0,0,0,0,0,13,0,0,0,0,0,3,0,0,6,1,1390,0,0,0,0,0,0,0,0,0,0,0,3,0,0,0,1,0,0,0,0,0,0,0,0,0,15,0,0,0,1,0,0,0,0,41,0,0,0,0,0,0,0,6,0,0,0,0,0,0,0,0,0,0,0,0,0,0,0,0,0,0,0,0,0,0,0,0,18,0,0,0,0,0,0,0,2,0,0,0,0,18,1,0,0,8,0,0,0,0,0,0,0,0,8,0,0,0,0,0,0,0,0,8,0,0,23,0,0,179,0,0,0,0,0,0,0,0,0,0,0,0,0,0,0,0,0,0,0,2,0,0,1,0,0,0,0,0,0,0,0,0,0,0,0,351,0,0,122,0,0,0,0,0,0,1580,0,0,196,0,1078,1,0,5,0,0,0,0,0,0,66,0,18,0,0,0,0
"271",0,0,0,0,0,0,1,19,0,0,0,0,2,0,1,0,9,1,0,0,26,12,0,178,0,3,0,0,63,10,0,0,0,0,0,0,3,486,1,4,1,0,0,32,0,77,0,0,0,0,1,0,0,0,107,0,0,0,0,391,0,2,0,0,0,0,515,0,0,176,95,0,0,138,0,0,0,0,0,223,0,0,0,0,783,1,120,0,0,6,0,12,2,0,0,10,0,0,0,0,0,0,0,0,0,0,0,436,37,0,0,0,0,0,0,0,0,0,0,0,0,0,0,1,0,0,0,0,1,0,0,119,0,0,0,0,7,0,0,0,14,0,0,0,0,0,46,0,0,55,1,0,0,0,1,0,0,0,0,0,0,0,0,0,0,0,0,0,0,0,33,0,7,0,0,0,0,131,8,0,0,0,0,0,32,0,0,0,0,0,0,3,1,0,0,0,0,0,0,0,0,0,0,1604,0,14,2,34,1,0,0,0,0,4,3,0,102,0,177,3,0,0,0,0,1,0,0,0,0,0,54,0,0,214,0,0,0,0,0,2,0,0,0,0,225,0,0,0,0,0,3,9,0,0,3,40,6,0,2,10,0,0,0,25,0,0,0,0,0,78,0,6,0,0,0,0,0,0,12,1493,0,0,203,0,0,0,0,5,0,36,0,0,0,0,30,0,5,0,0,1,0
"272",0,0,0,1,0,0,1,0,0,0,2,0,0,6,0,0,0,0,0,0,1,42,0,0,0,3196,0,0,15,0,0,0,0,53,0,0,5,8,0,0,0,0,0,0,0,230,0,3,0,0,1,0,0,0,0,0,0,0,1,256,0,1,0,22,0,4,249,0,0,0,0,0,0,0,0,0,0,0,0,304,0,0,0,1,0,1,0,0,0,0,0,0,0,0,21,0,0,0,25,0,13,0,0,0,8,0,0,618,0,19,0,0,0,57,0,0,0,0,124,0,0,0,0,1,6,14,0,0,1,0,5,14,70,0,0,0,2,0,0,1,0,0,0,0,0,0,11,1,0,0,1,0,14,35,0,0,0,0,17,23,0,0,0,0,0,0,0,0,0,0,6,0,1493,0,0,0,0,9,550,0,0,0,0,0,0,0,0,0,0,0,4,9,0,19,9,0,0,0,1,0,0,0,0,0,0,70,0,0,4,0,8,0,11,0,1,0,61,0,0,0,0,19,83,0,0,0,0,0,35,11,101,1,0,157,0,0,12,0,2,2,0,0,0,0,1,41,0,0,0,0,144,0,0,0,4,3,4,0,10,0,11,6,0,1,0,0,0,0,3,33,0,0,0,0,0,0,1,0,1,527,0,0,33,0,0,0,0,0,10,0,0,0,0,0,0,22,1,67,0,41,0
"273",0,0,0,0,0,0,0,21,5,0,0,0,0,92,19,0,0,2,0,0,4,13,0,0,2,4946,0,0,6,0,0,0,0,47,3,39,125,46,0,0,0,0,0,44,3,7,0,0,0,0,0,0,0,0,82,0,0,0,0,348,0,1,0,0,3,1,110,0,0,0,6,0,0,46,4,0,0,0,0,41,15,4,0,8,1,0,0,0,0,11,1,0,269,0,104,20,0,0,8,0,0,0,0,0,1,1,72,252,2,348,0,0,0,36,0,0,0,0,41,0,0,22,0,0,205,31,0,0,0,39,16,1,0,0,0,2,23,0,0,1,0,0,0,0,0,0,0,2,0,6,3,53,1,0,0,0,0,0,1,27,0,0,0,11,0,0,0,3,0,0,0,0,1,0,0,0,0,1,229,0,69,0,0,0,0,0,0,0,67,0,0,12,0,0,29,0,0,1,0,0,0,0,0,0,0,14,0,0,0,0,0,0,1,0,18,0,60,6,69,3,0,0,13,4,0,21,0,0,70,9,48,0,0,0,0,4,0,0,1,0,0,20,0,0,0,0,0,0,0,0,5,1,8,0,0,23,1,0,12,63,1,7,0,2,0,0,0,42,0,780,0,0,99,0,0,0,0,9,5,4,0,0,299,0,0,0,0,0,3,16,0,0,0,0,67,1,0,5,1,73,0
"274",0,0,0,0,0,0,1,77,0,0,0,0,9,1,16,0,6,0,0,0,0,0,0,0,0,1523,0,0,303,0,0,0,0,50,0,0,0,503,0,0,0,0,0,0,0,173,0,0,0,0,0,0,0,0,127,0,0,0,0,138,0,0,36,0,3,0,801,0,0,370,22,0,0,5,0,4,0,0,0,0,0,0,0,0,33,1,4,0,0,36,717,16,104,0,0,0,0,0,0,0,0,4,0,0,0,0,3,339,0,0,0,0,0,41,0,0,0,0,253,1,0,0,0,1,97,0,0,0,2,0,18,292,87,0,0,0,16,0,0,0,11,0,0,0,0,0,88,0,0,0,5,0,0,3,1,0,0,0,0,0,0,0,0,329,0,0,0,0,0,0,4,0,215,0,0,0,0,0,0,0,0,0,0,0,7,0,0,0,0,0,0,83,14,0,0,2,3,0,0,0,0,0,0,1,0,660,0,5,0,38,0,0,13,0,0,0,0,50,0,20,0,0,0,0,0,55,0,0,22,0,186,0,0,445,0,0,0,0,2,0,0,0,0,0,0,0,0,0,0,0,170,0,0,0,0,148,6,0,0,6,0,0,0,0,1,0,0,0,0,108,0,0,8,0,8,0,0,6,0,0,0,0,391,0,0,0,0,7,5,6,0,0,0,0,11,0,0,0,31,71,0
"275",16,0,0,0,0,0,0,0,0,0,0,0,0,0,0,0,0,0,0,0,0,0,0,0,0,933,0,0,13,67,0,0,0,0,0,0,0,0,0,0,0,0,0,0,0,13,0,0,0,0,0,0,0,0,0,0,0,0,0,0,3,0,0,0,0,0,83,0,0,0,0,0,0,0,0,0,0,0,0,544,0,0,0,0,0,0,0,0,0,0,0,0,0,0,0,0,0,0,0,0,0,6,0,0,0,0,0,1594,0,0,0,0,15,0,0,0,0,0,0,0,0,0,0,0,0,0,0,0,0,0,28,0,0,0,0,0,2,0,0,0,204,0,0,0,0,0,0,0,0,0,3,0,0,0,0,0,0,0,0,0,0,0,0,0,0,0,0,0,0,0,0,0,0,0,0,0,0,0,301,0,0,0,0,0,0,0,0,0,0,0,0,0,0,0,0,0,0,0,0,0,0,0,0,0,0,0,0,0,0,71,0,0,0,0,0,0,0,0,0,0,0,0,0,0,0,0,0,0,0,0,0,0,0,0,0,0,0,0,0,0,0,0,0,0,4,0,0,0,0,0,0,0,0,0,0,0,0,0,0,0,0,0,0,0,0,0,0,0,0,2688,0,0,2367,37,0,0,0,0,0,990,0,0,0,0,0,0,0,15,0,0,0,0,0,0,0,0,0,0,0,0,0
"276",0,0,0,0,0,0,40,0,0,0,0,0,0,0,0,0,1,0,0,0,12,0,6,0,0,3914,2,0,0,0,0,0,0,133,0,33,1,45,1,0,0,0,0,0,0,175,0,0,0,0,0,0,0,0,1,0,0,0,0,0,0,0,0,0,0,0,522,0,0,0,0,0,0,0,31,0,0,0,0,0,0,0,76,2,0,0,0,0,0,13,0,0,0,0,0,4,0,0,67,0,0,0,0,0,0,4,0,1368,0,74,0,0,0,0,0,1,123,0,26,0,0,0,0,1,4,0,0,0,0,0,7,0,0,0,0,26,0,0,0,0,4,0,0,0,0,0,0,3,0,0,0,4,0,0,1,0,0,0,0,97,0,0,0,0,0,1,0,0,0,0,0,0,1,0,0,0,0,0,0,0,0,0,0,0,0,0,0,0,0,12,0,162,1,0,0,0,95,0,0,0,0,0,0,273,0,0,0,0,0,1,0,0,0,0,6,0,113,0,1,0,0,0,13,0,0,0,0,0,0,0,0,1,0,0,0,0,0,0,0,0,0,0,4,0,0,0,0,0,0,0,41,0,0,0,0,0,0,0,0,13,0,4,0,0,0,0,0,42,0,293,0,0,0,0,0,0,0,0,5,1838,0,0,134,0,0,0,0,0,0,36,0,0,0,0,0,0,13,0,5,12,55
"277",0,93,0,0,0,0,1,0,0,0,0,0,0,0,5,0,0,0,0,0,0,0,0,1,2,3914,0,0,0,0,1798,0,0,0,0,0,0,0,0,0,0,0,0,57,0,0,0,0,0,0,0,0,0,0,0,0,0,0,0,0,0,1,0,0,0,0,73,0,0,0,76,0,0,5,0,0,0,0,0,0,0,0,0,0,1,0,0,0,0,0,0,1,0,0,0,3,0,0,0,0,0,88,0,0,0,0,0,15,0,0,0,0,0,0,0,0,0,0,0,1,0,0,0,7,0,0,0,0,0,0,0,0,0,0,0,0,0,0,0,0,0,0,0,0,0,0,0,0,0,0,0,0,0,0,0,0,0,0,0,0,0,0,0,0,0,0,0,0,0,146,0,0,0,0,0,0,0,218,0,0,0,0,0,0,0,0,0,0,0,0,0,0,1,0,0,0,0,0,0,0,0,0,0,0,0,0,0,0,0,1,0,0,0,0,0,0,0,0,0,0,0,0,0,111,0,0,0,0,0,0,0,0,1,863,0,0,0,0,0,0,0,0,1,0,0,0,0,0,0,0,42,0,0,0,0,0,0,0,0,0,0,0,0,0,0,0,0,0,0,1,0,0,382,0,0,0,0,0,0,1995,0,0,0,0,0,0,0,0,32,0,0,0,0,0,64,0,0,0,0,0,0
"278",0,0,0,1,0,0,0,0,0,0,0,0,0,0,25,0,0,0,0,0,17,1,0,0,0,5358,0,0,18,14,0,0,0,161,0,0,0,34,0,0,0,0,0,0,0,0,0,0,0,0,2,24,0,0,0,5,0,0,0,4,0,0,0,0,0,0,35,0,0,0,0,0,0,0,2,0,0,0,0,0,0,0,293,0,0,0,0,0,0,33,438,36,6,0,0,162,0,0,0,0,0,0,0,0,0,0,0,367,0,16,0,0,0,69,0,0,2,0,51,13,0,0,0,0,30,0,0,0,0,0,0,0,0,5,0,0,0,0,0,0,0,0,0,0,0,0,7,0,0,0,0,0,0,0,0,0,28,0,0,0,0,0,0,0,0,0,0,0,0,5,1,0,17,0,0,0,0,0,76,0,0,0,0,0,0,0,0,0,0,0,0,0,4,5,0,0,0,0,0,0,0,6,0,6,0,0,0,0,0,18,0,0,0,0,0,0,0,6,134,0,53,0,0,0,0,0,0,0,0,0,0,0,0,180,0,0,0,0,0,0,0,0,0,0,0,25,0,3,0,0,0,0,19,0,0,0,0,0,0,2,2,0,0,0,0,0,0,0,96,195,0,0,91,0,1,0,0,0,5,1588,0,0,96,0,0,0,0,0,0,9,0,0,0,0,84,0,11,0,0,11,0
"279",0,0,0,0,0,0,0,0,0,0,0,0,0,0,0,0,0,0,0,0,0,0,0,0,0,0,0,0,59,0,0,0,0,602,0,0,109,0,0,0,0,0,0,0,0,0,0,0,1,20,0,0,0,0,0,0,0,0,0,253,0,0,0,0,0,0,1137,0,0,0,0,0,0,0,0,0,0,0,0,1437,0,0,0,0,0,2,0,0,1,155,0,13,98,0,0,46,0,0,107,2,0,0,0,0,0,0,0,0,0,165,0,0,0,0,0,0,0,0,361,0,0,0,0,2,139,0,0,0,0,0,0,0,0,2,0,0,1,0,0,0,0,0,0,0,0,176,0,0,0,0,0,0,0,0,0,0,0,0,0,0,0,0,0,0,0,0,0,0,0,0,0,0,1,33,0,0,0,0,952,0,0,0,0,0,0,0,0,0,0,0,0,395,1,0,0,0,0,0,0,0,0,0,0,0,0,0,0,0,1,41,0,0,0,0,66,0,792,0,352,0,148,0,0,0,0,32,0,0,0,0,0,0,0,0,0,0,0,0,0,0,0,43,0,0,0,6,0,0,0,0,0,0,0,0,0,6,0,0,0,182,0,0,0,8,0,0,0,0,0,0,0,0,31,0,0,0,0,0,0,0,0,0,1910,0,0,0,0,0,0,0,0,0,0,0,0,0,4,0,0,108,0
"280",0,2,2,0,0,0,0,0,0,0,0,0,2,358,9,0,0,0,0,0,0,0,0,0,0,1274,0,0,30,0,0,0,0,0,0,0,688,0,0,0,0,0,0,0,0,0,0,0,0,0,0,0,0,0,0,0,0,0,0,0,0,715,0,0,0,0,522,0,0,0,3000,0,0,0,0,0,0,0,0,0,0,0,0,0,0,0,0,0,0,0,0,0,3,0,0,5,0,0,0,0,0,2,55,0,0,0,0,0,0,0,0,0,0,0,0,0,123,0,686,0,0,0,0,4,0,0,11,0,0,0,0,0,0,0,0,29,1,0,0,0,62,0,0,0,0,0,0,0,0,0,0,0,0,0,8,0,0,0,0,440,0,0,0,0,0,0,0,0,0,58,0,0,5,0,0,0,0,861,0,0,0,0,0,0,0,0,0,0,0,0,0,0,0,0,0,2,0,0,0,0,0,0,0,0,0,0,0,0,0,0,29,0,0,0,0,0,0,0,0,0,0,0,0,0,0,0,0,0,753,0,0,2,0,0,0,0,0,0,0,0,0,0,0,0,0,0,0,0,0,0,0,0,0,0,0,0,0,0,0,0,0,0,0,0,0,0,0,216,0,6,0,0,34,0,2,0,0,0,0,0,0,0,0,0,0,2,0,0,0,0,0,0,0,0,0,0,0,0,0,0,0
"281",0,0,0,0,0,0,0,0,0,0,1,0,0,0,119,2,0,2,0,0,0,36,0,128,0,4130,0,0,35,17,27,0,0,16,0,0,11,0,0,0,0,0,0,0,0,0,0,1,0,0,0,0,0,2,0,1,0,0,0,0,0,0,0,0,0,0,0,0,0,0,0,0,0,0,0,0,0,0,0,0,0,0,0,0,0,1,194,0,0,46,0,0,0,0,0,0,0,0,44,0,0,0,0,0,0,0,0,0,0,0,0,0,0,241,0,72,0,0,0,0,7,0,0,0,443,0,0,0,1,0,0,0,0,4,4,0,102,0,0,0,0,0,0,0,0,0,4,23,0,0,12,0,0,0,0,0,0,0,0,29,0,0,0,40,0,0,0,0,0,0,0,2,0,20,0,0,0,0,0,1,0,0,0,0,0,0,1,0,0,0,0,46,6,0,0,0,0,0,0,0,0,0,0,14,1,9,2,0,3,14,2,0,0,0,18,1,0,0,276,0,0,27,0,0,0,16,0,0,142,0,0,0,0,142,0,0,1,0,0,3,0,0,0,0,0,2,0,7,0,0,0,0,0,0,28,2,4,0,17,0,14,0,0,5,0,0,1,0,8,0,0,0,18,0,0,0,0,0,0,3167,0,0,27,0,0,0,0,0,0,28,0,0,0,0,28,0,0,0,0,106,0
"282",6,0,0,0,0,0,4,0,0,0,0,0,0,0,32,42,0,0,0,0,0,17,0,3,0,2296,0,0,5,34,4,0,0,36,0,0,3,0,0,0,0,0,0,0,0,18,0,0,0,0,6,0,0,0,0,0,6,0,0,2,0,0,0,0,0,0,0,0,0,0,68,0,0,0,0,0,0,0,0,0,0,0,539,0,0,0,0,0,0,0,0,12,5,0,0,0,0,0,0,0,0,145,0,0,0,0,0,1560,0,0,0,0,0,27,0,1,0,0,308,0,0,0,0,30,112,0,0,0,0,0,0,0,0,1,0,0,1,0,0,0,0,0,0,0,0,0,0,0,0,14,12,0,0,0,0,0,0,0,0,23,0,0,0,0,0,1,0,0,0,0,0,0,0,0,0,0,0,0,2,0,0,0,0,0,0,0,0,0,0,0,0,69,1,11,0,70,3,5,0,0,0,0,0,379,624,10,0,0,1,1,0,0,0,0,0,0,0,43,5,0,160,0,0,0,0,0,0,0,0,0,31,0,0,283,0,0,16,0,0,7,0,0,0,0,0,42,0,0,0,0,30,0,1,0,0,22,0,0,0,32,0,0,0,0,78,0,0,0,0,293,0,0,1536,2,0,0,0,0,3,0,0,0,649,0,0,0,0,0,0,0,0,0,0,0,0,0,7,0,0,139,0
"283",0,4,0,0,0,1,39,0,0,0,0,0,0,0,8,0,0,0,0,0,0,0,2,30,0,6,11,0,234,5,32,0,0,0,0,0,4,0,2,0,0,0,0,0,0,998,0,0,0,0,0,0,0,0,0,0,0,0,0,0,0,0,1,0,0,0,0,0,0,0,71,0,2,0,0,563,0,0,0,0,0,0,0,0,0,1,0,0,0,0,0,12,12,103,0,0,0,0,0,0,0,0,0,0,13,0,22,0,0,0,0,0,0,0,0,0,0,0,150,13,0,0,0,24,125,0,0,0,0,0,0,278,0,0,0,0,8,0,0,0,2,0,0,0,0,0,0,0,0,0,28,0,0,0,0,0,0,0,0,463,0,0,0,0,0,1,0,0,0,0,27,0,0,0,0,0,16,7,0,0,0,0,0,31,0,0,0,0,0,0,0,0,2,0,0,0,0,0,0,0,0,0,0,0,0,0,0,0,2,43,343,0,0,0,12,0,0,0,6,0,43,0,0,0,0,0,0,0,31,0,0,0,0,142,20,0,0,0,0,0,0,0,0,0,0,0,0,0,0,0,0,0,0,0,0,0,0,6,0,30,0,0,8,0,5,0,0,0,0,0,0,0,775,3,95,0,0,0,0,4613,0,59,0,0,0,30,0,15,0,0,0,0,0,0,42,0,58,0,0,22,0
"284",3,0,0,0,0,0,0,0,0,0,0,0,0,0,18,0,0,0,0,0,0,59,0,0,0,960,0,0,0,0,0,0,0,52,5,0,0,0,0,0,0,0,0,0,0,0,0,0,0,10,0,0,0,0,0,0,0,0,0,0,0,0,0,0,0,0,0,0,0,0,0,0,0,0,0,0,0,0,0,481,0,0,0,0,0,0,0,0,0,0,0,0,11,0,0,0,0,0,0,0,0,0,0,0,0,0,0,6392,0,0,0,0,0,0,0,0,0,0,96,0,0,0,0,0,50,0,84,0,0,0,0,0,0,1,0,0,2,0,0,0,0,0,0,0,0,0,0,0,0,0,0,0,0,0,0,0,0,0,0,0,0,0,0,0,0,1,0,0,0,0,0,0,65,3,0,0,0,0,0,0,0,0,0,0,0,0,0,0,0,0,0,72,1,0,0,0,0,0,0,0,0,0,0,0,0,0,0,0,0,0,0,0,0,0,0,0,0,0,1184,0,0,0,0,137,0,0,0,0,3,0,0,0,0,0,0,0,0,0,0,0,0,0,0,0,0,2,0,1,0,0,0,0,76,0,0,0,0,0,0,0,0,0,0,0,0,0,0,0,0,16,0,0,123,0,0,0,0,0,0,0,0,0,649,0,0,0,0,0,0,0,0,0,0,0,0,0,0,0,0,0,0
"285",0,0,0,2,0,0,2,88,0,0,0,0,0,0,6,0,1,0,0,27,0,43,0,3,0,28,0,7,15,2,0,0,0,185,0,0,0,0,0,1,0,0,0,0,0,89,0,0,0,1,0,0,0,0,32,1,0,1,0,100,0,0,1,86,0,0,0,5,0,106,93,0,0,0,0,0,0,0,4,488,0,0,552,0,0,1,0,0,0,0,0,169,5,0,0,1,0,0,0,21,0,1,0,0,0,0,0,1213,4,258,0,0,0,0,0,1,0,0,96,0,0,0,6,22,51,0,58,0,3,0,53,286,0,4,0,0,19,0,0,0,7,0,0,0,0,0,94,0,0,14,0,0,0,0,1,0,0,1,0,125,0,0,0,229,4,0,0,2,0,0,5,1,44,0,0,0,0,0,754,0,0,0,0,0,38,0,0,0,0,1,0,82,1,20,0,11,0,0,0,0,0,0,1,0,0,57,34,0,0,23,1,0,0,8,0,0,0,0,94,95,0,0,0,0,0,0,30,0,0,0,211,0,0,87,21,0,0,0,1,0,0,0,0,0,0,1,25,1,0,0,0,8,25,0,0,1,12,0,25,0,0,0,0,7,0,0,0,0,5,144,41,70,0,0,29,0,0,0,14,2823,0,5,310,0,17,0,0,2,0,0,0,0,0,0,46,0,2,0,0,56,0
"286",0,0,4,0,0,0,0,0,0,0,0,0,0,0,23,0,0,0,0,10,0,148,0,4,0,3988,0,0,0,20,42,0,7,23,0,0,12,452,1,0,0,0,0,0,0,0,0,2,0,0,2,0,0,1,3,0,0,0,0,903,1,0,0,1,0,0,168,0,0,0,14,1,1,8,0,0,0,0,0,198,0,0,118,0,322,0,0,0,0,56,0,117,6,23,0,0,0,0,0,0,0,0,0,0,0,0,80,0,0,0,0,0,1,10,0,0,0,0,282,0,0,0,0,0,0,0,0,0,0,0,0,22,0,23,0,0,30,2,0,0,17,0,0,0,0,0,34,0,0,0,12,0,0,29,0,0,19,0,0,0,0,0,0,0,0,1,0,0,0,0,0,0,0,0,0,0,0,15,125,0,0,0,0,0,32,0,0,0,0,5,0,0,0,0,0,0,0,0,0,0,0,0,0,0,0,232,0,0,1,3,0,0,0,0,22,0,54,26,235,0,21,0,0,0,0,0,0,0,22,0,241,0,0,0,0,0,0,0,0,0,0,0,102,0,0,0,0,0,0,0,0,3,9,0,5,41,0,0,10,187,0,0,0,3,114,0,0,0,53,27,0,0,0,7,1,0,0,6,3,562,0,0,194,0,0,0,0,0,74,0,0,0,0,0,0,0,5,0,0,265,0
"287",0,0,0,0,0,0,0,0,0,0,0,1,0,300,46,0,0,0,0,0,15,56,0,134,0,1444,0,0,208,105,27,0,0,168,0,0,9,0,0,0,0,0,0,11,0,89,0,0,0,0,0,0,0,0,0,0,0,0,0,0,0,25,0,0,0,0,16,0,0,0,6,0,0,13,0,0,0,0,0,0,0,0,0,0,8,0,13,0,0,44,0,4,91,0,0,0,0,0,13,0,0,0,0,0,4,0,0,1377,0,0,0,0,0,22,0,0,0,0,244,0,0,0,0,1,65,0,0,0,12,0,0,6,0,13,0,0,7,0,0,0,6,0,0,0,0,0,0,0,0,0,16,0,0,0,3,0,0,0,0,70,0,0,0,0,0,0,0,0,0,0,0,0,0,0,0,0,0,1,10,1,0,0,0,0,0,0,0,0,0,0,0,61,6,0,0,0,0,0,0,0,0,0,0,0,0,43,0,0,1,31,0,0,0,2,9,0,0,3,2,4,0,0,0,0,0,0,0,0,0,0,0,0,0,556,0,0,0,0,0,0,0,0,0,0,0,0,0,0,0,0,1,1,0,2,9,0,0,0,2,0,0,0,0,0,324,0,0,0,0,23,16,0,129,0,0,0,0,0,62,3924,0,0,152,0,0,0,0,28,0,9,0,0,0,0,138,0,13,0,0,103,0
"288",0,0,1,0,0,0,0,0,0,0,0,0,0,0,0,0,0,0,1,11,25,46,0,0,0,706,0,0,0,0,0,0,0,21,0,0,0,1,0,0,0,0,0,101,0,2,0,0,0,0,0,0,0,0,26,1,0,0,0,185,0,17,1,0,0,79,73,0,0,93,51,0,0,11,0,0,0,0,0,4,0,44,0,0,81,0,0,0,0,11,4300,2,0,0,0,0,0,0,27,0,0,39,0,0,0,0,0,11,0,12,0,0,0,249,0,0,0,0,16,0,0,0,0,14,0,12,0,0,0,0,43,40,0,0,0,0,0,6,0,0,3,0,0,0,0,0,19,0,0,0,2,8,0,24,0,0,0,0,17,0,0,0,0,222,0,0,0,0,0,0,0,0,1,0,0,0,0,0,0,0,0,0,0,0,6,0,0,0,0,0,0,78,0,0,0,0,0,0,0,0,0,0,0,197,0,14,0,0,2,0,0,8,14,0,10,0,52,59,0,9,0,0,0,0,0,20,0,0,194,0,0,0,0,340,0,0,0,0,0,15,0,0,0,0,67,69,0,0,0,0,0,0,0,1,0,0,3,0,3,8,0,0,0,3,0,1,0,0,0,29,0,0,564,0,0,0,0,0,0,1218,0,0,63,0,0,0,0,0,4,63,0,0,0,0,169,0,0,0,0,15,48
"289",0,0,0,0,0,0,1,0,0,0,0,0,0,0,0,0,0,0,1,0,2,26,0,0,0,3007,0,0,18,0,15,48,0,192,0,0,0,0,0,0,0,0,0,0,0,4,0,0,0,0,0,0,1,1,0,0,0,0,0,94,1,0,0,0,0,3,157,0,0,0,5,0,0,1,0,0,0,0,0,3,0,0,63,0,0,5,0,0,0,0,0,3,15,0,0,0,0,0,0,0,0,0,0,0,0,0,0,4180,0,1,0,0,1,35,0,2,0,0,38,0,2,0,0,0,0,0,0,0,1,0,0,0,0,6,0,0,155,0,0,0,0,0,0,0,0,0,6,1,1,0,4,1,0,3,1,0,0,0,0,0,0,0,0,2,0,0,0,0,0,0,1,0,1,0,0,0,0,0,78,1,9,0,0,0,1,0,0,0,0,0,1,0,0,11,0,0,0,0,0,0,0,0,0,0,279,66,0,0,3,1,0,0,0,0,0,1,131,2,0,0,0,0,0,2,0,0,0,0,23,0,17,0,0,381,0,0,1,0,0,0,0,0,175,0,2,13,0,0,0,0,74,2,0,0,1,3,0,0,1,0,18,0,0,2,1,0,0,0,0,384,0,0,260,0,29,1,0,0,0,0,0,0,114,0,0,0,0,0,0,0,0,0,0,0,0,0,2,0,0,5,0
"290",0,0,0,73,0,0,1,0,0,0,0,0,0,0,0,0,0,0,0,0,0,0,0,9,1,1,0,0,0,0,2280,0,0,0,0,0,531,0,0,0,0,0,0,0,0,1,0,0,0,9,0,0,0,0,0,0,6,1,0,0,0,0,0,0,0,0,1,0,0,0,0,0,0,0,0,0,0,0,0,0,0,0,0,0,0,0,3,0,0,0,0,0,2,0,0,1,0,0,0,0,0,75,0,0,0,0,0,364,0,0,0,0,0,0,0,0,0,0,0,0,2,0,0,0,0,0,0,0,0,0,0,0,0,1,0,0,9,4,0,0,0,0,0,0,0,0,0,0,0,0,0,0,0,0,0,0,0,0,0,132,0,0,0,0,0,0,0,0,0,0,0,0,0,15,0,0,0,0,0,0,0,0,0,0,0,0,0,0,0,0,0,0,12,0,0,0,0,0,0,0,0,0,0,0,1,0,0,0,0,0,0,0,0,0,4,0,20,0,0,0,0,0,0,0,0,0,0,0,0,0,0,0,0,273,0,0,0,0,0,0,0,0,0,0,0,0,0,0,0,0,0,0,0,0,0,0,0,0,0,5,0,0,0,0,0,0,0,0,0,5721,0,0,398,0,0,0,0,0,0,5,0,0,0,0,0,0,0,41,0,0,0,0,0,0,0,0,0,0,0,0,0
"291",0,0,0,0,0,0,0,0,0,0,0,0,0,0,1,0,0,0,0,0,101,0,0,0,1,0,0,0,1,16,0,109,0,108,0,0,28,144,0,0,0,0,50,94,0,4,0,0,0,0,0,0,0,0,0,0,0,0,0,12,0,1,0,0,0,0,0,6,0,0,0,0,0,1,1,0,0,0,0,36,2,0,0,0,0,3,0,22,0,39,0,0,68,0,0,15,0,0,70,0,0,15,0,0,1,0,0,3435,0,0,0,0,0,81,0,0,0,0,68,0,0,0,0,1,348,33,0,0,0,0,152,313,0,0,0,0,16,0,0,0,10,0,0,0,0,0,0,0,0,0,0,31,0,0,1,0,0,0,4,87,0,0,0,3,0,0,0,0,0,0,6,0,1,0,0,0,0,3,0,1,0,0,0,0,0,0,0,0,0,0,0,61,1,0,0,0,0,6,0,0,0,0,0,0,0,5,0,0,2,1,0,0,0,0,0,0,107,0,399,2,0,0,0,0,0,0,0,0,88,0,2,0,0,57,0,0,0,0,0,141,0,0,0,0,0,0,0,0,0,21,0,0,0,0,0,0,50,0,0,2,2,0,0,4,1,0,0,0,0,18,0,0,511,0,1,0,1,0,0,2848,0,0,121,0,0,0,0,0,0,5,44,0,0,0,62,0,42,0,0,14,0
"292",0,0,0,0,0,0,0,0,0,0,0,0,0,0,0,0,0,0,0,0,0,42,0,0,0,2514,0,0,61,2,0,0,0,0,0,0,0,0,0,0,0,0,178,0,0,0,0,0,4,0,2,0,0,0,0,0,0,0,0,251,0,0,0,0,0,0,0,0,6,16,0,0,0,0,0,0,0,6,0,0,0,0,0,0,0,1,0,0,0,0,432,4,13,0,0,33,14,0,0,0,0,0,0,0,0,0,0,73,0,30,0,0,0,0,0,0,0,0,99,0,0,0,0,1,0,0,0,0,0,0,0,0,0,0,0,0,21,0,0,0,10,0,0,0,0,0,0,0,0,1,0,0,3,0,0,0,0,0,0,0,0,0,0,0,0,0,0,0,0,0,2,0,6,1,0,55,0,0,952,0,0,0,0,0,0,0,0,0,0,0,0,0,0,8,0,0,0,0,0,0,0,0,0,0,1958,234,0,0,1,22,2,0,0,0,0,1,68,0,216,0,0,0,0,0,1,0,0,0,0,0,0,0,0,212,0,0,0,0,0,0,0,0,0,0,1,4,0,0,0,0,0,0,0,0,0,0,4,0,0,0,0,0,0,0,0,0,0,0,0,582,0,0,495,0,0,1,0,0,0,0,0,17,178,0,0,1,0,0,29,0,0,0,0,14,0,0,0,0,0,140,0
"293",0,0,0,1,0,0,1,0,0,0,0,0,0,0,36,0,0,0,0,0,10,0,0,0,2,2841,0,0,0,0,0,109,0,46,0,0,0,0,0,0,0,0,134,0,0,95,0,0,0,0,0,24,0,0,0,0,0,0,0,72,0,0,0,0,0,0,46,0,0,11,0,0,0,0,0,0,0,0,0,13,0,7,0,0,0,0,166,0,0,0,0,5,1,0,0,0,0,0,0,0,0,35,0,0,1,0,12,263,0,31,0,0,0,17,0,0,0,0,1,9,0,0,0,178,100,0,0,0,0,0,0,0,0,0,0,0,1,0,0,0,3074,0,0,0,0,0,0,0,0,0,4,0,0,14,1,0,0,0,1,0,0,0,0,0,0,0,0,0,0,0,0,0,1,0,0,0,0,0,0,0,0,0,0,0,0,0,0,0,0,0,0,113,0,17,0,0,0,0,0,0,0,0,0,0,62,80,0,0,30,0,0,0,0,0,0,0,89,0,204,0,50,2,0,0,0,0,0,0,0,0,0,0,0,16,0,0,0,50,0,0,0,0,0,0,0,0,0,0,0,0,0,0,0,1,0,0,32,0,0,0,0,0,0,0,0,0,0,0,0,71,0,0,994,0,0,0,0,0,0,1142,0,0,11,0,0,0,0,0,0,0,0,0,0,0,0,0,60,0,0,0,0
"294",0,0,0,0,0,0,1,40,0,0,0,1,0,4,29,0,0,0,0,0,0,13,0,107,0,935,0,0,176,0,0,370,0,0,0,0,1,274,0,0,0,0,0,0,0,467,0,0,0,0,28,0,0,0,0,0,0,0,0,0,0,8,0,0,446,0,67,0,0,40,9,0,0,0,0,0,0,0,0,61,0,0,0,0,0,0,1,0,0,44,0,0,3,0,0,0,0,0,4,0,0,0,0,0,1,0,537,1,0,0,0,0,0,67,0,0,0,0,11,0,0,0,0,0,59,0,0,17,0,0,0,452,0,0,0,0,0,0,0,0,45,0,0,0,0,0,8,0,0,0,1,0,0,0,0,0,0,0,15,7,0,0,0,381,0,0,0,0,0,0,0,0,0,0,0,0,0,0,4,0,0,0,0,0,0,0,0,0,0,0,0,222,1,0,0,0,0,0,0,0,0,0,0,0,0,12,0,0,0,8,0,0,4,0,0,0,34,0,10,0,0,0,0,0,0,0,0,0,0,0,9,0,0,13,0,0,0,0,0,0,0,0,0,0,0,0,0,0,0,0,54,34,6,0,0,0,0,0,0,0,3,0,0,0,0,0,0,0,0,139,0,77,139,0,3,0,0,2,1,3799,0,0,0,0,0,0,0,5,32,0,0,0,0,0,3,0,65,0,0,14,0
"295",0,0,1,0,0,0,0,17,1,0,0,0,0,0,81,0,24,0,0,1,262,32,0,0,0,1526,0,41,32,9,0,0,0,285,0,0,0,1022,0,2,0,0,0,0,0,34,0,34,0,0,52,0,0,0,38,0,0,0,0,55,2,11,0,0,0,3,13,0,0,0,21,0,0,5,2,0,0,0,0,26,0,0,0,0,0,7,0,0,0,127,787,0,0,0,0,0,0,0,43,0,0,0,0,0,0,0,149,1034,0,0,0,0,0,56,0,0,0,0,137,0,0,0,0,2,57,0,0,0,14,0,10,7,4,0,0,0,14,0,0,0,8,0,0,0,0,0,0,0,0,1,3,22,0,2,2,0,0,0,9,46,0,0,0,346,3,0,1,0,0,0,3,0,67,0,0,0,0,9,0,0,0,0,0,37,62,0,0,0,0,0,1,163,0,0,0,0,0,0,0,0,0,0,0,0,0,257,0,0,1,0,5,0,0,6,0,0,0,7,0,4,0,0,0,0,0,0,0,0,118,0,381,0,1,481,0,0,0,0,2,6,0,0,175,0,5,0,0,0,0,0,289,0,0,0,27,122,28,0,0,5,2,0,0,7,0,0,0,0,0,0,9,0,21,0,0,0,8,0,0,304,0,0,157,0,0,0,0,0,5,11,0,0,0,0,337,0,42,0,8,299,6
"296",0,0,0,0,0,0,0,3,0,0,0,0,0,0,76,0,92,0,0,0,2,0,0,0,0,0,0,0,180,28,152,0,3,0,0,0,0,0,0,0,0,0,0,0,0,0,0,0,0,0,2,0,0,0,0,0,0,0,0,0,0,7,0,0,0,0,0,0,0,0,0,0,0,0,0,0,0,0,0,0,0,4,0,0,0,5,0,1,0,127,0,0,0,0,0,0,0,0,0,0,0,71,0,0,0,0,0,326,0,0,0,0,1,0,0,0,0,1,174,0,0,0,0,0,77,0,0,0,0,0,0,11,0,0,0,0,33,0,0,0,10,0,0,0,0,0,0,0,0,0,13,0,0,0,0,0,0,0,0,0,1,0,0,0,0,0,0,0,0,0,0,0,557,0,0,9,0,0,0,0,0,0,0,0,0,0,0,0,0,0,0,183,0,0,0,0,0,0,0,0,0,0,0,0,0,173,0,7,30,0,7,0,0,0,0,1,0,0,0,0,0,0,0,4,0,0,0,333,0,0,0,1,0,2652,0,0,0,0,0,9,0,0,0,0,1,86,0,0,0,0,0,0,46,0,0,20,8,0,0,0,0,0,0,0,0,0,0,0,5,1057,0,0,2592,0,19,0,0,3,0,389,0,0,122,0,0,49,0,0,2,0,0,0,0,0,0,0,0,145,0,96,0
"297",0,0,0,0,0,0,1,0,0,0,0,2,0,0,13,0,0,0,0,0,142,18,0,3,0,1059,11,0,0,2,614,0,0,17,0,0,9,10,1,0,0,0,0,77,0,9,0,12,0,0,6,0,0,0,33,0,0,0,0,74,0,0,0,0,0,0,13,0,0,0,10,0,0,0,0,0,0,0,0,65,17,0,43,1,783,11,192,0,0,0,0,12,54,0,0,0,0,0,0,0,0,0,0,0,2,2,0,862,0,0,0,0,0,22,0,27,0,0,126,0,0,0,0,1,16,0,0,0,0,0,27,6,0,0,0,1,0,0,0,0,7,0,0,0,0,20,4,1,0,0,1,0,0,0,0,0,0,0,0,28,0,0,4,400,0,0,0,0,0,0,1,0,0,0,0,0,0,355,37,0,0,0,0,0,16,0,0,0,0,12,0,36,0,0,0,0,0,0,0,0,0,0,0,0,0,9,0,0,0,1,120,0,2,12,5,0,45,79,755,0,0,13,0,0,0,0,0,0,70,10,712,0,0,35,0,0,11,0,0,0,4,0,0,0,1,0,0,0,0,0,0,2,35,0,30,12,2,2,15,8,3,0,0,1,0,0,0,0,0,126,0,91,15,0,0,0,0,0,5,2463,0,0,0,0,0,0,0,0,31,67,44,0,0,0,18,0,1,2,0,60,0
"298",0,0,0,0,0,0,1,1,0,0,0,0,7,0,38,0,11,1,0,9,1,1,0,4,0,2757,0,0,9,13,1,0,0,70,0,0,2,1,0,0,1,2,0,0,0,142,0,1,0,0,1,0,1,0,0,0,0,2,0,4,2,4,0,0,0,0,160,3,0,0,3,0,0,0,0,0,0,0,0,7,0,0,99,0,17,6,865,0,0,6,0,4,182,0,0,0,0,0,28,0,0,0,0,0,1,1,0,1377,0,0,0,0,0,3,0,0,0,0,8,0,0,0,33,1,27,0,0,0,0,0,0,93,0,0,0,0,7,0,0,0,1805,0,0,0,0,0,10,0,0,0,2,1,0,15,0,0,0,0,0,0,0,0,0,0,0,1,0,5,0,0,1,0,432,0,0,0,0,1,0,1,0,0,0,0,3,0,0,0,0,0,0,13,1,0,10,0,0,1,0,0,0,0,0,1,0,154,1,0,2,1,1,0,0,0,1,1,54,3,189,0,8,0,0,0,0,0,0,0,8,1,155,0,0,467,0,0,0,0,0,17,0,0,0,0,3,0,0,0,3,0,2,1,0,0,7,214,33,0,0,14,1,0,0,4,0,0,0,0,0,113,2,12,117,0,0,0,1,0,4,1,0,0,5,0,0,0,0,15,13,1,0,0,0,0,45,0,14,0,0,1,0
"299",0,0,0,1,0,0,1,0,0,0,0,0,0,0,14,0,0,0,0,0,0,42,0,9,0,2040,0,0,18,0,595,0,0,158,0,0,40,0,0,0,0,0,0,0,0,84,0,0,1,0,0,0,0,0,0,0,0,0,0,0,0,0,0,0,0,0,68,0,0,65,0,0,0,0,0,0,0,0,0,40,0,0,0,0,0,1,127,0,0,90,0,35,1,0,0,0,0,0,64,0,0,0,0,0,1,0,0,413,0,44,0,0,0,0,0,0,0,23,158,0,0,0,0,1,448,0,3,0,0,0,0,0,0,1,0,0,27,0,0,0,6,0,0,0,0,4,0,0,0,0,12,0,32,0,6,0,0,0,203,63,0,0,0,0,0,0,0,0,0,0,4,0,0,0,0,0,0,20,314,0,0,0,0,0,0,0,0,0,0,0,0,0,0,3,0,0,0,0,0,0,0,0,0,0,0,12,0,0,4,0,0,0,0,0,0,0,0,0,170,0,0,17,0,0,0,0,0,0,91,16,0,0,0,2384,0,0,0,0,1,0,0,0,0,0,0,19,0,0,0,0,0,0,0,0,35,16,14,0,0,0,1,0,0,0,0,0,0,0,28,0,0,0,49,0,0,1,0,0,2,1142,0,0,211,2,0,0,0,0,34,0,0,0,0,0,78,0,13,0,0,111,0
"300",0,0,0,25,0,0,6,0,0,0,0,0,0,0,0,0,0,0,0,0,0,0,0,0,0,4870,0,0,61,249,0,0,0,0,0,0,23,0,0,0,0,0,0,0,0,0,0,0,0,0,0,0,0,0,0,0,0,0,0,16,0,0,0,0,0,0,0,0,0,0,0,0,1,0,0,0,0,0,0,16,0,0,0,0,0,0,0,0,0,0,34,7,6,0,0,0,0,0,0,0,0,1,0,0,1,0,0,188,0,0,0,0,0,0,0,0,0,1,157,0,0,0,0,0,499,0,0,0,0,0,0,0,0,0,0,0,4,0,0,0,21,0,0,0,0,0,0,0,0,0,12,0,0,0,0,0,0,0,0,0,0,0,0,0,0,0,0,0,0,0,33,0,0,0,0,0,0,355,0,0,0,0,0,0,0,0,0,0,0,0,0,101,0,0,0,0,0,0,0,0,0,0,0,0,0,24,0,0,2,0,0,0,0,0,24,0,54,0,16,0,0,0,0,0,0,0,0,0,0,0,0,1,0,1204,0,0,0,0,0,0,0,0,0,0,0,0,0,0,0,0,0,0,26,0,11,10,0,0,34,62,0,0,0,3,22,0,0,0,5,5,0,0,117,0,0,0,2,0,0,1790,0,0,0,0,0,0,0,0,0,0,0,0,0,0,106,0,65,0,0,318,0
"301",0,0,0,99,0,0,1,0,0,0,0,0,0,0,16,0,0,0,0,0,0,0,0,0,0,1830,0,0,11,0,0,0,0,41,9,63,10,183,0,0,0,0,0,0,14,106,0,0,0,0,6,0,0,0,0,0,0,0,0,191,0,142,2,0,0,0,515,0,0,0,0,0,0,0,34,0,0,0,0,0,0,0,0,0,103,0,307,0,0,0,0,45,4,0,0,0,0,0,0,2,0,0,0,0,0,0,0,1600,0,0,0,0,0,184,0,0,0,0,295,0,0,0,0,2,78,0,0,0,0,0,16,0,0,2,0,0,8,0,0,0,0,0,0,0,0,0,20,0,0,0,10,0,0,2,1,0,0,0,0,0,0,0,0,0,0,0,0,0,0,0,0,0,1,0,0,0,0,0,0,3,0,0,0,0,0,0,0,0,125,0,0,175,0,0,0,0,0,0,0,0,0,0,0,0,0,39,0,0,0,0,0,0,0,0,0,0,0,0,0,0,0,70,0,0,0,0,0,0,6,0,0,0,0,217,0,0,0,8,0,0,0,0,0,0,0,0,0,0,0,0,0,0,0,0,0,14,0,0,0,0,35,0,0,0,0,0,0,0,0,31,0,0,544,0,1,0,0,0,0,2463,0,0,93,0,0,0,0,0,0,0,0,0,0,0,0,0,0,0,0,124,0
"302",0,1,6,0,0,2,2,0,0,0,4,0,0,0,110,0,0,0,2,0,0,7,0,12,0,2577,2,0,514,65,0,0,0,96,0,0,0,2,0,0,0,0,0,0,0,0,0,2,0,0,1,0,0,3,1,0,0,0,0,1,1,0,0,3,0,0,113,0,23,152,0,1,1,0,0,0,0,2,0,0,0,0,0,0,0,5,0,0,0,11,0,291,0,0,0,0,0,0,0,0,0,23,0,0,2,0,246,23,0,0,0,0,0,0,0,0,0,0,110,0,0,0,0,291,100,0,0,0,0,0,15,13,0,0,0,0,784,0,0,0,5,0,2,0,0,0,1,1,0,0,1,0,0,4,2,0,0,585,0,1,0,0,0,0,0,0,0,0,0,0,3,0,0,0,101,65,0,0,0,1,0,0,0,0,6,0,0,0,0,0,0,0,5,1,0,0,0,0,10,0,0,9,0,39,0,13,1,41,0,16,1,0,0,0,40,1,21,8,2,0,0,12,0,0,0,0,0,558,117,0,0,0,0,445,0,0,0,0,2,3,0,0,0,0,0,3,0,0,0,0,0,1,5,0,0,10,2,0,13,9,0,0,0,2,0,8,0,0,2,1765,0,24,262,0,0,0,0,0,8,3,0,0,98,0,0,3,0,0,0,6,0,0,0,0,11,0,2,0,0,22,0
"303",0,0,0,0,0,0,18,27,0,0,0,4,0,0,54,0,0,0,0,0,82,125,0,13,0,675,0,0,25,0,15,0,1,42,0,0,16,8,0,0,0,0,0,168,0,5,0,8,0,0,0,0,0,0,42,0,4,0,0,4,0,0,36,0,187,0,0,0,0,108,65,0,0,1,0,0,0,0,0,7,0,0,28,0,0,0,23,0,0,81,0,9,2,0,0,33,0,0,26,0,0,0,0,0,0,0,0,6,0,3,0,0,0,97,1,33,0,2,109,0,0,1,0,1,490,0,0,0,27,0,18,182,0,0,0,0,0,0,0,0,24,0,0,0,0,0,1,0,0,0,5,30,0,3,0,0,0,0,13,40,0,0,0,0,0,0,0,0,0,0,0,0,0,0,9,0,0,46,44,0,0,0,0,0,4,0,0,0,0,0,0,29,0,0,0,0,0,0,0,0,0,0,0,0,0,4,2,0,0,0,0,91,0,2,15,1,61,246,37,0,5,39,0,0,0,1,0,0,83,0,391,0,0,591,0,0,0,0,0,0,0,0,0,0,1,66,0,0,0,0,1183,0,7,0,13,3,0,0,6,2,21,0,0,14,0,0,0,0,0,582,0,43,1124,0,0,0,0,1,35,1367,1,0,220,3,0,0,0,7,14,80,0,0,0,0,227,2,0,0,0,12,0
"304",0,0,0,2,0,0,1,0,0,0,0,0,0,0,4,0,0,0,0,0,0,0,0,34,0,0,0,9,14,0,0,0,0,0,0,0,8,0,0,0,0,0,0,35,0,59,0,0,0,0,0,0,0,0,0,0,0,0,0,0,0,0,0,0,0,0,16,0,9,0,0,0,0,0,2122,0,0,0,0,0,0,58,0,0,0,3,10,0,0,0,0,40,0,0,0,0,726,0,0,0,0,0,0,0,0,0,0,687,0,0,0,0,0,0,0,0,0,0,284,0,12,0,0,17,0,0,0,0,0,0,0,0,0,0,0,0,0,0,0,0,0,0,0,0,0,0,0,0,0,0,38,0,0,0,3,0,46,0,0,0,0,0,0,0,0,0,0,0,0,0,0,0,0,0,14,0,0,0,0,0,0,0,0,0,0,0,5,0,0,0,93,0,4,0,0,0,0,0,0,0,0,0,0,0,0,0,0,0,0,6,0,0,0,0,0,0,0,0,0,0,0,0,0,0,0,0,0,0,0,0,0,12,0,0,0,0,0,0,0,0,0,0,231,0,1,0,0,0,0,0,0,0,0,0,0,0,75,0,0,0,0,0,0,0,0,0,0,0,0,1276,0,0,300,16,0,0,0,0,0,1811,0,0,0,0,0,0,0,0,0,0,0,0,0,0,0,0,1,0,0,28,0
"305",0,0,0,0,15,0,0,33,88,0,0,0,0,193,0,0,0,0,3,1,149,21,0,1,1,749,0,0,14,1,10,1,0,49,0,0,0,218,0,0,0,5,0,27,0,143,0,0,0,0,0,0,1,0,79,0,0,0,1,313,1,31,0,0,8,0,93,0,0,53,398,0,0,205,0,0,0,0,0,438,0,0,54,0,38,0,1,1,0,94,0,32,0,0,0,0,0,0,3,0,0,0,0,0,0,1,152,193,0,37,0,174,0,41,0,1,0,0,220,2,0,0,0,1,29,280,0,0,1,0,58,180,0,0,0,0,1,0,0,0,0,0,0,0,0,0,33,0,0,1,11,28,0,3,0,1,0,0,8,8,0,0,0,0,0,0,4,0,0,0,23,0,0,0,0,0,0,67,139,1,44,0,3,0,48,0,0,0,0,0,0,166,1,4,0,0,4,0,0,0,108,0,36,745,0,103,0,0,0,0,0,33,10,13,37,0,80,171,0,53,69,0,0,0,1,0,36,0,67,0,434,0,0,96,0,0,18,0,0,0,0,0,0,47,0,0,0,0,0,21,44,2,42,0,4,0,23,0,7,12,2,0,0,2,0,0,0,28,0,2,7,48,0,0,0,0,0,0,16,1498,0,0,158,0,0,0,0,0,96,77,0,0,4,0,11,4,10,38,25,131,0
"306",0,0,0,0,0,0,5,26,0,0,0,1,0,0,29,0,0,0,0,0,0,10,0,1,0,3618,0,0,5,8,6,0,0,17,0,0,7,1,1,0,0,0,0,8,0,46,0,1,0,0,0,0,0,0,4,0,0,0,0,207,0,0,0,0,0,0,123,6,0,0,0,0,0,6,0,2,0,0,0,6,0,0,0,0,0,0,483,0,0,7,0,2,0,1,0,0,0,0,2,0,0,0,0,0,0,0,0,2995,0,0,0,0,0,0,0,0,0,0,22,0,0,0,0,1,30,0,0,0,0,0,0,15,0,0,0,0,1,0,0,0,1031,0,0,0,0,0,0,0,0,1,23,8,0,0,1,0,0,0,0,9,0,0,0,113,0,1,0,0,0,0,10,0,0,0,0,0,0,58,1,1,0,0,0,0,0,0,0,0,0,1,0,15,1,0,0,0,0,0,0,0,0,0,0,0,0,78,12,0,0,19,0,0,0,0,1,0,1,0,129,0,48,0,0,0,0,0,0,0,10,0,70,0,0,54,0,0,2,0,0,2,0,0,0,0,0,0,0,0,0,0,0,1,0,0,1,35,0,1,0,7,0,0,0,0,0,0,0,0,1,2,0,1,53,0,15,0,0,0,1,212,0,0,190,0,0,0,0,0,0,0,0,0,0,0,5,0,49,0,0,27,0
"307",0,0,0,0,0,1,9,0,0,0,0,0,1,0,0,0,0,1,1,0,2,0,0,0,1,3033,0,0,16,2,0,1,0,38,0,0,112,1,0,0,0,0,42,19,0,2,0,0,0,0,0,0,0,0,0,0,0,0,0,27,0,10,0,0,0,0,0,0,0,0,3,0,0,5,0,0,0,0,0,1,0,0,0,0,30,0,0,0,2,81,32,0,22,9,0,0,0,0,10,0,0,0,0,0,0,0,0,0,0,1,14,0,0,0,1,0,0,0,4,1,0,0,0,128,36,0,0,0,0,7,0,13,0,0,0,0,0,0,0,2,0,0,0,0,0,0,0,0,0,0,0,34,0,0,0,0,0,0,2,9,0,0,3,235,0,0,2,0,0,0,2,0,3104,0,0,0,0,0,1,0,0,0,0,0,1,0,0,0,0,0,0,0,1,0,0,0,0,0,0,0,0,0,0,0,0,6,0,0,0,5,0,0,5,17,1,0,54,0,0,8,0,0,0,0,0,0,0,0,40,7,156,0,0,908,0,0,1,0,0,0,0,0,0,0,0,0,0,0,1,0,3,0,0,0,1,0,2,0,1,0,0,0,15,0,1,0,0,0,3,54,0,1,242,0,0,0,0,0,55,1339,0,0,0,0,0,0,0,0,8,0,0,0,1,0,140,1,0,0,0,1,0
"308",0,0,0,0,0,0,1,16,0,0,0,0,0,622,131,0,0,0,0,0,38,10,0,7,0,2091,1,0,14,0,25,0,0,44,0,0,0,9,0,0,0,0,0,220,0,398,0,1,0,0,0,0,1,0,73,0,0,1,0,9,0,51,1,0,20,0,36,0,0,3,29,1,0,444,0,0,0,1,0,21,0,0,1,0,300,0,1,0,0,27,1,65,0,0,0,0,0,0,37,0,0,0,0,0,2,0,81,64,0,0,0,128,17,55,0,1,0,2,112,0,0,0,0,1,313,0,0,0,0,0,56,47,0,0,0,0,303,0,0,0,7,0,0,0,0,0,4,0,0,0,8,4,0,2,3,0,0,2,0,162,0,0,4,1,0,0,0,0,0,0,1,0,0,0,0,0,0,166,88,1,4,0,0,0,0,0,0,0,0,0,0,32,3,1,0,0,0,0,0,0,0,0,0,4,0,1,1,0,0,14,0,0,1,0,1,1,54,16,319,9,0,10,0,0,8,5,2,0,90,28,340,8,0,88,0,0,0,0,0,2,0,0,0,0,0,0,0,0,0,0,144,1,0,0,3,6,2,0,9,36,3,21,0,4,0,0,0,0,2,452,0,36,228,0,4,0,3,0,0,1062,0,0,250,0,0,0,0,0,30,0,0,0,0,0,181,51,6,0,0,25,17
"309",0,0,6,0,0,0,0,0,0,0,0,0,2,0,242,0,0,0,0,0,0,0,0,0,2,248,0,0,0,5,72,0,0,0,0,0,0,0,1,0,0,0,0,12,0,9,0,0,0,0,0,0,0,0,0,0,0,0,0,0,0,0,0,0,0,0,0,0,0,0,0,0,0,0,1,0,0,0,0,0,0,0,0,0,14,0,0,0,0,73,517,0,269,0,0,3,0,0,10,0,0,102,0,0,1,0,0,40,0,0,0,0,0,1,0,0,0,1,0,2,0,0,0,0,710,0,0,0,0,0,2,151,0,0,0,0,748,5,0,0,23,1,0,0,0,0,0,0,0,0,0,0,0,0,1,0,0,0,0,0,0,0,0,7,0,0,0,0,0,0,0,0,0,0,0,0,0,0,0,0,0,0,0,2,0,0,0,0,0,0,0,0,0,0,0,0,0,2,0,0,187,0,0,0,0,3,0,0,0,0,0,0,0,0,0,0,0,0,136,0,0,0,0,0,0,0,0,0,0,0,0,0,0,1063,0,0,0,0,0,0,0,0,0,0,0,0,0,0,0,0,0,0,1,0,1,4,0,0,0,0,0,0,0,0,0,0,0,28,0,166,0,0,2367,0,0,0,0,0,6,1944,0,0,0,0,0,0,0,0,0,0,0,0,0,0,26,0,10,0,0,45,0
"310",0,0,0,0,5,0,3,16,0,0,0,1,0,311,35,0,0,0,0,0,48,0,0,7,1,1,0,0,1,0,72,0,0,40,0,0,19,28,0,0,0,0,0,0,0,235,0,1,0,0,0,0,0,0,1,0,0,0,0,18,0,50,1,0,0,5,34,0,145,141,18,0,0,0,0,0,0,0,0,57,0,8,80,0,20,1,0,1,0,55,0,8,0,0,0,4,0,0,62,0,4,0,0,0,5,0,289,2109,2,12,0,0,0,101,0,0,1,0,40,0,0,0,0,1,78,6,0,0,1,0,8,182,0,0,0,0,1,0,0,0,7,0,0,0,0,0,1,0,0,0,13,12,0,0,1,0,0,0,14,25,0,0,0,445,0,0,0,0,0,0,4,0,0,0,0,0,0,166,319,1,2,0,0,0,1,0,0,0,0,0,1,0,1,0,0,0,0,0,0,0,7,0,0,1,0,1,0,0,0,1,0,0,7,0,3,0,92,8,1,0,0,31,0,0,0,20,0,0,141,9,68,0,1,678,0,0,2,0,0,14,0,0,0,0,0,21,0,0,0,0,91,0,19,1,10,0,1,0,2,0,2,20,0,1,0,0,0,0,0,7,0,0,678,0,0,0,0,8,3,2252,1,0,117,0,0,0,0,1,79,0,0,0,0,0,0,0,0,53,0,87,0
"311",16,0,0,0,0,0,0,0,0,0,0,0,0,0,47,1,0,0,0,0,0,0,0,7,0,4915,0,0,24,4,140,0,0,0,0,0,13,0,0,0,1,0,0,0,0,0,0,0,0,0,0,0,0,0,0,0,0,0,0,22,3,0,2,0,0,0,169,0,0,0,0,0,1,0,0,0,0,0,0,126,0,0,238,0,0,8,454,0,0,0,0,47,0,0,0,207,0,0,0,0,0,0,0,0,0,0,0,267,0,0,0,0,0,632,1,15,0,1,0,0,0,0,0,0,0,0,0,0,0,0,0,49,0,3,0,0,50,0,0,0,11,0,0,0,0,0,15,0,0,0,12,0,0,3,1,3,0,0,0,0,0,0,0,0,0,0,0,0,0,0,2,0,0,0,0,0,0,0,0,0,0,0,0,0,1,0,0,0,0,0,1,0,27,18,0,0,0,0,0,0,0,0,0,1,0,61,2,0,0,6,0,0,0,0,0,1,108,2,33,0,10,10,0,0,0,0,0,7,0,0,205,0,0,1063,0,0,2,1,0,13,0,0,0,0,0,1,0,0,0,0,0,3,12,0,3,5,4,1,0,0,4,0,0,3,0,0,0,0,0,435,0,0,88,0,0,1,0,1,14,270,1,0,0,0,0,0,0,1,0,0,0,0,10,0,9,12,42,0,0,0,0
"312",0,0,0,16,0,0,208,0,0,0,0,3,0,0,41,0,0,0,0,0,0,0,0,134,0,0,0,0,0,0,0,0,20,0,0,0,0,0,0,0,0,0,0,0,0,0,0,0,0,0,0,0,0,0,0,0,0,0,0,0,0,0,4,0,0,0,0,0,107,0,0,0,0,70,0,988,0,0,0,0,0,0,0,0,101,0,0,0,0,0,0,0,0,0,0,0,0,0,0,0,0,0,103,0,0,0,3438,0,0,0,0,0,0,0,0,0,0,11,0,0,0,0,0,8,0,0,0,0,0,0,0,101,0,0,0,4,2871,0,0,0,0,0,0,0,550,0,0,126,0,0,140,0,0,0,9,0,0,0,160,0,0,0,0,0,0,0,0,0,0,0,0,0,0,0,0,0,0,0,0,0,0,0,0,0,0,0,0,0,0,0,0,0,4,0,0,0,0,0,4,0,0,0,0,0,0,0,0,0,0,36,0,0,0,0,0,0,0,0,316,0,0,0,0,0,0,0,0,0,0,0,0,0,0,0,0,0,0,0,0,209,0,0,0,0,0,0,0,0,0,0,0,0,0,0,0,0,0,5,0,0,0,0,0,0,0,3,0,0,0,0,0,0,0,0,0,0,0,0,0,0,0,0,0,0,0,0,0,0,0,0,0,10,42,0,49,0,0,110,0,0,0
"313",0,0,0,2,0,0,2,0,0,0,0,0,0,0,3,0,0,0,0,2,16,0,0,1,2,4,0,0,1,0,0,0,0,0,0,0,11,87,0,0,1,0,0,11,0,89,0,0,0,10,4,0,0,0,27,0,0,1,0,79,0,7,0,0,0,1,72,0,0,194,38,0,0,53,3,0,0,0,0,50,0,0,57,0,322,1,0,0,0,0,0,10,0,0,0,0,0,0,43,0,0,0,0,0,8,43,5,64,0,0,0,0,0,0,0,0,0,0,124,0,0,0,0,12,0,0,2,0,0,0,16,32,0,0,0,0,2,1,0,0,22,0,0,0,0,0,0,0,0,0,2,105,0,0,0,0,0,0,0,103,0,0,0,2567,0,0,1,0,0,1,11,0,1,0,0,0,0,49,153,0,0,0,0,0,17,0,0,0,183,0,0,69,1,0,0,2,0,0,0,0,0,0,0,1555,0,22,0,0,1,1,0,0,26,0,0,0,388,41,47,10,0,12,0,0,2,0,568,0,51,1,108,1,0,556,0,0,0,0,2,0,0,0,0,0,0,0,0,1,0,0,3,2,0,0,56,1,0,0,11,0,1,0,0,1,2,0,0,0,0,9,2,0,54,0,3,0,3,0,29,1367,0,0,0,0,0,0,0,0,16,0,0,0,0,0,0,0,0,0,0,253,0
"314",0,0,0,0,0,0,0,0,0,0,0,0,0,0,24,0,0,1,0,0,26,51,0,0,0,3389,0,0,21,5,42,12,0,32,0,0,2,0,0,0,0,0,0,98,0,0,0,0,0,0,1,0,0,0,0,0,0,0,5,82,0,53,0,0,0,0,199,0,0,0,76,0,0,4,0,0,0,0,0,30,0,14,230,0,0,0,67,0,0,30,0,90,64,0,0,0,0,0,0,0,0,0,0,0,0,0,0,65,0,0,0,0,0,24,0,1,0,0,99,6,0,0,0,1,4,0,0,0,0,0,0,0,0,0,0,0,4,0,0,0,0,0,0,0,214,0,0,0,0,0,3,0,0,6,0,0,0,0,0,43,0,0,0,0,0,0,0,0,0,0,0,0,72,0,0,0,0,0,116,1,25,0,0,0,17,0,1,0,0,0,0,46,0,0,0,0,0,0,0,0,0,0,0,197,0,0,0,0,0,0,0,8,0,0,9,0,90,0,0,0,15,13,0,0,0,0,0,0,76,0,315,0,0,1033,0,0,1,0,0,0,0,0,0,0,0,2,0,0,0,0,0,0,0,3,0,5,0,0,0,23,0,0,0,1,0,0,0,0,0,356,0,0,75,0,0,0,0,0,3,1557,0,0,280,0,0,0,0,0,0,21,0,0,0,0,1,0,3,10,12,120,0
"315",0,0,0,0,0,0,0,0,0,0,0,0,0,0,0,0,0,0,0,0,0,0,0,0,0,5700,0,0,0,0,0,0,0,59,0,0,0,0,0,0,0,0,0,0,0,0,0,0,0,0,0,0,0,0,0,0,0,0,0,0,0,0,0,0,0,0,0,0,0,0,0,0,0,0,0,0,0,0,0,0,0,0,0,0,0,0,0,0,0,0,0,0,0,0,0,0,0,0,0,0,0,0,0,0,0,0,0,308,0,0,0,0,0,0,0,0,0,114,0,0,15,0,0,0,0,0,0,0,0,0,0,0,0,0,0,0,0,0,0,0,0,0,0,0,0,0,0,0,0,0,0,0,0,0,0,0,0,0,0,0,0,0,0,12,0,0,0,0,0,0,0,0,0,0,2,0,0,0,0,0,0,0,0,0,0,0,0,0,0,0,0,0,0,0,0,0,0,0,0,0,0,0,0,0,0,0,0,0,0,0,0,0,0,0,0,0,0,0,177,0,0,0,0,0,0,0,0,0,0,0,0,0,0,0,0,0,0,0,0,0,0,0,0,0,0,0,0,0,0,0,0,0,0,0,0,0,0,0,0,0,0,0,0,0,0,0,0,0,0,453,0,0,1932,0,0,0,0,0,0,0,0,0,0,0,0,0,0,0,0,0,0,0,0,0,234,0,994,0,0,0,0
"316",0,0,0,0,0,0,321,0,0,0,0,0,0,0,67,0,0,0,0,0,0,0,0,0,0,5,0,0,18,249,0,0,0,0,0,0,0,0,0,0,0,0,0,4,0,42,0,0,0,0,0,0,0,0,0,0,8,0,0,0,0,0,0,0,0,0,0,0,0,0,0,0,0,0,0,0,0,0,0,252,0,0,0,0,0,0,0,0,0,0,0,0,0,0,0,0,17,0,0,0,0,1,0,0,0,0,0,0,0,0,0,0,0,15,0,0,0,0,96,0,0,0,0,0,33,0,0,0,0,0,0,50,0,0,0,3,29,0,0,0,27,0,0,0,0,0,0,0,0,12,1,0,0,0,0,0,0,0,0,16,0,0,0,0,0,0,0,0,0,0,0,0,306,0,0,0,0,0,0,0,0,0,0,0,12,0,0,0,0,0,0,0,0,0,0,0,0,0,0,0,0,0,0,0,0,9,7,0,1,5,0,0,0,0,0,0,0,0,147,0,0,0,0,0,0,0,0,0,0,0,7,1,0,0,40,0,0,0,0,5,0,0,0,0,0,0,0,0,0,0,0,0,0,0,0,0,0,0,0,0,0,0,0,0,0,0,0,0,0,1424,0,0,10,0,0,0,0,0,0,5348,0,0,0,0,0,0,0,0,0,0,0,0,0,0,0,0,52,0,0,52,0
"317",0,0,0,0,1,0,0,0,0,0,0,0,0,0,753,0,0,1,0,0,0,0,0,0,0,2129,0,0,24,0,0,0,0,143,46,18,38,0,0,0,0,0,0,0,0,0,0,0,0,0,0,0,0,0,33,0,0,1,1,1,0,0,1,0,0,0,5,0,0,39,53,0,0,0,0,0,0,0,0,1,0,22,3,1,0,0,73,0,0,0,0,75,2,0,5,1,0,0,62,0,3,76,0,0,0,1,0,133,37,1,0,0,2,17,0,0,0,0,36,0,0,3,0,1,691,0,0,0,0,0,8,0,0,0,0,0,42,0,0,0,1,0,0,0,77,0,2,1,0,2,3,0,0,0,1,0,0,0,143,8,0,0,0,1,0,0,0,0,0,0,1,0,26,0,0,0,0,0,48,0,0,0,0,0,4,0,0,0,0,0,0,0,1,0,0,0,0,0,0,0,0,0,0,965,0,1,1,0,0,0,0,0,72,0,0,0,15,9,0,0,19,1,0,1,2,10,0,0,48,2,22,0,0,57,0,0,7,1,0,14,0,0,0,14,0,7,0,0,0,0,0,0,0,1,0,3,8,0,0,0,0,0,0,1,0,0,1,0,0,18,0,0,728,0,0,0,0,3,2,2392,0,0,288,0,5,0,0,0,6,0,0,0,0,0,127,2,0,0,0,201,55
"318",0,0,0,0,0,0,4,0,0,0,0,4,0,0,14,2,0,0,0,0,0,23,0,0,0,3750,0,0,66,153,0,0,3,602,0,0,0,0,0,0,0,0,0,0,0,0,0,0,0,0,0,0,0,0,6,0,0,0,0,13,0,0,0,1,0,0,13,0,0,0,16,0,0,6,0,0,0,0,0,0,0,0,0,0,0,2,0,0,0,47,0,5,2,0,0,0,0,0,0,0,0,0,1,0,1,0,0,1197,0,0,0,0,0,64,0,0,4,0,206,0,0,0,0,1,256,0,0,0,4,0,0,0,0,0,0,0,0,7,0,0,10,0,0,0,0,0,0,0,3,0,0,0,0,9,1,0,0,0,0,289,0,0,0,701,0,0,0,0,0,0,0,0,0,0,0,0,0,18,0,0,0,0,0,0,38,0,0,0,0,0,140,175,2,0,0,1,0,0,0,0,0,0,0,0,0,5,0,0,0,0,0,0,0,0,3,0,52,1,0,0,48,0,0,0,0,0,0,0,0,0,101,0,0,675,0,0,6,0,0,2,0,0,0,0,0,0,0,0,0,0,0,0,7,1,10,24,0,0,16,0,0,0,0,0,1,0,0,0,0,71,4,0,462,0,0,0,0,0,2,389,0,2,361,0,0,0,0,0,0,0,0,0,0,0,26,0,19,0,0,8,0
"319",0,0,0,0,0,0,1,0,0,5,0,0,4,0,0,0,0,0,0,0,0,3,2,12,2,0,0,0,149,52,0,0,0,0,0,0,0,0,0,1,0,0,0,0,0,0,0,0,0,0,0,0,0,0,0,31,0,0,0,0,0,36,1,5,0,0,0,0,0,0,0,0,3,0,0,187,0,0,0,0,0,0,0,0,0,56,0,0,0,0,0,134,0,0,0,5,0,0,0,0,0,0,0,0,0,0,0,0,0,0,0,0,0,178,0,0,4,0,0,9,0,0,11,0,0,0,0,0,0,0,0,0,0,0,0,0,1634,15,0,0,29,0,0,0,0,0,49,4,0,4,6,0,0,0,4,0,0,0,0,0,0,0,0,0,0,0,0,0,2,0,2,0,6,0,0,17,0,0,0,0,0,0,0,0,0,0,0,0,0,0,0,0,2,0,0,7,0,0,0,33,0,0,0,0,0,15,0,2,0,9,343,0,0,0,0,0,275,54,0,4,0,1,0,0,9,0,0,0,0,0,0,0,4,1403,5,0,0,0,9,0,0,0,0,0,0,0,0,0,0,0,0,0,0,0,0,23,19,0,0,0,1,0,0,4,4,0,0,0,3,1288,0,0,0,3,6,1,0,0,0,3676,0,1,0,0,3,0,17,0,0,98,0,0,0,0,0,0,12,0,0,0,0
"320",0,0,0,0,0,0,0,102,1,0,0,0,0,155,57,0,0,0,0,0,6,0,0,0,0,2479,4,0,76,172,0,0,0,153,0,0,7,127,0,0,0,0,0,25,0,0,0,0,0,0,0,0,0,0,0,0,0,0,0,251,0,43,0,0,0,0,15,0,0,0,159,0,0,11,0,0,0,0,0,0,0,0,34,0,1,0,5,0,0,14,0,13,2,0,0,0,0,0,0,0,0,0,0,0,0,5,0,101,0,0,0,0,0,0,0,0,0,0,485,0,0,0,0,1,69,0,0,0,0,0,0,15,0,0,0,0,31,0,0,0,63,0,0,0,0,0,0,0,0,0,8,0,0,6,9,0,0,0,0,62,0,0,0,0,0,0,0,0,0,0,0,0,29,0,0,0,0,0,363,0,0,0,0,0,19,0,0,0,0,0,0,123,0,0,0,0,0,0,0,0,0,0,0,844,0,56,0,16,0,0,0,0,0,0,0,0,257,0,0,167,188,0,0,0,0,0,0,0,0,0,97,0,0,437,0,0,0,0,0,0,0,0,0,0,0,0,0,0,0,0,0,0,0,0,0,0,48,0,0,3,0,0,0,0,0,0,0,0,0,32,0,0,0,0,0,0,0,0,0,1953,0,0,274,0,0,34,0,0,0,15,0,0,0,0,55,0,58,0,0,168,0
"321",0,0,0,0,0,0,1,0,0,0,0,0,0,270,4,0,0,0,0,0,0,0,0,2,0,1781,0,0,1,0,0,0,0,68,0,0,0,103,0,0,0,0,0,0,0,5,0,0,0,0,0,0,0,0,0,0,0,0,0,32,0,0,1,0,0,0,173,0,49,33,0,0,0,0,0,0,0,0,0,42,0,0,0,0,0,0,2,0,0,46,517,5,4,0,0,0,0,0,15,0,0,35,0,0,11,0,0,1134,0,0,0,0,0,0,0,0,0,4,114,0,0,0,0,1,33,0,0,0,0,0,0,155,0,0,0,1,18,0,0,0,6,0,0,0,13,0,2,0,0,0,0,0,0,0,1,0,0,0,0,0,1,0,0,0,0,0,0,0,0,0,7,0,1,0,0,0,0,0,279,0,0,0,0,0,9,0,0,0,0,1,0,44,0,0,0,0,0,0,0,0,0,0,0,0,0,21,17,0,0,0,0,37,3,0,0,0,166,0,0,0,0,38,0,0,0,5,0,0,41,0,0,0,0,1509,0,0,0,1,0,0,0,0,0,0,0,41,0,0,0,0,0,0,9,1,0,5,46,0,19,0,0,0,0,0,0,0,0,0,20,11,0,0,70,0,1,0,0,0,10,2687,0,0,28,0,0,0,0,3,86,0,0,0,4,0,0,0,3,0,19,75,0
"322",0,0,1,0,0,0,1,0,0,0,4,0,0,0,38,0,0,0,0,0,0,0,0,0,0,2657,0,0,16,10,45,0,0,239,0,0,18,22,0,0,0,0,0,0,0,0,0,0,0,0,0,0,0,2,0,0,0,0,0,0,0,0,0,0,0,0,0,1,0,0,7,0,2,0,0,0,1,0,0,0,0,0,0,0,0,2,0,0,0,40,0,24,169,0,0,0,3,0,0,0,0,2,6,0,0,0,0,40,0,0,0,0,2,0,0,0,0,0,96,0,0,0,0,0,466,0,127,0,0,0,0,0,0,0,1,0,0,0,0,0,94,0,0,0,0,0,7,0,0,0,41,0,0,0,0,0,0,0,0,0,0,0,0,0,0,0,0,0,0,0,0,0,0,0,0,0,4,0,31,0,0,3,0,0,10,0,0,0,0,0,0,50,4,1,0,0,0,0,0,0,0,0,0,32,0,40,0,0,0,0,0,0,0,0,0,0,68,0,123,0,0,0,0,0,0,0,0,0,52,0,0,0,0,2036,0,0,0,0,0,8,0,0,272,0,0,2,0,0,0,0,0,0,2,0,3,111,0,0,0,0,2,0,0,2,0,0,0,0,40,145,0,0,564,0,0,0,1,0,0,1758,0,0,405,0,0,15,0,0,0,0,0,0,0,2,30,0,3,0,0,27,0
"323",0,0,1,0,4,0,7,0,0,0,0,0,0,0,7,0,0,0,0,0,0,22,0,1,0,2364,0,0,3,0,27,0,0,283,0,0,16,164,1,0,0,0,0,32,0,42,0,0,0,0,6,53,1,0,22,7,1,1,1,11,0,0,1,0,0,0,0,0,0,0,138,0,0,0,0,0,0,0,0,0,0,0,3,0,0,0,1,0,0,47,0,1,4,0,0,3,0,0,79,0,0,36,0,0,2,0,0,0,1,0,0,0,0,54,0,1,0,1,11,0,0,15,0,2,0,0,0,17,6,101,0,0,0,1,0,0,0,2,0,0,0,0,0,0,510,0,0,0,0,0,1,15,43,0,0,2,0,0,13,72,0,0,0,875,0,0,0,2,1,0,1,0,0,1,0,0,2,70,0,4,69,0,0,15,1,0,0,0,0,0,0,175,1,0,0,0,0,0,0,0,0,0,0,0,0,5,1,0,1,2,0,35,0,0,19,0,131,14,6,0,0,1,0,0,4,0,0,0,202,0,0,0,0,839,0,0,8,0,0,0,0,0,0,0,1,0,0,0,0,0,0,0,0,0,2,0,4,0,2,4,1,0,0,1,1,0,0,725,0,0,0,94,890,1,2,1,0,0,5,0,0,0,875,0,0,0,0,1,60,0,0,0,0,0,0,2,1,0,0,113,0
"324",0,0,0,0,0,0,0,0,0,0,0,0,0,0,13,0,0,0,0,0,0,3,0,3,0,0,0,0,6,333,213,0,0,0,0,0,0,0,0,0,0,0,0,164,0,11,0,0,0,0,0,0,0,0,0,0,0,1,0,0,0,0,0,0,0,0,110,0,0,45,10,0,0,205,0,0,0,0,0,211,0,0,0,0,0,1,0,1,0,0,0,4,40,0,0,17,52,0,0,0,0,0,0,0,0,0,0,970,0,0,2,0,8,628,0,0,0,0,819,0,0,0,0,0,125,0,0,0,0,0,0,0,0,0,0,0,9,0,0,0,4,0,0,0,0,0,0,0,0,102,16,0,0,0,0,0,2,0,214,199,1,0,0,0,0,0,0,0,6,0,0,0,4,0,0,0,0,218,0,4,0,0,0,0,0,2,0,0,23,0,0,236,2,0,0,5,0,6,0,0,0,0,0,0,446,7,0,0,1,0,9,0,0,0,0,0,107,0,0,0,26,0,0,0,0,0,0,0,153,0,0,0,0,0,20,0,14,0,7,2,0,0,0,0,8,1,0,1,0,0,76,0,0,0,0,6,5,0,25,77,1,0,0,0,7,0,0,0,7,87,0,0,727,0,0,0,0,0,0,2416,0,0,444,0,0,33,0,42,0,0,0,0,0,0,22,51,24,0,0,10,0
"325",0,0,0,0,0,2,0,24,0,0,0,4,0,0,59,11,0,0,0,0,17,13,0,5,0,1,0,0,6,92,92,0,0,0,0,63,17,0,2,0,0,0,42,0,0,4,0,9,0,0,0,0,0,1,0,0,0,0,0,188,0,0,1,0,0,0,9,0,0,0,0,0,0,16,0,0,0,0,0,61,24,0,0,0,0,0,10,0,0,29,0,15,9,0,141,3,0,0,0,0,0,0,0,0,4,0,0,2109,0,0,0,0,0,74,0,2,0,0,1,0,0,0,0,2,37,0,0,0,0,0,26,119,0,0,0,0,27,0,0,0,25,0,0,0,0,0,3,0,0,0,16,34,8,0,0,0,0,0,17,0,66,0,0,0,0,0,0,0,0,0,4,0,0,0,0,0,0,387,20,6,0,0,0,0,0,0,0,131,0,0,0,0,0,0,0,1,0,0,0,0,0,0,0,0,0,9,0,0,0,2,0,0,0,1,0,0,81,27,9,0,278,54,0,0,2,0,0,466,39,0,98,0,0,16,0,0,0,0,0,0,0,0,0,42,0,0,0,0,0,0,405,15,0,0,0,11,28,0,2,0,1,0,0,2,0,0,0,0,0,760,51,11,2592,0,0,0,0,0,4,427,1,0,116,0,0,0,0,8,24,15,0,0,0,0,301,0,8,0,0,4,0
"326",0,5,0,0,0,0,24,28,0,0,0,0,0,523,21,0,0,1,0,0,107,32,0,0,0,344,0,0,17,0,503,0,0,133,0,0,1,317,0,0,0,0,0,0,0,405,0,0,0,0,0,0,0,0,0,0,0,0,0,256,0,0,0,0,0,0,39,0,0,0,24,0,0,21,0,0,0,0,0,153,0,0,25,0,0,0,2,0,0,44,0,39,37,0,0,0,0,0,65,0,0,1,0,0,0,0,0,436,0,0,0,0,0,37,0,0,0,0,25,0,0,0,0,0,43,8,0,0,2,0,12,22,0,0,0,0,1,0,0,0,0,1,0,1,0,0,14,0,0,6,6,13,0,0,1,0,0,0,0,0,0,0,0,694,0,0,0,0,0,0,5,0,40,0,0,0,0,41,550,2,0,0,0,0,0,0,0,0,0,0,0,29,0,0,0,0,0,0,0,0,0,0,0,2,0,5,0,0,1,7,0,0,0,1,5,0,341,0,2,0,0,25,0,0,0,0,0,0,101,0,87,0,0,674,0,0,0,0,0,0,0,0,0,0,0,89,0,0,0,0,1398,0,0,0,3,0,0,0,1,187,7,0,0,3,0,0,0,0,0,0,7,15,14,0,0,0,0,0,0,1761,0,0,49,0,0,0,0,0,0,22,0,0,0,0,0,0,3,0,0,38,0
"327",0,0,0,0,0,0,1,0,0,0,0,0,2,16,1,0,0,1,0,0,0,6,0,3,0,2,0,0,3,0,0,0,0,139,0,0,0,0,0,0,0,0,266,0,0,191,0,2,0,0,4,0,0,0,0,0,0,0,0,0,0,0,0,0,0,0,26,0,0,0,0,0,0,0,0,768,0,0,0,0,0,0,0,0,0,0,0,1,0,15,0,4,0,74,0,0,0,0,26,0,0,0,0,0,4,0,0,4654,0,0,0,0,0,61,0,0,5,0,108,3,0,0,7,1,29,0,0,0,0,117,33,46,0,0,0,0,0,0,0,0,62,0,0,0,0,0,22,0,0,1,0,0,0,0,1,0,0,0,0,16,0,0,0,0,0,0,0,0,0,0,0,4,1,0,0,0,0,0,144,0,0,0,0,0,0,0,0,0,0,2,0,86,1,0,0,2,0,0,0,0,0,0,0,0,0,4,0,0,1,2,0,0,28,0,0,0,0,0,141,0,0,46,0,0,0,0,0,0,23,0,0,0,0,0,0,0,0,0,0,0,0,0,0,0,0,0,1,0,0,0,0,0,0,0,20,0,1,0,0,41,0,0,0,0,1,0,0,0,0,0,0,0,260,1,2,0,0,0,4,1339,0,4,310,0,18,0,0,1,0,28,235,0,0,0,174,0,1,0,0,107,0
"328",0,0,0,1,0,0,0,0,0,0,0,0,0,0,0,0,46,0,0,0,0,9,0,0,0,1887,1,0,18,66,15,0,0,11,0,0,33,6,0,0,0,0,0,31,0,206,0,0,0,0,3,0,0,0,12,0,0,0,0,1,0,0,0,0,0,0,67,0,0,363,69,0,0,0,1,0,0,0,0,13,0,0,2,0,0,21,0,0,0,0,2092,3,0,0,0,0,0,0,49,0,0,32,0,0,0,1,0,15,0,21,0,0,0,14,0,0,0,0,7,0,0,0,0,17,222,0,0,0,0,0,1,103,0,0,0,0,384,0,0,3,12,0,0,0,0,0,8,0,0,0,4,22,1,0,151,0,5,0,220,1,7,0,0,1444,0,0,0,0,0,0,1,0,1,0,0,0,0,89,17,1,0,0,0,0,1,0,7,0,0,0,0,52,1,1,0,0,0,0,0,0,0,0,0,586,0,4,0,0,1,0,0,0,0,0,3,0,0,0,55,0,0,39,0,0,0,0,0,0,0,4,12,1,0,293,0,0,1,0,0,39,0,0,0,0,4,2,0,0,0,0,0,0,8,0,1,63,13,0,5,1,0,0,0,2,0,0,0,0,0,13,0,5,113,0,0,0,1,0,0,640,0,0,10,0,0,0,0,0,20,24,0,0,0,0,106,1,4,0,0,42,0
"329",0,0,3,0,2,1,1,32,0,0,0,0,4,63,13,0,0,1,1,0,94,23,0,3,0,28,1,0,54,13,128,0,0,22,0,0,28,668,1,0,0,0,0,0,0,50,0,2,0,0,0,0,1,0,3,0,0,0,3,16,1,0,0,1,0,0,16,0,0,0,31,1,0,124,0,0,1,0,0,48,0,0,3,0,888,0,1,0,0,125,0,30,9,0,0,0,0,0,0,0,0,0,10,0,0,24,0,2033,0,46,0,0,0,20,1,1,0,0,169,0,0,0,0,1,11,0,0,0,0,0,0,59,0,0,0,0,4,0,0,0,8,0,0,3,7,0,16,3,0,0,8,0,0,3,1,0,0,0,0,0,0,0,0,0,0,0,0,0,0,4,7,0,0,0,0,0,1,0,90,2,0,0,0,0,28,0,0,0,0,0,3,31,221,0,0,0,0,3,0,0,20,0,0,559,0,7,4,0,0,12,9,0,0,0,26,1,98,15,1,0,130,16,0,0,0,0,15,0,118,1,349,1,0,587,0,0,1,0,0,2,1,0,0,0,1,0,0,0,0,0,0,6,0,0,96,34,6,0,9,33,25,0,0,3,0,0,0,0,0,909,0,13,14,0,0,0,0,0,0,1313,1,0,51,0,0,0,0,4,74,0,0,0,1,0,0,0,12,0,0,81,0
"330",0,0,0,0,2,0,0,3,0,1,0,1,0,0,34,0,0,0,0,11,1,10,0,0,0,1611,0,0,9,0,0,0,0,157,0,0,11,1,1,0,0,0,0,15,0,247,0,2,4,0,2,0,0,0,3,0,0,0,16,1,0,0,0,1,0,0,231,0,0,65,11,0,0,3,34,3,0,1,0,4,0,2,159,0,30,4,192,0,0,12,595,3,0,0,0,0,0,3,74,0,6,0,13,0,0,3,5,93,0,2,0,0,0,69,0,0,0,1,6,0,0,0,0,1,133,77,0,224,0,0,43,190,0,0,0,0,6,3,0,2,26,0,0,0,0,0,2,1,0,1,6,7,1,0,0,0,0,0,0,147,0,0,0,1,0,0,0,0,0,0,1,0,0,0,0,0,0,4,4,4,9,0,0,0,12,0,0,0,0,0,7,45,13,0,0,0,0,1,0,0,0,0,0,2,0,3,0,0,0,18,0,0,30,3,1,0,49,21,2,0,0,1,0,0,0,2,3,0,89,7,160,0,0,1363,0,0,4,0,3,2,1,0,0,4,6,0,270,0,0,0,102,0,3,0,2,13,4,0,0,0,1,30,0,1,0,0,0,0,1,80,0,0,453,0,0,0,0,0,1,1958,1,0,178,0,0,0,0,44,16,7,0,0,0,0,243,2,1,42,1,12,20
"331",0,0,0,0,0,0,0,0,0,0,0,0,1,224,89,0,0,1,0,2,17,39,1,4,1,749,0,0,20,10,0,0,0,72,0,0,2,0,0,2,0,0,0,6,0,184,0,0,0,0,0,0,0,0,0,0,1,3,0,1,0,1,2,0,0,0,0,0,0,4,0,0,0,0,0,0,0,0,0,2,0,0,0,0,0,0,0,1,0,68,0,0,0,0,0,0,0,0,67,0,0,0,0,0,0,0,0,2912,0,54,0,0,0,0,0,1,0,2,52,0,0,6,6,1,246,0,0,104,0,0,0,129,0,1,0,0,1,0,0,0,1814,0,0,0,0,0,4,0,0,3,31,5,0,0,0,0,0,0,2,5,0,0,0,196,0,1,0,44,0,0,2,0,32,0,0,0,0,0,0,1,0,0,0,0,2,0,0,3,0,0,0,0,2,0,0,0,0,0,0,21,0,0,0,0,1031,257,0,0,0,19,0,0,0,0,1,0,16,0,0,3,133,0,0,0,0,0,0,0,0,0,130,0,0,110,0,0,0,0,0,0,0,0,0,0,0,0,0,0,0,0,0,1,0,0,1,3,265,0,0,0,0,0,0,3,0,0,0,0,0,80,0,0,192,0,5,0,0,0,2,4,0,0,103,0,0,0,0,72,12,0,0,0,0,0,30,0,11,0,0,0,0
"332",0,0,26,1,0,2,0,0,0,0,0,2,0,0,7,0,0,0,0,0,0,144,0,0,0,5,0,0,5,0,0,0,0,0,0,0,7,0,0,0,0,0,0,0,0,144,0,0,0,0,0,0,0,0,0,0,0,0,0,0,0,0,0,46,0,0,101,0,0,0,0,0,14,0,0,0,0,0,0,0,0,0,0,0,0,87,0,0,0,0,0,0,3,0,0,0,0,0,171,0,0,0,24,0,0,0,0,1368,0,0,0,0,0,146,0,0,0,80,223,1,4,0,0,2,0,0,0,0,0,0,0,1,0,0,0,0,0,0,0,0,6,0,0,0,0,0,25,0,0,0,12,0,0,0,0,0,0,0,0,0,0,0,0,0,0,1,0,0,0,3,0,0,0,0,0,0,0,52,114,0,0,0,0,0,0,0,0,0,0,0,0,627,1,0,0,0,0,0,1,0,0,0,0,0,0,232,0,0,0,0,0,0,0,0,0,0,422,0,0,0,0,0,0,0,0,0,0,0,0,0,0,0,0,381,0,0,9,0,0,18,0,0,0,0,0,0,2,0,0,0,0,0,0,0,0,146,0,0,0,0,4,0,0,0,0,0,0,0,0,15,0,0,30,0,0,0,0,0,0,4571,0,0,318,3,0,0,0,0,112,0,0,0,0,0,41,0,34,0,0,205,0
"333",0,0,0,0,0,0,0,0,0,0,0,1,0,603,1,0,0,0,0,0,39,24,0,1,0,3,0,0,1,9,609,12,0,9,0,0,0,11,0,0,0,0,0,21,0,37,0,1,0,0,1,0,0,0,13,0,0,0,0,318,0,6,0,0,0,0,28,0,0,0,14,0,0,2,0,0,0,0,0,38,0,0,0,1,16,0,0,0,0,79,115,1,0,0,0,0,0,0,41,0,0,0,0,0,1,0,59,1844,0,0,0,0,0,135,0,0,0,0,3,9,0,0,0,0,78,0,0,0,0,4,31,41,0,0,0,0,1,0,0,0,0,0,0,0,0,0,0,8,0,0,2,0,0,0,0,0,0,0,7,8,0,0,2,350,0,0,0,0,0,0,4,0,1,0,0,0,0,0,85,0,48,0,0,0,2,0,0,0,19,0,0,82,0,0,0,0,0,0,0,0,0,0,0,84,0,1,0,0,0,0,0,0,3,0,0,0,16,23,1,2,0,10,0,0,0,0,0,0,121,0,1,0,0,30,0,0,5,0,0,0,1,0,3,0,0,0,0,0,0,0,14,1,5,0,0,0,0,0,16,2,0,0,0,0,0,0,1,33,0,68,5,1,836,0,0,0,0,0,0,3646,0,0,65,0,0,0,0,0,28,15,0,0,0,0,22,0,2,61,0,8,0
"334",0,0,0,1,0,0,4,0,0,0,0,0,0,0,7,0,0,0,0,0,0,71,4,1,0,215,0,0,26,0,0,0,0,220,0,0,4,173,0,0,1,0,50,63,0,25,0,0,0,0,0,0,0,0,0,0,0,1,0,0,0,8,0,0,0,0,115,0,0,0,0,0,0,0,0,0,0,0,0,0,0,0,0,0,0,0,0,0,0,0,0,8,4,0,0,0,0,0,0,0,0,0,0,0,0,0,352,2109,0,0,0,0,0,131,0,0,0,0,108,2,0,0,3,0,0,0,1519,0,0,0,8,26,0,0,0,0,1,0,0,0,313,0,0,0,0,0,0,0,0,0,19,0,0,0,0,0,0,0,76,18,0,0,0,2,0,0,0,2,0,0,0,0,0,0,0,0,0,0,0,0,0,0,0,0,0,0,0,0,0,0,0,0,2,0,0,0,0,0,0,0,0,0,0,0,4,0,0,0,0,1,0,0,7,0,0,0,0,0,323,0,0,0,0,0,0,0,0,0,0,0,0,0,0,0,0,0,0,0,0,0,0,0,167,0,0,0,0,0,0,0,0,9,0,1,0,0,0,0,0,0,0,0,0,0,0,0,0,0,0,9,0,0,156,0,0,0,0,0,62,672,0,300,310,0,0,0,0,1,0,0,0,0,0,0,0,0,44,0,0,10,0
"335",0,0,0,0,0,0,22,15,0,0,2,4,0,0,13,0,0,0,0,0,25,1,0,0,3,3486,0,0,0,0,22,0,44,92,0,0,0,12,0,0,0,0,0,49,0,23,0,0,0,20,0,0,0,0,0,0,0,0,0,950,0,39,0,0,0,4,28,0,0,33,40,0,0,7,0,0,0,0,43,36,0,0,0,0,30,0,0,2,0,36,0,0,10,0,0,1,0,0,0,0,0,0,0,0,2,0,0,373,5,8,0,89,0,4,0,0,0,0,109,0,0,0,0,4,0,0,276,0,4,0,6,75,0,0,0,0,0,0,0,0,0,0,0,0,0,0,0,0,0,16,0,108,0,0,0,0,0,0,6,46,0,0,0,0,0,0,0,0,0,0,0,0,0,3,0,0,0,1,37,0,10,0,4,0,0,0,0,0,4,0,0,15,0,0,0,0,0,0,0,0,0,0,0,1,0,0,0,0,0,0,0,8,0,0,3,0,126,0,0,12,0,0,0,0,0,2,0,0,65,0,28,0,0,477,0,0,0,0,0,0,0,0,0,0,0,0,0,0,0,0,0,0,0,0,4,0,0,0,0,0,0,0,0,6,0,0,0,0,0,57,0,0,0,0,0,0,0,0,5,2817,0,0,86,0,0,0,0,0,0,7,131,0,0,0,6,0,0,110,0,0,0
"336",0,0,0,0,0,0,1,0,0,0,0,0,0,0,0,0,0,0,0,0,15,41,0,0,2,3356,0,0,3,9,0,370,0,72,0,0,3,20,0,0,0,0,0,63,0,10,0,0,0,0,0,0,0,0,0,0,0,0,0,0,0,0,0,0,0,0,68,1,0,0,0,0,0,0,0,0,0,0,0,0,0,0,0,0,14,0,527,0,0,0,32,1,0,0,0,0,0,0,0,0,0,0,0,0,0,0,0,75,0,30,2,0,0,83,0,0,0,0,89,0,6,0,0,1,44,0,0,0,0,0,0,322,0,0,0,0,393,0,0,0,0,0,0,0,0,0,0,0,0,15,0,0,0,0,0,0,0,0,0,8,0,0,0,0,0,0,0,0,0,0,0,0,0,0,0,0,0,0,0,0,0,0,0,0,0,0,0,0,0,2,0,8,1,0,0,0,0,0,0,0,0,0,0,1,0,6,0,0,1,1,0,0,0,0,1,0,92,0,1,0,0,0,0,0,0,0,0,0,0,0,85,0,0,1484,0,0,0,0,0,0,0,0,0,0,0,0,0,1,1,0,0,0,0,0,0,18,0,0,0,2,0,0,0,4,0,0,0,1324,0,183,0,0,1028,0,0,0,0,0,1,19,0,0,14,0,0,0,0,0,33,0,0,0,0,0,0,0,0,0,0,10,0
"337",0,0,0,9,5,0,6,0,0,2,8,0,4,0,0,0,0,0,0,0,119,29,0,0,0,1810,2,0,25,8,0,0,0,0,0,0,0,218,0,0,0,8,0,45,0,45,0,0,0,0,2,0,0,0,3,0,0,0,0,0,0,37,0,1,0,0,41,0,10,0,11,0,0,0,2122,0,0,0,0,2,0,0,7,0,0,5,0,0,0,23,9,0,0,0,0,0,0,0,38,0,0,0,0,22,2,0,0,160,0,0,0,0,0,41,0,0,0,0,12,0,0,0,0,1,0,0,0,0,0,172,2,0,0,0,0,62,0,0,0,0,0,0,0,0,0,0,0,1,0,0,13,8,0,0,0,0,0,0,0,144,0,6,0,0,0,0,0,0,0,2,0,0,0,0,0,0,0,3,865,0,0,0,0,0,0,0,0,0,0,1,0,162,0,0,0,0,0,0,0,0,0,0,0,0,0,0,13,0,0,9,0,0,0,0,26,0,0,14,0,0,24,41,0,0,0,7,144,0,51,4,0,0,0,116,0,0,1,0,0,2,0,0,0,0,0,0,0,0,0,0,3,3,0,0,0,1,1,0,0,26,0,0,0,1,1,0,0,0,0,11,0,0,86,0,0,0,0,0,0,2287,0,0,326,0,0,0,0,0,59,10,0,0,0,0,0,0,0,0,0,107,3
"338",34,0,0,0,0,0,0,0,0,0,1,0,0,0,0,0,0,0,0,0,0,1,0,0,0,0,0,0,0,0,0,0,0,78,0,0,0,0,0,0,0,0,0,0,0,0,0,0,0,0,0,0,0,0,0,0,0,0,0,0,0,0,0,0,0,0,0,0,29,13,1,0,0,0,0,0,0,0,0,1,0,0,169,0,0,0,0,1,0,16,0,40,0,0,0,1,0,0,21,0,0,51,0,0,0,0,0,352,0,21,0,0,0,2,0,0,0,0,0,0,0,0,0,0,0,0,0,0,0,0,0,0,0,0,0,0,0,1,0,0,0,0,0,0,0,0,1,1,0,0,0,0,0,0,1,0,0,0,0,6,0,0,0,203,0,0,0,0,0,0,0,0,0,2,0,0,0,0,20,0,0,0,0,0,0,0,0,0,0,0,0,0,0,0,0,0,1,0,0,0,0,0,1,1,962,0,0,0,0,0,0,35,0,0,1,0,10,1,0,0,23,1,0,0,0,0,0,0,0,0,0,0,0,238,0,0,1,1,0,0,0,0,0,0,0,1,0,0,0,0,0,0,1,1,1,0,0,0,1,0,0,0,0,3,0,0,0,0,0,7146,0,0,485,0,0,0,0,0,1,0,0,0,29,0,0,0,0,0,0,1,0,0,0,0,0,0,0,0,0,0,0
"339",15,0,0,16,0,0,0,0,0,0,0,0,0,0,0,0,3,0,0,0,0,9,0,0,0,1499,0,0,1,82,115,0,0,0,0,0,0,0,0,0,0,0,0,0,0,0,0,0,0,0,0,0,0,0,2,0,0,0,0,16,0,0,1,0,0,0,26,0,0,0,0,0,0,0,0,549,0,0,0,14,0,0,3,0,0,4,0,0,0,79,0,0,17,0,0,0,0,0,0,0,0,620,0,0,0,0,0,720,0,0,0,0,2,0,1,6,0,0,8,0,0,0,0,1,30,0,0,0,0,0,35,0,0,0,0,0,641,0,0,0,1,0,0,0,0,0,7,0,0,0,0,0,0,0,0,0,0,0,0,0,0,0,0,0,0,0,0,0,0,0,9,0,0,0,26,80,0,0,0,0,0,0,0,0,12,0,0,0,0,0,1,33,0,0,0,0,0,0,0,0,0,0,0,32,0,4,1,0,0,2,0,0,0,0,0,1,9,0,0,0,0,0,0,0,0,32,0,6,0,0,0,0,0,483,0,0,0,0,0,2,0,0,0,0,1,42,0,0,0,0,0,0,12,0,0,106,5,0,0,0,0,0,0,3,0,0,1,0,0,2688,0,29,0,0,0,0,0,0,0,1569,0,0,81,0,0,0,0,0,0,183,0,0,0,0,0,2,0,0,0,24,0
"340",0,0,0,0,0,0,11,0,9,0,0,0,3,4,211,0,0,0,0,0,0,0,0,8,0,1459,0,0,186,0,0,0,0,0,0,0,0,0,0,0,0,0,0,0,0,429,0,0,0,0,0,0,0,0,0,0,0,17,0,0,0,0,0,0,0,0,0,1,0,0,0,0,0,0,0,0,0,0,0,0,0,0,0,0,0,0,0,0,0,0,0,0,10,0,0,17,983,0,0,0,0,0,0,0,0,0,0,0,0,0,0,0,0,0,0,0,0,0,0,1,0,0,0,0,0,0,0,0,0,0,0,0,0,0,0,70,0,0,0,0,4862,0,0,0,0,0,0,0,0,1,0,0,0,0,0,0,0,0,0,0,0,0,0,0,0,0,0,0,0,0,0,0,0,0,0,0,0,0,15,0,0,3,0,0,0,0,0,0,0,0,0,626,6,0,0,0,0,0,0,0,0,0,0,0,0,0,0,0,1,0,0,0,0,0,0,0,38,0,870,0,0,0,0,0,0,0,0,0,0,0,0,0,0,0,0,0,0,0,0,0,0,0,0,0,0,0,0,1,0,0,0,0,0,0,0,0,0,0,0,0,0,0,0,0,0,0,0,0,0,0,0,0,0,0,1,0,3,0,0,1,0,0,0,0,0,43,0,2,28,0,0,0,0,0,0,0,79,0,0,0,0
"341",0,2,0,0,0,2,0,0,0,0,0,0,0,0,483,4,0,1,1,2,1,12,0,10,0,1628,0,0,66,8,3,0,0,100,0,0,0,0,0,0,0,0,0,0,0,25,0,6,0,0,0,0,0,0,5,0,0,0,0,40,0,0,0,1,0,0,44,0,0,0,16,0,2,0,0,0,0,0,0,8,0,0,0,0,0,1,59,22,0,23,0,6,226,0,3,180,0,0,2,0,0,2,0,0,1,0,0,413,0,14,0,0,0,57,5,1,0,0,38,0,0,0,0,14,8,936,0,0,1,0,10,51,0,0,0,0,19,0,0,0,21,0,0,0,0,0,4,0,0,0,14,9,0,6,1,0,0,0,0,7,0,0,0,214,0,0,0,3,0,0,6,0,1,0,0,0,1,0,11,1,0,0,0,0,15,2,0,0,0,0,1,56,4,8,0,0,0,0,0,0,0,0,363,7,0,234,0,7,1,2,0,0,0,0,0,1,58,3,14,0,5,0,0,0,0,16,36,1,25,0,13,0,0,863,0,0,0,1,0,0,1,0,0,7,0,8,0,0,0,0,0,2,26,0,1,3,4,0,6,4,2,0,0,4,1,1,0,0,0,116,0,0,196,1,0,7,0,0,0,0,0,0,277,2,1128,22,0,1,0,36,0,0,0,0,0,0,3,0,0,16,0
"342",0,0,0,2,0,0,0,0,0,0,0,0,0,0,90,0,0,0,0,0,0,20,0,0,0,724,0,0,0,20,0,0,0,0,0,0,0,0,0,0,0,0,0,40,0,0,0,0,0,0,0,0,0,0,0,0,0,0,0,26,0,0,0,3,0,0,236,0,0,128,0,0,0,0,0,0,0,0,0,38,0,0,0,0,180,0,191,1,0,0,0,1,0,0,0,0,0,0,0,0,0,261,0,0,0,0,0,89,0,22,0,0,0,0,0,1,0,0,278,0,0,0,0,0,0,0,0,0,0,0,0,0,0,0,0,0,0,0,0,0,0,0,0,0,214,0,42,0,0,0,13,0,0,28,0,0,0,0,0,97,0,0,0,0,0,0,0,0,0,0,0,0,1,0,0,0,0,0,6,0,0,0,0,0,0,0,0,0,0,0,0,207,0,0,0,0,0,0,0,0,0,0,0,39,0,73,26,0,0,0,0,0,21,0,0,0,0,0,0,0,1,42,0,0,0,0,0,0,0,0,315,0,0,725,0,0,0,3,0,90,0,0,0,0,233,0,0,0,0,0,0,1,0,0,0,0,29,0,0,0,0,0,0,0,0,0,0,0,0,2,0,138,1642,0,0,0,0,0,0,3501,0,0,0,0,0,0,0,0,0,95,0,0,0,0,0,0,0,0,0,67,0
"343",0,0,1,0,34,0,0,0,0,1,0,0,0,0,0,0,0,2,0,0,8,5,0,0,0,0,0,0,69,16,28,0,0,32,0,0,8,6,1,0,0,0,0,81,0,75,0,0,0,0,1,0,0,0,1,0,0,0,0,1,0,0,0,0,0,0,65,0,0,1,8,0,0,0,0,0,0,0,0,1,0,1,0,0,0,0,0,0,0,44,3601,3,12,0,0,20,0,0,9,0,0,12,0,0,1,4,0,69,0,2,0,0,0,18,0,2,0,0,7,6,0,0,0,4,53,152,2,233,4,0,6,0,124,1,0,0,323,1,0,0,2,0,0,0,0,0,1,1,0,7,3,4,0,0,16,0,0,0,0,90,0,0,0,1,0,0,0,3,0,0,1,0,0,0,0,5,0,33,8,0,0,0,0,31,3,0,0,0,0,0,0,82,0,2,0,0,0,2,0,0,0,0,0,7,2934,2,0,0,1,17,0,41,4,6,2,0,2,5,0,0,0,1,0,5,0,2,0,0,40,2,0,0,0,1054,0,0,0,0,0,0,0,0,0,0,52,26,0,0,0,0,0,1,4,0,1,8,1,0,2,27,0,0,0,1,1,0,0,0,0,0,0,3,87,0,0,1,0,0,8,10,0,0,94,0,0,0,0,0,3,43,0,0,0,0,0,0,9,0,0,45,0
"344",0,0,0,0,0,0,87,0,0,0,0,0,0,468,32,0,0,0,0,0,0,24,0,0,0,0,0,0,105,82,0,0,0,0,0,0,0,0,0,0,0,0,0,60,0,0,0,0,0,0,0,0,0,0,0,0,0,0,0,11,0,0,0,0,0,0,64,0,0,0,12,0,0,23,0,0,0,0,0,0,0,0,0,1,0,0,5,0,0,28,0,0,3178,0,0,0,0,0,1,0,0,4,0,0,39,0,0,644,0,0,0,0,0,17,1,0,0,0,52,0,0,0,0,1,10,0,0,0,1,0,0,25,0,0,0,0,249,0,0,0,45,0,0,0,95,0,0,0,0,0,0,0,0,0,0,0,0,0,0,70,0,0,0,0,0,1,0,0,0,0,0,0,54,0,0,0,0,0,1,0,0,0,0,0,0,0,0,0,0,0,0,46,0,0,0,0,0,0,0,0,0,0,0,0,0,218,24,0,1,0,0,0,0,0,1,0,0,0,130,3,0,0,0,0,0,2,0,0,0,0,0,0,0,1481,0,0,0,0,0,72,0,0,0,0,0,0,0,0,0,0,54,0,0,0,0,491,0,0,1,0,0,0,0,5,0,0,0,0,0,412,0,0,345,0,0,0,0,0,0,410,0,0,6,0,0,0,0,0,0,0,0,0,0,0,177,0,65,0,0,24,0
"345",0,0,0,0,0,0,3,0,0,0,0,0,0,0,59,0,0,0,0,0,43,42,0,0,0,1732,0,0,544,125,65,0,0,0,0,0,2,291,0,0,1,0,0,112,0,120,0,0,0,0,0,0,0,0,0,0,0,0,0,1,0,0,0,0,0,0,34,0,0,176,0,0,0,0,0,0,0,0,0,7,0,0,39,0,0,1,0,0,0,68,0,47,0,0,0,21,0,0,21,0,0,1,0,0,0,2,0,3,0,258,0,0,0,0,0,0,0,0,141,3,0,0,0,4,0,0,0,0,0,0,0,1,0,0,0,0,263,0,0,0,1,0,0,0,214,0,2,2,0,0,16,2,0,0,0,0,0,0,0,2,0,0,0,0,0,0,0,0,0,0,12,0,852,0,0,0,0,0,150,0,0,0,0,0,15,0,0,0,0,0,0,89,32,0,0,0,0,0,0,0,0,0,0,4,1113,10,0,0,0,254,0,0,0,0,1,0,28,69,8,0,0,33,0,0,0,0,0,0,0,0,135,0,0,674,0,0,0,0,0,0,0,0,0,0,1,0,0,0,0,0,0,3,0,0,0,4,1,0,0,3,3,0,0,1,0,0,0,0,0,715,0,2,91,0,0,0,0,0,6,0,0,0,93,0,0,0,0,0,4,31,0,0,0,0,0,0,18,0,0,139,0
"346",0,0,1,0,0,0,16,0,0,0,0,0,0,0,17,0,0,0,0,0,53,3,0,0,0,1,0,0,8,0,211,227,16,59,0,0,0,0,0,0,0,0,0,0,0,0,0,1,0,0,43,0,0,0,0,0,0,0,0,4,0,0,0,0,0,0,0,0,0,0,0,0,0,33,0,0,0,0,0,23,0,0,0,0,449,1,0,0,0,84,0,0,0,14,0,0,0,0,13,0,0,3,0,0,0,0,1,1349,0,0,0,1,0,0,0,0,0,1,93,0,0,0,0,0,89,0,0,0,0,107,23,0,0,0,0,11,0,0,0,0,0,0,0,0,0,0,8,10,0,0,5,8,0,0,0,0,0,0,0,67,0,0,0,113,0,0,0,0,0,0,0,17,1493,0,0,0,0,137,110,0,0,0,0,0,0,0,0,0,29,0,0,69,1,4,0,0,0,0,1,0,0,0,0,0,854,2,0,0,1,0,0,0,1,0,3,0,0,28,0,0,310,0,0,0,0,0,19,0,56,0,141,0,0,36,0,0,1,0,0,0,0,0,63,1,0,0,0,0,0,0,33,1,12,0,20,0,0,0,1,32,0,0,0,0,0,0,0,0,41,95,4,27,220,0,0,0,1,0,0,2795,0,0,0,0,0,2,0,0,25,47,0,0,0,0,63,0,0,2,0,42,0
"347",0,1,0,0,0,0,1,6,0,0,0,0,0,0,96,0,0,0,0,0,25,23,0,0,0,1592,0,0,0,0,1035,0,0,144,0,16,182,1,0,0,0,0,0,11,0,342,0,1,0,0,0,0,1,0,5,0,0,0,0,79,0,1,0,0,0,0,30,0,0,0,14,0,0,2,0,0,0,0,0,275,7,0,25,0,28,0,16,0,0,32,0,0,104,0,0,33,0,0,17,0,0,0,0,3,4,0,0,151,0,0,0,0,0,74,0,0,0,0,75,0,0,0,0,0,950,18,0,0,1,7,0,90,0,0,0,0,0,0,0,0,0,0,0,0,0,0,0,0,0,0,8,0,0,0,0,0,0,0,0,40,0,0,0,0,0,0,0,0,0,0,22,0,0,0,0,0,0,72,419,0,0,0,0,0,0,0,0,0,4,0,0,7,0,0,0,0,0,1,0,0,0,0,0,8,92,0,0,0,3,0,0,0,0,6,7,1,64,6,0,0,0,6,0,4,0,29,0,0,173,0,155,0,0,612,0,0,6,0,0,0,0,1,0,0,1,21,0,0,0,0,0,0,0,0,4,0,0,0,2,18,1,0,0,1,0,0,4,0,0,26,0,0,73,0,0,0,0,0,6,1920,0,0,232,0,0,0,0,0,8,40,0,0,0,0,20,0,0,0,0,95,0
"348",0,0,0,0,0,0,0,17,0,0,0,1,0,0,9,0,0,0,0,0,7,24,0,134,0,457,0,0,63,0,132,0,0,133,0,0,10,1,0,0,0,0,3,13,0,15,0,1,0,0,0,0,0,3,25,0,0,0,0,222,0,17,0,0,0,0,163,0,0,0,48,0,0,0,0,0,0,0,0,53,0,14,31,0,59,0,1,0,0,4,0,16,0,0,0,17,0,0,3,0,0,0,0,0,18,0,162,440,0,47,0,0,0,34,2,0,0,0,29,0,0,0,0,0,13,38,0,0,3,117,1,0,0,6,0,0,0,0,0,0,0,0,0,0,0,0,6,0,0,0,4,0,0,4,0,0,0,0,205,105,0,0,0,1922,0,0,0,0,0,0,8,0,0,0,0,0,7,110,81,0,0,0,0,0,33,0,0,0,0,0,0,2,0,0,0,0,0,1,0,0,0,0,0,164,0,11,1,0,0,8,0,1,27,9,5,4,75,246,0,2,57,90,0,6,0,0,0,0,112,10,63,0,0,591,0,0,2,0,0,0,0,0,0,0,0,42,0,0,0,0,0,1,11,0,3,24,0,0,15,3,6,0,0,2,0,0,0,0,4,116,0,1,1060,0,0,3,0,0,2,1811,0,0,59,0,0,0,0,0,60,1,0,0,0,0,21,0,44,123,0,12,0
"349",2,0,0,1,6,0,0,73,0,0,0,0,0,0,4,0,0,0,0,0,142,10,0,2,0,3949,0,0,4,12,47,0,0,0,0,0,7,0,0,0,0,0,0,0,0,230,0,0,0,0,1,0,0,4,25,0,0,0,0,300,0,0,0,0,0,0,16,0,0,0,0,0,0,0,0,0,0,0,0,184,0,0,80,0,0,1,2,0,0,0,0,13,3,0,0,97,0,0,26,0,0,37,0,0,0,0,0,0,0,12,0,0,0,41,0,1,0,3,13,1,0,0,5,1,966,0,0,0,0,0,0,0,0,0,0,0,1,0,0,0,1,0,0,1,0,0,0,0,0,30,6,0,0,2,1,0,0,0,0,0,0,0,0,0,0,0,0,3,0,0,0,0,0,0,0,12,0,0,0,0,0,0,0,0,0,0,2,1,0,0,8,38,0,0,0,1,0,0,0,0,0,0,0,0,1108,16,0,0,3,13,1,0,0,20,0,0,31,0,0,0,0,0,0,0,0,0,55,0,0,0,0,0,0,654,0,0,0,0,0,11,0,0,0,0,1,1,0,0,0,0,0,0,0,0,1,1,1,0,0,47,0,0,0,2,0,0,0,0,0,347,3,0,0,0,1,1,0,0,0,994,1,0,148,14,0,0,0,1,0,0,0,0,0,0,0,46,3,0,0,51,0
"350",0,0,1,0,0,0,0,0,0,0,0,0,0,27,32,0,0,0,0,0,0,53,0,0,0,4768,0,0,20,0,0,0,0,0,0,0,11,0,0,0,0,0,0,0,0,18,0,0,0,0,0,0,0,2,0,0,0,0,0,1,0,0,0,0,74,0,41,0,0,0,0,0,0,0,0,0,0,0,0,0,0,0,52,0,0,0,0,0,0,56,0,0,167,0,0,0,0,0,0,0,0,0,0,19,0,0,0,643,0,1,0,0,0,49,0,0,0,0,93,0,0,0,0,0,0,0,0,0,0,0,0,5,0,0,0,0,0,0,0,1,43,0,0,0,0,0,8,0,0,0,0,0,0,6,0,0,0,0,0,0,0,0,0,0,0,0,0,0,0,33,0,0,1,0,0,0,0,0,44,0,0,0,0,0,0,0,0,0,0,0,0,10,0,0,0,0,0,0,0,0,0,0,0,0,0,0,0,0,0,0,1,0,0,0,0,0,0,5,0,0,0,1,0,0,0,0,0,0,0,0,0,0,0,0,0,0,0,0,0,0,0,0,0,0,0,0,0,0,0,0,0,0,0,0,0,0,0,0,0,0,3,0,0,1,0,0,0,0,0,28,0,0,319,0,0,0,0,0,0,3002,0,0,99,0,0,0,0,0,3,10,0,0,0,0,0,0,5,0,0,247,0
"351",0,0,0,0,0,0,0,0,0,0,0,0,3,0,30,0,0,0,0,7,47,0,0,0,0,689,0,0,0,0,1024,0,40,192,0,0,0,3,0,0,0,0,0,168,0,198,0,0,0,0,0,0,0,0,84,0,0,0,0,0,0,33,0,0,0,0,247,0,0,0,0,0,0,0,0,0,0,0,0,0,0,0,0,0,15,0,1,0,0,0,0,0,376,0,0,0,0,0,33,0,0,0,0,0,0,0,265,252,0,0,0,0,0,41,0,0,0,0,78,0,0,0,0,0,280,0,0,0,0,0,21,2,0,0,0,0,0,0,0,0,13,0,0,0,0,0,0,0,0,0,8,0,0,0,0,0,0,0,0,0,0,0,0,0,0,0,0,0,0,0,0,0,1,0,0,0,0,0,0,0,0,0,0,0,0,0,0,0,0,0,0,142,0,0,0,0,0,0,0,0,0,0,0,0,0,231,0,0,0,0,0,0,0,0,0,0,0,0,0,0,0,0,0,0,0,0,0,0,0,0,0,0,0,1671,0,0,0,0,0,4,0,0,0,0,0,0,0,0,0,0,342,0,0,0,0,0,0,0,0,0,0,0,0,0,0,0,0,41,0,22,9,0,206,0,0,0,0,0,7,2591,0,0,460,0,0,0,0,0,0,0,0,0,0,0,121,0,0,0,0,0,0
"352",0,0,0,0,0,0,0,31,0,0,3,0,0,0,0,0,0,0,0,0,0,0,0,6,0,2658,0,0,14,0,0,0,0,40,0,0,11,0,0,0,0,0,0,0,0,172,0,0,0,0,0,0,0,0,0,0,0,2,20,1,0,0,0,0,0,0,0,0,0,0,0,0,0,0,0,0,0,0,0,2,0,0,155,0,0,0,1893,0,4,0,0,4,13,0,0,0,0,0,113,0,0,13,0,0,0,0,0,930,8,47,0,0,0,0,0,0,0,1,0,0,0,0,0,3,461,0,0,0,0,0,0,0,0,1,0,0,97,0,0,0,16,0,5,0,0,0,0,0,0,0,0,0,0,2,2,0,0,0,0,0,0,0,0,2,0,0,0,0,0,0,6,0,0,0,0,0,0,0,0,0,0,0,0,0,8,0,0,0,0,0,1,83,2,0,0,0,0,0,0,0,0,0,0,2,0,0,0,0,1,0,0,0,0,0,2,0,0,0,1,0,0,0,0,0,0,0,0,0,0,0,0,0,0,233,0,0,0,0,0,0,0,0,0,0,0,1,0,3,0,0,0,0,0,0,0,0,4,0,0,0,1,0,0,4,0,0,0,0,0,0,0,0,0,0,0,0,0,0,0,2708,0,0,77,0,0,0,0,0,0,0,0,0,0,0,0,0,138,0,0,0,0
"353",1,0,0,0,0,0,2,0,0,0,0,0,0,0,139,0,0,0,0,0,0,2,3,4,0,3233,0,0,75,59,3,0,0,40,0,0,3,144,0,0,0,0,0,0,0,1162,0,1,0,0,0,0,0,0,60,0,0,3,0,26,13,0,0,0,0,5,0,0,0,0,29,0,2,0,0,0,0,0,0,16,0,1,0,0,744,0,0,0,0,0,0,117,1,0,0,0,0,0,7,0,0,145,0,0,1,0,281,89,0,0,0,0,0,0,0,0,0,0,133,4,1,0,0,0,0,0,0,0,0,0,0,239,0,0,0,0,7,0,0,0,5,0,0,0,0,0,6,0,0,0,28,0,0,0,0,0,0,0,0,23,0,0,0,279,0,1,0,0,0,0,1,0,4,1,0,0,0,11,0,2,0,0,0,0,10,0,0,0,0,0,0,341,2,1,0,0,0,0,0,0,0,0,0,0,0,6,0,0,0,18,120,0,0,0,0,1,29,30,0,8,0,31,0,0,0,0,0,0,0,0,0,0,0,280,0,0,0,0,0,15,0,0,0,0,0,0,0,9,0,0,0,1,3,0,4,73,2,14,13,62,2,0,0,11,0,0,0,0,1,3,0,0,138,0,0,0,0,1,1,1291,0,0,195,0,0,0,0,0,2,57,0,0,0,0,1,0,9,0,0,61,0
"354",0,0,0,0,0,0,0,0,0,0,0,0,0,0,0,0,0,0,1,0,0,16,0,0,0,1960,0,0,57,0,0,0,0,108,0,0,0,193,1,0,1,0,0,0,0,774,0,0,0,0,0,0,0,0,7,0,0,0,16,89,3,6,0,0,0,0,6,0,0,0,8,0,0,0,0,0,0,0,0,252,0,0,228,0,1,0,0,0,0,35,0,11,0,0,0,0,0,0,16,0,0,3,0,0,5,0,0,2,0,41,0,0,0,67,0,2,0,0,18,0,0,0,0,1,42,0,60,0,3,0,2,5,0,0,0,0,9,1,3,0,34,0,0,0,0,0,16,0,0,0,1,0,0,20,0,0,0,0,2,92,0,0,0,1287,0,0,2,6,0,0,46,0,0,0,0,0,0,0,467,0,0,0,26,0,14,0,0,0,0,0,0,54,0,20,0,0,0,0,0,0,0,0,0,0,0,199,0,0,0,0,0,0,1,0,11,0,131,0,0,0,0,0,0,0,0,0,0,0,4,0,18,0,0,2437,0,0,0,0,0,5,0,0,0,0,0,5,0,4,0,0,0,2,0,0,4,0,21,0,2,11,0,0,0,26,0,0,0,0,0,0,8,3,17,0,0,0,0,0,3,672,0,0,25,0,0,0,0,0,0,18,0,0,0,0,0,0,183,0,0,53,0
"355",0,0,0,0,0,0,3,0,0,0,0,0,0,0,8,2,0,1,1,0,0,0,0,48,0,1277,0,0,15,130,65,0,0,54,0,0,0,61,0,0,0,0,0,0,0,34,0,1,0,0,0,0,2,0,0,0,4,0,0,161,0,0,0,1,0,0,13,0,0,0,24,1,0,0,0,0,0,0,0,0,0,0,32,0,0,1,0,1,0,3,0,13,0,0,0,0,0,0,0,0,0,68,0,0,0,0,0,494,0,0,0,0,1,68,0,0,0,0,36,0,0,0,0,1,50,0,0,0,1,0,20,0,0,0,0,0,20,0,0,0,2,0,0,0,0,0,1,0,0,0,0,0,0,0,0,0,0,0,0,2,0,0,0,0,1,0,1,2,0,0,0,0,6,0,101,0,0,0,0,1,0,0,0,0,1,8,0,0,0,0,38,83,1,1,0,2,0,0,0,3,0,2,0,2,1159,0,0,0,1,2,29,0,0,0,0,0,0,22,13,0,0,0,0,106,0,0,0,0,5,0,0,0,0,941,24,0,0,0,2,86,0,0,0,0,6,0,0,0,0,0,0,2,0,1,0,6,1,0,0,249,1,0,0,2,2,0,0,0,0,458,3,0,453,1623,1,0,0,0,0,190,0,0,91,0,6,67,0,0,0,0,108,0,0,0,0,0,0,0,0,52,0
"356",0,1,0,0,0,1,1,0,0,1,0,0,2,4,59,0,0,0,0,0,1,49,0,1,0,3323,1,0,11,11,78,0,0,27,0,0,7,35,1,1,0,0,0,1,0,8,0,1,0,0,1,0,0,0,7,0,0,0,0,0,0,0,0,0,0,0,19,0,0,0,0,0,1,1,0,745,2,0,0,4,0,0,0,0,80,5,0,0,0,13,0,30,2,0,52,0,0,0,2,0,0,0,0,0,1,0,2,1729,0,1,0,0,0,30,1,0,0,2,35,0,0,0,8,1,348,0,0,0,0,0,2,9,0,0,0,0,31,0,0,0,236,0,0,0,0,0,41,1,0,0,7,1,1,0,2,0,0,0,0,1,0,0,0,737,0,0,0,0,0,0,4,0,1,0,0,0,0,13,0,0,0,0,0,0,4,0,0,0,0,0,0,15,1,1,0,0,0,0,1,0,0,0,0,0,0,7,1,0,4,4,0,0,0,2,14,0,0,6,2,0,0,0,0,0,0,0,0,0,15,0,1,1,0,12,0,0,0,0,0,0,0,0,0,0,0,0,0,0,0,0,1,0,20,0,2,6,5,0,12,6,0,0,0,14,2,0,0,0,4,0,0,1,312,0,1,0,0,0,0,1503,0,0,93,0,0,0,0,0,0,0,0,0,12,0,14,0,8,0,0,67,0
"357",0,0,0,0,0,0,0,0,0,0,0,0,0,0,0,0,0,0,0,0,0,0,0,30,0,1677,0,0,226,105,190,0,0,0,0,0,0,0,0,0,0,0,0,0,0,0,0,0,0,0,0,0,0,0,0,0,0,0,0,0,0,0,0,0,0,0,324,0,0,51,0,0,0,0,0,0,0,0,0,0,0,0,0,0,0,0,0,0,0,0,0,71,0,0,0,0,14,0,0,0,0,27,0,0,0,0,0,763,0,0,0,0,0,0,0,0,0,0,116,0,0,0,0,0,0,0,0,0,0,0,23,0,0,0,0,0,0,0,0,0,0,0,0,0,0,0,0,0,0,0,0,14,0,0,0,0,0,0,0,0,0,0,0,0,0,0,0,0,0,0,0,0,0,0,0,0,0,0,9,0,0,0,0,0,0,0,0,0,0,0,0,0,0,0,0,0,0,0,0,0,0,0,0,0,0,0,1,0,0,85,0,0,0,0,0,0,0,0,0,0,0,0,0,0,0,9,0,0,0,0,0,0,0,777,0,0,0,0,0,0,0,0,0,0,0,0,0,0,0,0,0,0,0,0,0,0,0,0,0,244,0,0,0,0,0,0,0,0,0,528,0,0,469,0,11,0,0,0,0,4236,0,0,0,0,0,0,0,0,0,0,0,0,0,0,0,0,0,0,0,0,0
"358",0,0,0,0,0,0,1,0,0,0,0,0,0,0,58,0,0,0,0,0,0,0,0,19,0,4946,0,0,24,0,0,0,0,0,0,0,58,0,0,0,0,0,0,0,0,18,0,0,0,0,0,0,0,0,0,0,0,2,0,0,0,0,0,0,0,0,404,0,0,48,0,0,0,0,0,0,0,0,0,0,0,0,0,0,0,0,0,0,0,0,0,53,0,0,0,10,8,0,0,0,0,0,0,0,0,0,0,257,0,0,0,0,0,0,0,0,0,0,0,13,0,0,0,3,0,0,0,0,0,0,0,1,0,0,0,0,851,0,0,0,15,0,0,0,0,0,0,0,0,55,0,0,0,0,1,0,0,2,143,0,0,0,0,0,0,0,0,3,0,0,0,0,1,0,0,0,0,0,0,0,0,0,0,0,0,0,0,0,0,0,0,113,6,0,0,0,0,0,0,0,0,0,0,0,0,17,0,0,3,10,0,0,0,0,0,0,0,0,192,0,0,33,0,0,0,0,0,0,0,0,0,0,0,2105,0,0,0,0,0,26,0,0,0,0,0,0,0,0,0,0,0,0,0,0,0,0,0,0,0,0,0,0,0,0,0,0,0,0,0,183,0,0,257,0,0,0,0,0,0,50,0,0,0,0,0,0,0,0,0,0,0,0,0,0,169,0,0,0,0,0,0
"359",0,0,1,0,0,0,11,12,2,0,0,1,0,169,17,1,0,0,0,0,19,24,0,1,0,336,1,0,0,5,28,0,0,148,0,19,18,39,2,0,0,0,0,27,0,45,0,2,0,0,2,0,0,0,2,1,0,0,0,0,0,1,0,49,21,0,14,0,2,126,10,0,0,7,0,0,0,0,0,0,0,0,68,0,32,1,0,0,0,114,22,3,1,0,0,0,0,0,67,0,7,0,0,0,2,2,127,1321,0,0,0,0,0,130,0,0,0,21,150,0,0,0,0,1,54,0,0,0,0,1,24,212,0,0,0,0,9,2,0,0,2,0,0,0,0,0,0,1,0,0,4,0,0,8,1,0,0,0,1,104,0,0,1,143,0,0,0,0,0,0,1,0,0,9,4,0,0,7,57,0,0,0,0,0,3,0,1,0,0,0,0,38,1,0,1,0,0,1,0,0,0,0,0,732,2,4,1,0,0,9,0,0,4,0,17,2,90,67,1,0,3,13,120,58,0,31,2,0,55,0,111,0,0,1204,0,1,2,0,0,14,0,0,61,21,1,0,0,0,0,0,3,4,0,0,11,6,1,5,1,7,0,15,0,14,0,0,1,0,5,2,0,26,431,0,0,0,0,0,1,2407,1,0,143,0,0,0,0,0,2,5,143,5,0,0,171,6,9,2,0,5,26
"360",0,0,0,0,0,0,59,0,0,0,0,0,2,111,68,0,0,0,0,0,0,0,0,107,0,46,0,0,54,4,0,0,0,0,0,0,4,0,0,0,2,0,0,0,0,300,0,0,0,0,0,0,0,0,0,0,0,0,0,1,0,0,1,0,0,0,77,0,0,0,0,0,0,25,0,60,0,0,0,0,5,0,0,0,121,0,2,0,0,0,0,31,233,0,0,0,16,0,0,0,0,0,0,0,0,0,0,1273,0,0,0,0,0,0,3,8,0,4,0,0,13,6,0,9,0,0,0,0,0,0,0,19,0,0,0,0,47,0,0,0,97,0,0,0,0,0,5,0,0,0,2,0,0,0,0,0,0,2,0,0,0,0,0,0,0,0,0,0,0,0,0,0,0,0,0,0,0,0,0,0,0,0,0,0,1,0,0,0,0,0,0,29,15,0,0,0,0,0,0,0,0,0,0,0,0,33,1,0,0,31,132,0,0,0,0,0,91,1,30,0,0,0,0,0,0,0,0,0,0,0,3,1,0,1184,0,0,0,0,0,1,0,0,0,0,0,0,0,0,0,0,0,0,0,0,0,2,16,0,0,0,0,0,0,3,0,0,0,0,0,2610,0,0,131,0,0,0,0,0,8,2687,2,0,15,0,0,0,0,43,5,0,0,0,0,0,0,0,97,0,0,9,0
"361",0,0,0,0,0,0,8,0,1,0,0,0,2,25,11,0,0,0,0,0,0,54,0,3,1,1780,0,0,3,0,350,0,0,92,0,0,76,46,2,0,2,0,0,67,0,340,0,0,0,0,0,0,0,0,0,0,0,1,0,0,0,5,0,0,0,2,0,0,1,0,14,0,0,0,0,0,0,0,0,0,0,0,4,0,42,0,0,0,0,36,34,26,3,0,0,0,0,0,105,0,0,0,0,0,1,0,4,812,63,0,0,0,8,70,0,0,0,0,110,0,0,0,0,1,674,0,0,0,0,0,24,47,0,0,0,0,15,0,0,0,8,0,0,0,0,0,0,0,0,0,8,0,0,0,1,0,0,0,0,5,0,0,0,381,0,0,0,0,0,0,0,0,0,1,0,0,0,26,498,1,0,0,0,0,14,0,0,0,0,0,0,72,2,0,29,0,0,0,0,0,0,0,0,0,0,5,0,0,6,2,0,0,0,6,0,1,91,0,0,0,0,0,0,0,0,0,0,0,98,0,0,0,0,85,0,0,0,0,0,0,0,7,0,0,0,0,0,0,9,0,83,0,14,0,4,3,0,0,0,0,0,0,0,0,0,0,0,28,0,12,0,0,1016,0,0,0,0,0,2,1959,0,0,178,0,0,0,0,0,0,0,0,0,0,0,92,0,19,0,0,131,0
"362",0,0,0,0,0,1,1,0,0,0,0,0,0,0,0,2,2,2,0,0,0,48,0,19,0,1714,0,0,37,0,1417,0,0,160,0,0,8,39,0,0,0,0,0,0,0,764,0,0,0,0,0,0,0,0,0,0,1,0,0,238,0,0,1,1,0,0,107,0,0,61,0,0,0,0,0,45,0,0,0,26,0,0,0,0,0,0,1,0,0,17,0,13,2,0,0,0,0,0,0,0,0,0,0,0,0,0,0,47,0,0,0,0,0,6,0,2,0,1,103,0,0,0,0,84,490,0,0,0,0,0,0,4,0,17,0,0,1,0,0,0,2,0,0,0,0,0,12,0,0,0,1,22,42,0,0,0,0,0,0,75,0,0,0,0,0,0,0,0,0,6,0,0,0,0,9,0,0,3,0,2,0,0,0,0,0,0,0,0,0,0,0,78,1,11,0,0,0,0,0,0,0,0,0,4,624,163,0,0,1,0,0,0,0,0,12,0,0,6,2,0,89,0,0,0,0,0,0,0,0,0,58,0,0,412,0,0,25,0,0,0,0,0,0,0,2,13,0,0,0,0,0,0,2,0,0,127,2,0,0,0,0,0,0,0,0,0,0,0,0,2,0,0,91,0,0,0,0,0,0,1225,0,0,682,0,0,0,0,0,0,105,0,0,0,0,14,0,1,0,0,177,26
"363",0,0,0,0,0,0,190,0,0,0,0,0,0,0,4,0,0,0,0,0,0,0,6,0,0,2,0,0,989,0,0,0,0,0,0,0,0,0,0,0,0,0,0,0,0,0,0,0,0,0,0,0,0,0,0,0,0,0,0,0,0,0,0,0,0,0,0,0,1,0,0,0,0,0,25,2,0,0,0,0,0,0,0,0,0,1,0,0,0,0,838,40,57,0,0,1,0,0,0,0,0,0,0,0,0,0,0,4902,0,0,0,0,0,0,0,0,1,0,0,0,0,0,0,1,0,0,0,0,0,132,0,0,0,10,0,1,641,0,0,0,0,0,0,0,0,0,0,0,0,0,0,0,0,0,48,0,0,1,0,59,0,0,0,0,0,0,0,0,0,4,0,0,1,0,8,9,0,0,0,0,0,0,0,0,0,0,0,0,0,0,0,0,0,0,0,0,22,0,0,3,0,0,0,0,1159,0,0,0,0,103,0,0,0,0,0,0,0,0,0,0,0,0,0,0,0,0,0,0,0,0,0,0,0,0,0,0,0,0,0,0,0,0,96,0,0,0,0,0,0,0,0,0,0,0,0,0,0,0,0,0,0,0,0,0,0,0,0,0,0,213,0,0,0,1,10,0,0,0,0,16,0,2,0,0,12,0,0,0,0,0,0,0,0,6,0,0,0,0,0,16,0
"364",0,0,0,0,0,0,31,0,1,2,0,1,0,74,13,0,0,0,0,0,0,0,0,23,0,2669,2,0,56,0,43,0,0,11,0,0,33,102,0,0,0,13,0,29,0,1,127,19,0,0,4,0,0,0,0,0,0,0,0,129,0,25,0,0,0,95,0,7,0,0,38,0,0,16,0,0,0,0,0,0,9,0,60,0,16,0,9,0,0,0,871,196,3,74,0,0,0,0,10,0,10,0,0,0,1,0,0,840,0,0,0,0,0,0,0,0,0,0,0,0,0,0,0,1,0,0,0,0,0,237,39,71,0,0,0,0,27,0,0,0,45,0,0,0,0,0,0,0,0,0,1,9,0,0,0,0,0,0,0,463,1,8,4,3,0,0,0,0,0,0,5,0,0,0,0,0,0,1,2,5,0,0,0,0,0,0,0,0,0,0,0,33,0,0,0,0,0,6,0,0,0,0,0,0,0,19,0,0,0,0,0,0,0,0,1,0,1,6,0,6,0,8,13,0,0,0,0,0,0,28,91,0,0,0,0,0,0,0,0,0,0,0,38,0,0,0,0,0,9,34,12,3,9,0,0,0,8,5,9,4,0,0,0,0,0,0,0,615,0,435,23,22,90,0,0,0,0,1,12,493,0,0,195,0,0,0,0,0,10,63,0,0,0,0,30,77,1,0,6,12,2
"365",0,0,0,0,0,0,3,0,0,0,0,0,0,0,146,0,0,0,0,5,0,17,0,10,0,1780,0,0,40,0,0,0,3,192,0,0,8,0,0,0,1,0,0,19,0,6,0,0,0,0,0,0,0,0,0,0,0,0,0,0,0,0,0,0,0,0,169,0,0,0,5,0,0,0,0,0,0,0,0,0,0,0,45,0,0,0,0,0,0,27,0,48,0,0,0,0,0,0,17,0,0,3,0,0,0,0,6,4,0,0,0,0,0,48,0,0,0,0,58,3,0,0,0,0,0,0,0,0,0,0,0,0,0,0,0,0,415,0,0,0,0,0,0,0,0,0,0,1,0,0,0,0,0,0,0,0,0,0,41,35,0,0,0,0,0,0,0,0,0,0,0,0,44,0,0,0,0,0,0,0,0,0,0,0,0,0,0,0,0,0,0,0,1,0,0,0,0,0,0,0,0,0,0,0,0,30,0,0,1,5,0,0,0,0,0,0,0,21,2,0,0,0,0,0,0,0,0,0,59,0,79,0,0,1043,0,0,0,0,0,0,0,0,0,0,0,0,0,0,0,0,0,0,0,0,0,0,0,0,0,0,0,0,0,0,0,2,0,0,0,3907,0,0,131,0,0,0,0,0,1,1088,0,0,81,0,0,0,0,0,8,0,0,0,0,0,17,0,232,0,0,18,0
"366",0,0,0,99,0,0,1,0,0,0,0,0,0,0,1,0,0,0,0,0,0,0,1,0,0,898,0,4,116,0,0,0,0,0,0,0,0,89,0,0,0,0,0,0,0,0,0,0,0,0,0,0,0,0,0,0,0,0,0,267,0,0,0,0,0,0,229,0,0,0,0,0,0,0,2,0,0,0,0,0,0,0,719,0,0,15,339,0,0,0,0,0,4,0,0,27,1,0,0,0,0,0,19,0,0,0,0,100,0,0,0,0,0,0,0,0,0,0,109,0,2,0,1,0,0,0,0,30,0,0,0,0,0,0,0,0,0,0,0,0,4,0,0,0,0,0,9,0,0,0,0,0,0,0,0,4,0,2,0,0,0,0,0,0,2,0,0,44,0,0,0,0,0,0,0,21,0,0,0,0,0,0,0,0,0,0,0,0,0,0,0,0,0,0,0,0,0,0,0,0,0,4,0,1134,519,17,0,0,0,0,6,0,0,0,0,12,0,609,0,0,18,149,0,0,0,0,0,0,0,0,0,0,0,923,0,0,0,0,0,0,0,0,0,0,0,0,0,0,0,0,0,0,0,0,0,2,0,0,0,0,0,0,0,14,0,2,0,0,0,40,17,0,494,0,0,0,0,0,6,2873,0,0,0,0,0,0,0,0,0,0,0,0,0,1,0,0,0,0,0,0,0
"367",0,0,0,0,0,0,0,27,0,1,0,0,0,363,0,0,0,0,0,0,20,0,0,0,0,0,0,0,0,24,81,0,0,10,0,0,46,1,1,0,0,0,1,104,0,92,0,0,0,0,0,0,0,0,0,0,0,0,0,0,0,33,0,0,0,0,324,0,0,0,91,0,0,375,0,0,0,0,0,0,0,0,44,0,300,0,0,0,0,94,115,0,4,0,0,0,0,0,0,0,0,0,0,0,0,0,208,2326,0,0,0,0,0,161,0,0,0,0,157,0,0,2,0,1,19,1,0,0,0,107,0,75,0,0,0,0,4,0,0,0,0,1,0,0,0,0,0,0,0,7,3,0,0,0,1,0,0,0,0,90,0,0,0,3,0,0,0,0,0,0,0,0,0,0,0,0,0,87,293,0,10,0,15,0,0,0,0,0,0,0,0,0,0,0,0,0,0,0,0,0,0,0,0,161,0,0,0,0,0,12,0,0,5,6,5,0,86,14,125,0,0,0,0,0,9,0,44,0,56,0,24,0,0,323,0,0,0,0,0,0,1,0,0,0,0,0,0,0,0,0,34,0,0,0,17,0,0,0,2,8,0,0,0,0,0,0,0,0,0,3,0,0,330,0,0,0,0,0,3,2082,0,0,249,0,0,0,3,0,0,0,0,0,0,0,0,0,0,0,0,0,0
"368",0,0,0,0,0,0,3,0,0,0,2,0,0,0,0,0,37,0,0,0,0,0,0,0,11,775,0,0,43,0,0,0,0,48,46,0,4,78,0,0,0,0,0,0,0,865,0,2,0,0,0,0,0,0,0,0,0,0,0,158,0,93,0,4,59,0,6,0,0,0,40,0,11,0,0,0,0,0,0,0,0,0,3,0,300,3,0,1,0,229,439,9,0,0,0,0,0,0,0,0,0,39,0,11,0,0,0,0,5,0,0,21,0,0,0,0,0,0,0,0,0,0,0,1,53,0,0,0,9,1,58,0,0,1,0,0,3,0,0,0,0,1,0,0,0,0,27,0,0,0,21,0,0,0,0,0,0,0,0,208,0,0,0,0,0,0,0,0,0,0,0,0,0,0,0,0,0,151,386,1,0,0,11,0,7,0,0,0,40,0,0,64,1,0,212,0,67,0,0,0,0,0,0,32,0,51,0,0,0,5,0,0,0,0,0,0,0,3,0,0,0,6,0,8,0,2,0,0,7,0,241,0,0,424,0,0,0,0,1,50,0,0,0,0,0,0,6,0,1,0,1,0,0,0,6,0,0,0,0,0,8,15,0,0,0,0,0,281,0,296,0,0,451,0,0,0,0,0,5,2416,0,0,515,0,0,49,0,0,20,85,33,0,0,0,159,0,0,0,0,0,0
"369",0,0,0,1,0,0,1,0,0,0,1,0,0,0,69,7,0,0,0,0,2,16,0,0,0,28,0,0,45,38,0,0,1,160,0,0,0,94,0,0,1,0,0,0,0,124,0,2,0,0,52,0,0,0,22,0,0,0,0,9,0,0,0,0,0,0,105,0,6,0,0,0,0,0,0,0,0,0,0,0,0,0,48,0,0,9,1,0,0,15,0,72,19,0,0,2,0,0,26,0,0,0,0,3,0,0,0,73,0,47,0,8,0,6,0,6,0,0,284,0,0,0,0,2,28,0,0,0,0,0,0,0,17,0,0,0,344,0,0,3,12,0,0,1,0,0,5,0,0,0,0,1,0,0,0,4,0,0,0,106,0,0,0,0,0,1,0,0,0,0,2,0,20,0,0,0,0,42,550,0,0,0,0,0,1,2,0,0,0,0,1,86,2,0,0,0,0,0,0,0,0,0,0,0,1,27,0,0,1,10,0,0,0,0,2,0,239,0,30,0,0,21,0,0,0,0,0,0,0,0,0,0,0,333,0,0,0,0,0,2,0,0,0,0,0,0,0,0,0,0,0,0,12,0,6,133,2,0,0,0,1,0,0,1,1,0,0,0,0,3914,0,0,485,0,0,0,0,0,7,836,1,0,147,0,0,0,0,4,6,6,0,0,0,0,46,2,4,0,0,50,0
"370",0,0,0,0,0,0,0,0,0,0,0,0,0,0,0,0,0,0,0,0,0,28,6,1,0,458,2,0,19,0,0,0,0,422,0,17,0,95,0,0,0,0,0,0,0,123,0,0,0,0,0,0,0,0,0,2,0,0,14,82,1,108,0,0,446,0,43,0,0,0,0,0,0,0,0,0,0,0,0,304,0,5,0,1,0,16,0,0,0,0,0,5,0,0,0,0,0,0,0,0,11,35,0,0,4,0,0,0,0,0,0,0,0,21,0,0,0,0,81,0,0,0,0,0,176,1551,0,0,2,0,307,0,0,0,0,0,3,0,0,0,0,0,0,0,0,0,0,1,0,0,5,0,102,0,0,0,0,0,0,244,0,0,0,0,0,0,0,0,1,0,0,0,2,0,0,0,0,0,50,1,0,0,0,0,0,0,4,0,0,0,0,150,0,0,0,0,0,0,0,0,0,0,0,0,0,29,3,0,0,2,16,0,134,0,0,1,0,0,324,0,0,4,0,0,0,10,0,0,122,69,0,0,0,634,0,0,0,0,0,0,0,0,0,0,0,0,0,0,4,0,0,4,0,0,0,0,52,0,11,0,3,0,0,0,0,0,0,0,0,0,0,0,688,0,0,0,1747,0,0,0,0,0,697,0,0,0,1,0,243,58,131,0,0,14,0,29,0,0,0,22,0
"371",0,0,0,0,0,0,0,0,0,1,0,0,0,0,64,0,0,0,0,0,0,71,2,6,0,2273,0,0,11,20,0,0,0,0,0,0,0,0,0,0,0,0,0,8,0,0,0,0,0,0,0,0,0,1,0,0,0,1,0,0,0,10,0,0,0,0,160,0,0,331,33,1,1,0,0,0,0,0,0,2,0,0,0,1,0,14,0,0,0,23,0,3,0,0,0,0,0,0,10,0,0,0,0,0,4,0,2,0,0,0,0,0,0,26,0,2,0,2,2,0,0,0,0,5,1947,0,0,0,0,0,0,2,0,0,0,0,35,0,0,0,34,0,0,0,0,0,6,1,0,6,5,0,0,0,1,0,0,0,0,26,0,0,0,3,0,0,0,0,6,297,19,0,0,0,0,9,0,59,0,0,42,0,0,0,0,0,0,0,0,0,0,2,0,0,0,0,0,0,0,0,0,0,0,0,0,3,13,0,1,13,5,46,0,1,2,1,0,4,0,0,0,8,0,0,1,0,0,0,113,0,0,1,0,914,0,0,0,0,0,44,0,0,0,0,0,278,0,0,0,0,0,2,14,0,1,34,6,0,12,0,0,0,0,1,15,0,0,0,7,0,0,0,983,0,0,0,0,0,0,1944,0,41,0,0,0,1,0,0,43,95,0,0,0,0,23,0,0,0,0,129,0
"372",0,0,0,0,0,1,2,0,0,0,12,0,0,0,19,0,0,0,9,0,0,0,1,107,0,5,2,0,0,165,835,0,0,252,0,39,0,503,0,0,0,0,0,0,0,0,0,9,0,0,7,0,0,6,0,25,0,0,0,0,0,0,4,3,0,0,239,0,0,0,0,0,0,0,0,0,1,0,0,0,0,0,360,6,0,0,0,0,0,55,0,18,426,0,0,0,0,0,0,0,0,0,0,30,0,0,0,1323,0,0,0,0,4,0,0,0,0,6,229,1,0,0,0,1,78,0,0,0,0,0,0,0,0,1,0,11,17,0,0,0,0,0,0,0,0,0,33,0,0,0,18,0,0,55,1,0,0,0,0,0,5,0,0,0,0,0,0,0,4,22,0,0,32,0,0,0,8,218,60,0,0,0,0,0,0,0,0,0,0,0,0,0,0,0,0,0,0,0,0,0,0,2,0,39,0,0,0,0,0,10,0,0,2,0,0,3,0,156,432,0,0,0,0,0,0,0,0,0,0,0,0,1,0,0,0,0,25,0,0,0,0,0,0,0,0,0,0,0,0,0,0,0,76,0,128,17,0,0,0,0,0,0,0,0,0,0,1,0,0,13,0,0,86,0,0,0,0,0,0,2708,0,0,494,0,0,0,1,0,0,0,0,0,0,0,9,0,0,0,0,131,0
"373",0,0,0,0,0,0,0,0,0,0,0,0,1,0,7,0,0,1,0,0,6,23,0,0,0,2357,0,0,19,6,3,0,0,205,0,25,3,0,0,0,0,0,0,43,2,1132,0,0,0,0,2,0,0,0,0,0,0,0,0,0,0,0,0,0,0,0,35,0,1,0,4,1,0,0,0,0,0,0,0,30,0,0,87,0,0,0,0,0,0,12,0,0,132,0,0,0,0,0,60,0,0,107,0,1,1,0,155,160,0,22,0,0,0,33,1,0,0,0,8,0,0,0,0,1,494,0,0,0,0,0,9,16,0,0,0,0,2,0,0,0,0,0,0,0,0,0,0,0,0,0,10,73,0,0,0,0,0,0,17,33,0,0,0,0,0,0,0,0,0,0,0,0,2120,0,1,0,0,0,11,0,0,0,0,0,0,0,0,0,0,0,0,35,0,0,0,0,0,0,0,0,0,0,0,0,385,0,0,0,0,24,0,0,3,0,1,0,19,0,0,0,0,0,0,0,0,13,0,0,15,0,63,0,0,478,0,0,1,0,0,0,0,0,0,0,0,0,0,0,3,0,132,0,2,1,1,0,0,0,0,77,0,0,0,0,57,0,0,0,0,0,0,0,150,0,0,0,0,0,0,877,0,0,77,3,0,0,0,0,41,3,33,0,0,0,4,0,0,0,0,32,0
"374",0,0,0,0,0,0,1,0,0,0,2,0,0,1,39,0,0,1,0,0,0,36,0,0,0,2442,0,0,0,0,89,0,0,192,0,0,0,56,1,0,0,0,0,0,0,0,58,19,0,0,1,0,0,0,0,0,0,0,0,455,0,0,0,0,0,0,0,0,1,0,11,0,0,0,0,0,0,0,0,26,0,1,0,0,0,1,0,0,0,0,90,252,167,0,0,0,0,0,0,0,0,0,0,0,0,0,0,635,0,8,0,0,0,0,0,2,0,4,342,0,0,0,0,1,49,0,58,0,0,0,0,11,70,1,0,4,31,0,0,0,0,0,0,0,0,0,0,0,0,0,0,0,0,0,0,0,0,0,0,32,0,0,0,192,0,0,0,0,0,0,29,0,1,0,0,0,0,34,20,3,0,0,0,0,0,0,0,0,0,0,0,39,0,0,0,0,0,0,0,0,0,0,0,0,1100,46,0,0,2,3,0,0,0,0,14,0,131,37,589,0,18,0,0,0,0,0,0,0,101,0,0,0,0,228,0,0,6,0,0,0,0,0,1,0,0,42,27,0,0,0,0,0,19,0,0,250,53,0,0,0,0,0,0,10,0,0,0,0,28,29,0,0,297,1,4,0,0,1,4,8,0,0,391,0,0,0,1,0,0,0,0,0,0,0,0,0,0,0,0,195,0
"375",0,0,0,0,0,0,0,14,0,0,0,0,0,0,58,0,0,4,0,0,129,148,0,0,1,3033,0,0,138,0,15,0,0,92,0,0,32,0,0,0,0,0,0,67,1,88,0,3,0,0,6,15,0,0,0,0,0,0,0,12,0,0,0,0,0,0,115,0,0,0,9,0,0,1,0,0,0,0,0,36,0,9,188,0,0,0,0,0,0,59,0,0,226,0,0,0,0,0,0,0,0,0,0,0,0,0,0,672,0,0,0,0,0,28,0,0,0,0,201,0,0,0,0,126,1156,0,0,9,0,0,0,0,0,0,1,0,385,0,0,0,0,0,0,0,95,0,6,0,0,0,13,0,1,1,0,0,0,0,8,0,0,0,0,0,0,0,0,0,0,0,0,0,0,0,0,0,0,151,37,1,0,0,0,0,8,0,0,0,0,0,0,69,0,0,0,0,0,0,0,0,0,0,0,0,0,8,0,0,0,13,0,0,1,0,0,0,27,80,299,0,190,0,0,0,0,0,0,0,67,0,213,0,0,65,0,0,1,0,0,0,0,0,0,8,3,1,0,0,0,0,0,2,0,0,5,0,0,0,0,0,2,0,0,0,0,0,0,0,0,4,0,0,0,0,9,0,0,0,0,891,0,0,395,12,0,0,1,0,0,40,0,0,0,0,43,0,48,0,0,106,0
"376",0,0,0,0,0,0,0,18,146,0,0,0,1,0,54,0,2,2,0,0,0,1,0,0,0,1483,0,0,14,18,185,0,0,53,0,0,63,274,0,0,0,0,0,0,0,35,92,0,0,0,0,0,0,0,0,0,0,0,0,145,0,16,0,1,0,0,0,0,0,0,21,0,0,0,0,0,1,0,0,0,14,0,2,0,0,0,2,0,0,77,1119,81,63,0,0,39,0,0,0,0,0,0,0,0,0,0,80,885,0,0,0,0,0,92,0,0,0,0,14,3,0,0,3,154,487,0,0,0,0,0,0,39,0,1,0,0,495,0,0,0,6,0,0,0,0,0,0,0,0,24,1,0,0,0,1,0,0,0,0,75,0,0,0,525,0,0,1,0,0,6,0,21,12,0,0,0,0,18,0,0,0,0,0,0,0,0,0,0,0,0,0,430,1,0,0,0,0,2,0,4,0,0,0,0,0,21,0,0,0,20,0,0,0,12,4,0,0,5,16,0,28,0,0,0,0,0,0,0,0,5,10,0,7,212,0,0,5,0,0,0,0,0,0,0,0,0,0,0,0,0,0,0,4,0,11,10,1,1,13,0,3,0,0,15,0,0,0,395,0,205,0,20,432,0,0,0,0,1,20,692,0,51,227,0,4,1,0,1,0,28,0,0,0,0,92,0,1,0,0,25,0
"377",0,0,0,1,0,0,4,1,0,0,0,0,0,151,1,0,0,1,0,0,2,9,0,57,0,3028,0,0,6,0,396,0,0,209,0,12,111,60,0,0,0,0,0,19,0,41,0,2,0,0,0,0,0,0,0,0,0,0,0,4,0,14,0,0,0,0,36,0,1,15,6,0,0,0,0,0,1,0,0,1,0,8,0,0,0,14,0,0,0,17,103,22,1,0,0,18,0,0,4,0,0,2,0,0,0,0,0,373,0,1,0,0,0,0,1,0,0,1,78,0,0,0,0,1,87,0,97,0,0,0,0,0,0,3,0,0,6,0,0,0,4,0,0,0,0,0,5,1,0,24,9,9,0,0,1,0,0,0,0,138,1,0,0,0,0,0,0,0,1,0,1,0,0,0,0,0,0,443,109,1,0,0,0,0,14,1,1,0,0,0,15,60,1,0,0,0,6,1,0,0,0,0,0,3,1,12,0,0,0,1,0,0,0,0,8,2,27,48,449,0,85,2,0,0,0,0,0,0,0,0,108,0,0,179,0,0,1,0,0,0,0,0,26,0,1,1,0,0,0,0,6,3,0,0,2,4,0,0,0,0,5,0,0,0,1,0,0,106,2,9,2,0,535,0,0,0,0,0,3,1713,0,0,182,0,0,8,0,0,5,6,0,0,0,2,195,0,3,0,0,386,0
"378",0,0,0,0,0,0,5,0,0,0,0,0,0,49,52,0,0,0,0,0,0,0,0,0,0,2830,0,0,8,0,0,0,0,0,0,0,317,0,0,0,0,0,0,0,0,0,0,0,0,0,0,0,0,0,0,0,0,0,0,0,0,0,0,2,0,0,58,0,0,0,0,0,0,0,0,0,0,0,0,8,0,0,0,0,14,44,0,0,0,0,0,22,0,0,0,0,0,0,0,0,0,109,0,0,0,0,0,337,0,0,0,0,0,19,0,0,0,0,5,0,0,0,0,1,558,0,0,0,0,0,0,0,0,0,0,0,9,0,0,0,12,0,0,0,0,0,43,0,0,12,1,0,0,0,3,0,0,0,0,0,0,0,0,0,0,0,0,0,2,0,0,0,0,0,0,0,0,0,0,0,0,0,0,0,0,0,1,0,0,0,0,0,0,9,0,0,0,0,0,0,0,0,0,0,0,343,0,0,5,0,0,0,0,0,0,0,0,0,3,0,0,21,0,0,0,0,0,0,6,0,38,0,0,2255,35,0,0,0,0,4,0,0,0,0,0,0,0,0,0,0,1,0,0,0,0,0,6,0,0,0,1,0,0,0,0,0,0,0,0,1276,0,0,758,0,0,0,0,0,0,484,0,0,0,0,0,35,0,0,1,0,0,0,0,0,45,0,34,0,0,122,0
"379",0,23,0,0,0,0,6,0,0,0,0,0,1,270,8,0,0,0,0,0,61,0,0,6,0,2273,0,0,15,0,512,0,1,92,0,0,8,45,0,0,0,0,0,11,0,340,0,0,0,0,2,0,0,0,0,0,0,1,0,98,0,5,0,0,0,4,281,0,0,0,3,0,0,0,0,0,0,0,0,0,0,0,0,0,1,1,0,0,0,2,0,4,1,0,0,0,0,0,0,0,0,0,17,0,0,0,275,2033,0,0,0,0,8,0,0,0,0,0,109,0,0,0,0,1,0,0,0,0,0,0,0,0,0,0,0,0,0,0,0,0,11,0,0,0,0,0,16,0,0,0,38,0,0,0,0,0,0,0,79,150,0,0,0,0,0,0,0,0,0,58,0,0,0,0,0,0,0,2,12,1,0,0,0,0,0,0,0,0,20,0,0,0,0,0,0,13,0,0,0,0,0,0,0,0,0,29,0,0,0,0,0,0,0,0,0,0,67,30,0,0,0,0,0,0,1,0,0,0,12,0,128,1,0,221,0,0,0,0,0,0,0,0,0,0,0,0,0,0,0,0,0,0,3,0,4,5,4,0,0,13,2,0,0,0,0,0,1,0,0,7,3,0,126,4,6,0,0,0,0,2591,0,0,0,0,0,15,0,0,92,0,0,0,0,0,11,0,0,0,0,24,0
"380",0,0,0,0,0,0,2,0,0,0,0,0,1,0,4,0,0,0,0,0,0,8,0,6,0,2739,0,0,9,27,403,0,0,40,0,0,24,238,0,1,0,0,0,0,0,0,0,0,0,0,0,0,0,0,39,0,0,0,0,27,0,0,0,0,0,0,0,0,0,50,11,0,0,0,0,0,1,0,0,13,0,0,31,0,0,2,251,0,0,32,0,3,1,0,0,1,0,0,0,0,0,2,0,0,3,0,0,42,0,0,0,0,0,152,0,0,0,0,29,1,0,0,0,1,63,0,0,0,0,0,0,313,0,1,0,0,230,0,1,0,2,0,0,0,0,0,12,0,0,0,0,0,0,0,9,0,0,2,0,11,0,0,0,2887,0,0,0,0,0,0,2,0,0,0,0,0,0,27,0,0,0,0,0,0,17,0,0,0,0,0,0,222,0,0,0,0,0,0,0,0,0,0,0,0,0,4,2,0,0,2,0,0,0,9,0,2,39,0,1,0,1,26,0,0,0,15,0,0,46,0,0,0,0,110,0,0,0,19,0,3,0,0,0,0,3,2,0,0,0,0,0,0,0,0,22,62,0,0,60,39,0,0,0,14,2,1,0,0,0,5,0,1,34,0,0,0,0,0,7,1303,0,0,29,0,0,0,0,0,0,50,29,0,0,0,14,0,6,0,0,49,0
"381",0,0,0,0,0,0,0,20,0,0,0,0,0,0,0,0,0,3,0,0,69,56,0,0,0,488,0,0,77,0,0,0,0,35,0,0,1,45,0,0,0,0,0,24,0,86,0,0,0,0,0,0,0,0,0,0,0,0,7,7,0,0,0,0,0,0,47,0,1,18,11,0,0,0,0,0,0,0,0,25,0,2,25,0,0,1,2,0,0,90,1,37,0,0,0,32,0,1,11,0,0,0,12,0,0,0,12,3446,0,0,0,39,0,49,2,0,94,0,11,0,0,0,0,2,82,0,0,9,9,0,0,206,0,5,0,1,748,0,0,0,22,0,0,0,0,0,0,0,0,3,9,1,0,0,2,0,0,0,0,8,0,0,0,196,0,0,0,0,0,0,0,0,0,0,0,0,0,1,27,0,0,0,0,0,1,0,0,0,0,0,3,89,0,0,0,0,0,0,0,0,0,0,0,2,0,51,6,0,0,0,0,0,0,0,1,0,50,0,0,36,0,0,0,0,0,2,0,0,1,0,138,0,0,414,0,0,0,0,0,2,0,0,0,0,1,0,0,0,0,0,0,0,0,0,0,1,0,0,0,0,0,0,0,2,0,0,0,0,0,31,0,0,0,0,8,0,0,0,0,2815,0,0,104,0,0,0,0,0,0,0,0,0,0,0,16,0,0,0,0,12,0
"382",16,0,0,0,0,0,0,0,0,0,0,0,0,0,0,0,46,0,0,0,15,21,0,1,0,0,0,0,0,17,702,0,0,200,0,0,16,416,5,0,0,0,0,0,0,0,0,0,0,0,0,0,0,0,0,0,0,0,0,903,0,0,0,0,3,0,65,0,0,158,0,0,1,5,0,0,0,0,0,278,0,33,0,0,0,4,0,0,0,23,0,40,7,0,0,0,0,0,60,0,0,0,0,0,0,0,0,2386,0,0,0,0,0,0,5,0,0,0,34,1,0,0,0,0,0,0,0,0,0,0,0,0,0,0,0,0,0,0,0,0,31,0,0,0,0,0,16,0,0,1,0,0,0,24,0,2,0,0,6,0,0,0,0,0,0,0,0,0,0,0,45,0,1,0,0,0,3,16,212,0,0,0,0,0,55,0,0,0,0,0,0,106,1,0,0,0,0,0,0,0,0,0,0,84,0,65,0,0,0,1,0,0,0,0,0,0,689,0,177,10,3,0,0,0,0,0,0,0,0,0,27,0,0,127,0,0,0,0,0,0,0,0,0,0,0,0,0,2,0,0,0,0,0,0,45,0,5,0,0,0,4,0,0,2,0,0,0,0,0,58,0,70,5,0,0,0,0,0,12,2451,0,0,93,0,0,0,0,1,96,0,0,0,0,2,87,0,42,0,0,69,0
"383",0,0,0,0,0,0,0,0,0,0,0,0,0,0,194,0,0,0,0,0,0,1,0,0,0,5700,0,0,31,0,73,0,0,0,0,0,9,0,0,0,0,0,0,0,0,0,0,0,0,0,0,0,0,0,0,0,0,0,0,0,0,0,0,0,0,0,72,0,0,0,5,0,0,0,0,0,0,0,0,56,0,0,0,0,0,2,138,0,0,0,0,0,0,0,0,0,0,0,9,0,0,0,0,0,1,0,0,675,0,0,0,0,0,57,0,0,0,0,28,0,0,0,0,0,82,936,0,0,2,0,2,90,0,0,0,0,0,0,0,0,30,0,0,0,0,0,0,0,0,0,0,8,0,0,1,0,0,0,0,0,0,0,0,3,0,0,1,0,0,0,0,0,1,0,0,0,0,0,0,0,0,0,0,0,0,0,0,0,0,0,0,7,0,0,0,0,0,0,1,0,0,0,0,146,0,3,0,0,2,8,0,0,0,0,3,2,0,2,0,0,0,0,0,0,0,13,0,0,31,0,3,0,0,278,0,0,2,0,0,30,0,0,0,0,42,0,0,0,0,0,0,0,0,0,4,5,25,0,0,7,0,0,0,14,5,0,0,0,0,139,0,0,5,0,0,0,0,0,0,1569,0,0,0,0,0,0,0,0,0,5,0,0,0,0,26,0,161,0,0,0,0
"384",0,0,0,0,0,0,0,0,0,0,0,0,8,0,91,0,0,0,0,0,5,0,0,23,0,3486,0,0,0,136,332,0,0,177,0,0,110,450,1,0,0,0,0,0,0,0,0,0,0,0,2,0,0,0,0,0,3,0,0,0,0,0,1,0,0,0,0,0,0,0,0,2,0,7,0,0,0,0,0,0,0,0,128,0,26,0,0,131,3,52,0,0,0,0,0,0,0,0,0,0,0,0,0,0,0,0,178,862,0,0,0,0,0,26,1,0,0,0,28,0,0,0,0,2,571,0,0,0,0,0,0,1,0,0,0,0,62,0,0,0,3,0,0,0,0,0,0,0,0,0,0,0,0,0,0,0,0,0,0,0,0,0,0,0,0,0,0,0,0,0,0,0,0,0,1,0,0,0,0,0,0,0,0,0,0,0,0,0,0,0,4,0,0,0,0,0,0,0,0,0,0,0,0,0,0,0,0,0,0,65,0,0,0,0,0,0,0,0,411,0,0,0,0,0,0,0,0,0,44,0,0,0,0,1250,0,0,0,0,0,0,0,0,0,0,0,0,0,0,0,0,0,0,47,1,62,0,0,0,0,0,0,0,0,0,40,0,0,0,0,571,0,0,264,1,0,0,0,6,65,190,0,0,0,0,0,3,0,0,3,0,0,0,0,0,62,0,0,0,0,0,0
"385",0,15,17,0,0,0,1,0,0,0,0,0,1,0,6,0,0,0,0,0,0,114,0,0,0,3,0,0,38,1,0,0,0,149,0,0,4,0,1,0,1,0,0,0,0,12,0,0,0,0,0,0,0,0,22,0,0,0,0,0,0,0,0,0,0,0,0,0,0,0,120,0,0,0,0,0,0,0,0,198,0,0,406,0,0,2,1,0,0,57,0,72,4,0,0,0,0,0,19,0,0,4,0,0,0,1,0,523,0,0,0,0,5,1270,2,0,2,0,139,0,1,0,0,0,104,0,0,0,0,0,150,0,0,0,0,0,33,0,0,0,28,0,0,0,0,0,0,0,0,0,0,38,0,0,1,0,0,0,0,0,0,0,0,0,0,0,0,0,0,0,0,0,0,0,0,0,0,354,0,0,0,0,0,0,9,0,0,0,0,0,8,0,3,0,0,0,0,0,0,0,0,0,0,273,0,9,0,8,0,10,0,0,0,0,19,0,0,403,271,0,0,0,0,25,1,0,0,0,380,0,186,1,2,160,0,0,6,0,0,0,0,0,0,0,7,0,0,0,0,0,0,11,0,1,46,1,11,0,6,5,0,0,0,3,5,0,0,0,0,10,0,0,90,2,5,0,0,0,0,3523,0,10,397,0,0,0,0,0,0,0,0,0,0,0,76,0,26,0,0,74,0
"386",0,0,0,0,0,0,3,52,0,0,2,0,1,0,7,0,0,0,0,0,0,0,0,0,0,2364,0,0,16,0,0,0,0,75,0,0,142,0,0,0,0,0,0,0,4,0,0,0,0,1,0,0,0,0,0,2,0,0,0,0,0,1,0,0,0,0,29,0,0,0,0,0,0,0,0,0,0,0,0,0,0,0,31,0,0,1,1,0,0,764,0,4,0,0,0,0,0,0,16,0,0,0,0,0,0,0,0,257,0,0,0,0,0,146,0,0,0,0,86,0,0,0,0,1,69,0,0,0,0,0,0,247,0,0,0,0,36,0,0,0,2,8,0,0,0,0,0,0,0,0,7,224,0,0,0,0,0,3,0,208,1,0,0,0,0,0,0,0,0,0,0,0,1,0,0,0,0,247,154,0,0,0,0,0,0,0,5,0,0,0,0,0,1,0,0,0,0,0,0,202,0,0,0,0,0,0,0,0,0,5,0,0,4,0,6,0,0,0,0,0,0,15,0,0,0,11,0,0,141,0,439,0,0,1011,5,0,1,0,1,0,0,0,0,0,0,0,0,0,0,0,0,0,0,1,0,0,1,0,0,0,0,0,0,1,1,0,0,0,0,15,0,0,427,0,0,0,0,0,0,3501,1,0,0,0,0,2,0,0,0,0,0,0,0,0,0,0,18,0,0,54,0
"387",0,0,0,0,0,0,31,0,0,0,9,0,0,0,18,0,0,1,0,0,0,18,0,48,0,5613,0,0,124,0,144,0,0,40,0,0,0,0,0,0,0,8,0,0,0,0,0,1,0,0,2,0,4,0,0,0,0,0,0,0,0,0,0,0,0,0,19,7,0,0,1,0,0,0,0,0,1,0,0,0,19,2,6,1,0,0,0,0,0,24,0,0,75,0,0,26,0,0,0,0,0,0,0,0,1,1,0,0,0,1,0,0,0,0,4,0,0,0,10,0,0,0,0,1,674,0,0,0,0,210,0,0,0,4,0,0,6,0,0,0,6,0,0,0,0,0,3,4,0,0,16,0,0,0,0,0,0,0,0,0,0,0,0,0,0,0,0,0,0,0,5,0,0,0,0,0,4,0,0,1,0,0,0,0,0,0,0,0,0,0,0,0,0,1,0,0,0,0,0,0,0,0,0,2,0,12,1,0,0,52,0,0,0,6,0,1,20,10,710,0,0,2,0,10,0,0,0,0,5,0,0,0,0,346,0,0,4,0,0,0,17,0,0,0,0,0,0,0,3,0,0,1,9,0,1,0,10,0,0,0,1,0,0,0,0,0,0,0,0,11,0,10,1060,0,1,0,0,3,0,347,0,0,272,0,0,0,0,0,0,13,0,0,0,0,0,0,18,0,0,234,0
"388",0,0,0,0,0,0,1,41,0,0,0,0,0,144,64,0,0,0,0,0,0,9,0,5,0,2312,0,0,11,0,96,0,0,10,0,0,0,8,0,0,0,0,0,11,0,5,0,0,0,0,0,0,0,0,0,0,0,0,0,30,0,64,0,0,3,0,54,0,0,29,0,0,0,18,0,0,0,0,0,11,0,0,0,0,0,53,0,0,0,8,766,35,9,0,0,0,0,0,25,0,0,8,0,0,0,0,3,1736,0,8,0,0,0,88,0,1,0,0,121,1,0,0,0,1,205,0,0,0,0,0,0,50,0,0,0,0,7,0,0,0,571,0,0,0,0,0,0,0,0,4,14,0,0,20,0,0,0,0,0,3,0,0,0,0,0,0,0,0,0,0,0,0,1,0,0,0,0,0,32,0,0,0,0,0,0,0,0,0,0,0,0,37,0,0,0,0,0,0,0,0,0,0,0,94,1100,19,0,0,2,0,0,0,0,0,15,0,35,0,0,0,0,0,0,0,0,0,0,0,0,0,41,0,0,68,0,0,4,0,0,0,0,0,0,0,0,0,0,0,0,0,74,0,0,0,0,67,108,0,0,0,0,0,0,10,0,0,0,42,4,122,0,0,254,0,2,0,0,0,0,963,0,0,81,0,0,0,0,0,58,10,0,0,0,0,6,0,1,0,5,54,30
"389",0,0,0,0,0,0,0,0,0,0,0,0,0,78,113,0,11,0,0,0,0,0,0,0,0,1947,0,2,0,0,6,0,0,56,5,0,246,0,0,0,0,0,0,0,0,111,0,0,0,0,0,0,0,0,0,0,0,0,0,39,0,0,0,0,0,0,1,0,0,0,27,0,0,0,0,0,2,0,0,33,0,0,33,0,40,2,2,0,0,96,0,6,40,0,0,0,0,0,0,0,0,1,0,0,20,0,0,1040,0,0,0,0,0,0,0,0,0,0,69,1,0,0,0,0,1076,37,0,0,0,0,20,42,0,0,0,0,37,0,0,0,5,0,0,0,0,0,0,0,0,0,0,0,0,0,1,0,0,17,0,0,0,0,0,0,0,0,0,0,0,86,6,0,8,0,0,0,0,0,0,0,0,0,0,0,0,0,0,0,0,0,0,0,0,0,0,0,0,0,0,0,0,0,0,393,0,0,0,0,2,0,0,0,0,9,0,0,0,0,112,0,0,7,0,0,1,0,0,0,94,0,140,0,0,228,0,0,0,0,1,0,0,0,28,0,0,0,0,0,0,0,0,0,29,0,0,24,2,0,6,0,0,0,0,0,0,0,0,0,0,5,0,38,262,0,0,0,0,0,3,2677,0,0,263,0,0,0,0,0,1,40,0,0,0,0,0,0,207,0,0,70,0
"390",0,0,0,9,0,0,11,0,0,0,0,0,1,216,3,0,0,0,0,0,64,17,0,0,0,1595,0,0,5,5,201,16,0,64,0,0,0,224,1,0,0,0,74,0,0,118,0,0,0,0,5,0,0,0,9,0,0,0,0,54,0,29,0,0,0,1,46,0,0,29,12,0,0,0,1107,0,0,5,0,10,0,0,45,0,20,1,0,0,2,145,120,4,2,0,0,3,0,0,63,1,0,4,0,0,11,0,0,298,0,0,0,0,0,43,0,0,0,0,52,1,3,0,0,1,14,0,3,0,0,0,0,0,0,0,0,0,0,0,0,0,6,0,0,0,0,0,0,0,1,0,14,0,0,0,0,0,0,0,0,208,0,0,0,193,1,0,0,0,0,0,7,0,1,0,0,0,0,70,84,0,0,0,3,2,14,0,0,0,0,0,0,37,0,0,0,0,27,0,0,2,0,0,0,3,0,4,0,0,51,2,8,0,0,0,0,0,60,22,14,0,1,65,0,0,1,1,0,0,88,0,70,0,0,388,0,0,1,0,1,0,0,0,0,0,42,0,0,1,0,0,0,0,0,0,9,1,3,0,0,7,1,0,0,6,0,0,0,0,0,4,0,0,111,0,0,1,0,2,0,3279,0,0,134,0,0,0,1,0,0,0,0,0,0,0,60,0,21,0,0,104,0
"391",0,0,0,0,0,0,0,24,0,0,0,0,0,0,23,0,0,0,0,0,41,15,0,13,0,1190,0,0,18,0,0,0,0,63,0,0,9,82,0,0,0,0,0,0,0,4,0,0,0,0,0,0,0,0,0,0,0,0,0,413,0,0,2,0,18,0,0,0,0,102,0,0,0,0,0,0,0,0,0,7,0,0,6,0,0,0,1,0,0,95,439,9,4,0,108,0,0,0,80,0,10,0,0,0,0,0,0,0,0,0,0,0,0,88,0,4,0,0,58,0,0,0,1,1,11,0,0,0,2,0,0,129,0,1,0,0,94,0,0,0,2,0,0,0,0,0,0,0,0,7,0,0,1,0,0,0,0,0,166,0,0,0,0,0,0,0,0,9,0,0,0,0,0,0,0,0,0,861,95,0,0,0,0,0,2,0,1,0,0,0,0,12,1,0,0,6,0,0,0,0,0,0,1411,0,0,5,0,0,1,8,0,0,0,2,0,0,0,0,29,0,0,0,0,0,0,0,55,0,61,0,108,0,0,46,0,0,0,0,0,0,0,0,0,42,1,0,0,0,0,0,24,0,0,0,0,5,0,0,0,0,2,2,0,3,0,0,0,79,0,12,11,10,380,0,8,0,0,0,0,2287,0,0,25,0,0,0,0,1,0,0,0,0,0,0,402,0,48,0,0,12,85
"392",49,3,4,0,0,0,0,0,0,0,0,2,0,0,21,0,0,0,2,0,0,9,0,0,0,3946,0,0,0,4,835,0,36,372,0,0,16,309,0,0,0,0,0,0,0,0,253,1,0,0,12,0,0,8,54,0,0,0,0,15,0,0,0,0,0,0,0,0,0,0,0,0,0,0,0,0,0,0,0,10,0,0,491,0,0,32,0,0,0,127,0,67,3,0,0,0,0,0,0,0,4,0,0,0,39,0,0,0,0,0,0,0,0,97,0,4,0,1,118,0,0,40,0,2,0,0,0,0,0,0,67,138,0,2,0,0,121,0,0,0,127,0,0,0,0,0,22,0,0,0,7,0,0,47,0,0,0,0,0,158,0,0,0,0,0,0,2,0,0,0,0,0,0,0,0,0,7,34,416,0,9,0,17,0,0,0,0,0,0,0,0,0,0,0,0,0,0,0,0,0,0,0,0,0,0,28,1,0,0,0,0,0,0,0,0,0,186,0,0,8,34,39,0,0,0,0,0,0,208,0,41,0,0,0,0,0,8,0,0,43,0,0,0,0,0,0,0,0,0,0,0,10,9,0,4,6,3,6,2,0,9,0,0,7,0,0,56,0,0,102,0,2,465,0,16,2,0,0,70,0,1,0,328,0,0,0,0,0,0,0,0,0,0,1,0,0,96,0,0,49,0
"393",0,0,0,0,0,0,13,9,0,0,0,1,0,3,22,0,0,0,0,0,0,22,0,0,1,5,0,0,91,0,0,9,0,10,0,0,9,39,1,0,0,0,1,4,0,64,0,0,0,0,0,0,0,0,101,0,0,0,8,0,0,0,3,0,1,0,26,0,0,0,0,0,0,0,0,8,0,0,0,60,0,12,293,0,2,0,0,0,0,116,0,0,211,13,12,0,0,0,1,0,0,0,0,0,1,1,2,245,0,0,0,12,0,161,0,0,0,4,229,0,0,0,3,0,443,8,0,0,0,0,0,0,0,0,0,0,748,0,0,0,4,0,0,0,0,0,0,0,0,7,12,5,0,0,0,0,0,0,0,2,0,0,0,0,0,0,0,0,0,0,0,0,4,0,0,0,0,15,372,0,2,0,0,2,4,0,6,0,40,0,0,115,2,0,26,0,0,38,0,0,42,0,0,178,0,0,0,0,0,52,0,0,0,0,3,0,104,14,589,0,0,0,0,0,0,0,0,0,0,0,44,0,1,261,0,2,0,0,0,0,0,0,0,7,0,0,12,9,1,0,170,0,0,0,0,17,0,0,13,37,0,12,0,3,0,0,0,47,0,18,3,40,384,0,0,0,0,1,1,2848,0,0,311,0,0,0,0,0,28,21,93,4,0,0,14,4,58,10,0,27,4
"394",0,0,0,0,0,0,0,3,0,0,0,0,0,0,30,0,0,0,0,0,23,13,0,5,0,3733,0,0,78,124,0,0,0,0,0,0,0,0,0,0,0,0,0,0,0,0,0,0,0,0,0,0,0,6,23,0,0,0,0,5,3,0,0,0,0,0,12,0,0,0,32,0,11,188,0,0,0,0,6,26,0,0,231,0,42,0,0,0,0,0,0,0,0,0,0,0,0,0,0,0,0,0,0,0,4,0,0,940,0,0,0,0,0,18,3,0,0,0,253,2,0,0,0,1,66,0,0,0,3,0,0,244,0,0,0,0,2,0,0,0,20,0,0,0,0,0,13,0,0,0,0,0,0,0,0,0,0,0,0,47,0,0,0,0,0,0,0,0,0,0,3,0,0,1,0,0,6,0,0,0,0,0,11,0,0,0,0,0,0,0,7,88,0,0,0,0,0,0,0,0,0,0,0,0,0,67,0,0,0,0,16,72,0,0,10,1,19,0,452,0,0,0,0,0,0,0,0,0,59,0,0,0,0,104,0,0,0,0,0,0,1,1,0,0,0,0,0,0,0,0,0,0,0,0,6,0,197,0,0,87,3,0,0,3,0,0,0,0,0,21,0,0,228,0,0,0,0,0,0,1802,0,0,450,0,0,0,0,0,0,0,0,0,0,0,74,0,3,0,0,0,0
"395",0,0,0,0,0,0,0,0,0,0,0,0,0,0,9,0,0,0,0,0,0,26,0,9,0,0,0,0,52,22,198,0,0,94,0,0,0,0,0,0,0,0,0,9,0,0,0,0,0,0,0,0,0,0,0,0,0,0,0,0,0,0,0,0,0,0,93,1,0,0,0,0,0,0,0,0,0,0,0,0,0,0,0,0,0,7,0,0,0,261,0,0,22,0,0,6,0,0,0,0,0,71,0,0,4,0,0,0,0,0,0,0,1,29,0,0,0,0,60,0,0,0,38,0,330,37,0,0,0,0,0,0,0,0,0,0,2,0,0,0,20,0,0,0,0,0,0,0,0,0,0,0,1,0,0,0,0,0,0,79,0,0,0,0,1,0,0,0,0,0,1,0,0,0,10,0,0,0,12,0,0,0,0,0,0,0,0,0,0,0,0,0,0,2,0,0,0,0,1,0,0,0,0,0,0,0,0,0,3,26,0,0,0,0,0,0,0,0,55,0,0,0,0,0,0,0,0,333,108,0,0,0,0,261,0,0,0,0,0,93,0,0,134,0,3,70,0,0,0,0,0,0,0,0,0,2,2,0,0,0,0,0,0,0,0,0,0,0,2,777,0,0,2592,0,95,0,0,9,0,3173,0,0,577,0,0,0,0,1,0,7,0,0,0,0,75,0,5,0,0,81,0
"396",0,23,0,0,0,0,6,0,0,0,0,0,0,0,42,0,0,0,0,0,20,72,4,0,0,2560,0,0,0,0,0,0,0,0,0,0,0,0,1,0,0,0,124,67,0,235,0,0,0,0,4,0,0,0,0,0,0,0,0,0,0,0,0,0,0,0,18,0,0,0,0,0,0,0,0,0,0,0,0,40,0,0,173,0,0,1,1,0,0,0,0,0,0,0,0,0,0,0,0,0,0,5,0,1,1,0,0,667,0,0,0,0,0,0,0,0,0,0,133,0,0,0,0,1,1168,0,0,0,0,0,0,0,0,0,0,1,109,0,0,0,11,0,0,0,0,0,0,3,0,0,26,0,0,0,0,0,0,0,0,11,0,0,0,0,0,0,0,0,0,0,0,0,1,0,0,0,0,0,450,0,0,0,0,0,0,0,0,0,0,1,0,52,0,0,0,2,0,0,0,0,0,0,0,0,1,6,2,0,0,0,0,0,0,0,1,0,9,0,130,0,34,0,0,0,0,0,0,0,31,0,84,0,0,96,0,0,2,0,0,0,0,0,0,0,1,0,0,0,0,0,0,0,0,0,0,3,1,0,0,0,0,0,0,0,7,0,0,0,0,18,0,0,727,0,0,0,41,0,0,1022,0,0,314,0,0,49,1,0,0,26,0,0,0,0,0,1,3,0,0,318,0
"397",0,0,0,2,0,0,1,0,0,0,0,0,0,0,23,0,0,0,0,0,0,0,0,3,0,3091,0,0,167,0,0,0,0,0,0,0,0,416,0,0,1,0,0,0,0,0,0,0,10,0,0,0,0,0,0,0,0,0,0,0,0,2,0,0,0,0,1,0,0,0,0,0,0,0,0,0,0,0,0,0,0,0,0,0,0,4,0,0,0,0,0,0,0,0,0,0,0,0,146,0,0,0,0,0,0,0,284,268,0,0,0,0,0,0,0,0,0,0,0,0,0,0,0,1,0,0,0,0,0,0,0,258,0,0,0,1,119,0,0,0,30,0,0,0,0,0,0,0,0,0,47,0,0,7,0,0,0,0,0,94,0,0,0,687,0,0,0,0,0,0,0,0,1,0,0,0,0,0,0,0,0,0,0,0,0,0,0,0,0,0,0,0,1,0,0,0,0,0,0,0,0,0,0,0,0,26,0,0,0,2,0,0,0,0,0,0,0,0,0,0,0,15,0,0,0,0,0,0,0,0,522,0,0,99,0,0,0,0,0,0,0,0,0,0,0,0,0,0,0,0,0,0,0,0,0,0,5,0,0,0,35,0,0,0,0,0,0,0,0,2,0,0,97,0,0,0,0,0,47,3480,0,0,0,0,0,0,0,2,5,0,0,0,0,0,0,0,0,0,0,0,0
"398",0,0,0,0,0,0,0,0,0,0,0,0,0,0,3,0,0,0,0,0,0,0,0,12,0,2434,0,0,39,1,0,0,0,124,0,0,4,516,0,1,0,0,0,0,0,8,0,0,29,0,0,0,0,0,0,0,0,1,0,0,0,0,0,0,0,0,51,28,0,85,0,0,0,0,0,0,0,0,0,0,0,0,0,0,0,0,0,0,0,0,11,77,0,0,0,0,0,0,86,0,0,0,0,0,0,0,306,368,0,0,0,0,0,0,0,0,0,0,196,1,0,0,38,24,18,0,0,0,0,0,0,24,0,1,0,0,4,0,0,0,58,0,0,0,0,0,0,0,0,2,26,0,0,0,0,0,0,0,0,0,0,0,0,2039,0,0,0,60,0,0,0,0,4,0,0,0,0,0,1,0,0,0,0,0,0,0,0,0,0,0,0,91,18,0,0,1,0,0,0,1,0,0,0,0,0,99,0,0,0,6,0,0,0,0,0,0,0,0,258,0,0,0,0,0,0,0,0,0,0,0,0,0,0,914,0,0,0,0,0,9,0,0,0,0,5,0,0,0,0,0,0,0,0,0,0,0,6,0,0,0,0,0,0,0,0,0,0,0,0,11,0,0,15,0,0,0,0,0,0,1844,0,0,21,0,0,0,0,2,0,0,0,0,0,0,0,0,22,0,0,0,0
"399",0,0,0,0,0,0,0,0,0,0,0,0,0,103,0,0,0,0,0,0,0,0,0,0,0,1982,0,0,73,0,2704,0,0,59,0,0,12,0,1,0,0,0,0,35,0,3,0,0,0,0,0,0,0,0,0,0,0,1,0,0,0,0,0,0,0,0,0,0,0,0,0,0,0,0,0,0,0,0,0,0,0,0,0,0,0,0,0,0,0,101,0,565,18,0,0,0,0,0,0,0,0,6,0,0,0,0,0,0,0,0,0,0,0,0,0,0,0,2,0,0,0,0,0,1,14,0,0,0,0,0,0,86,0,7,0,0,306,0,0,0,0,0,0,0,0,0,0,0,0,0,0,0,0,0,0,0,0,0,0,0,0,0,0,0,0,0,0,0,0,0,0,0,0,0,0,0,0,0,0,0,0,0,0,0,0,0,0,0,0,0,0,113,1,0,0,0,0,0,0,0,0,0,0,0,0,0,0,0,0,5,0,0,0,0,0,0,556,0,212,0,0,0,0,0,0,0,0,0,17,0,0,0,0,0,0,0,0,0,0,0,0,0,0,0,0,0,24,0,0,0,0,0,0,0,0,0,0,0,0,0,0,0,0,0,5,0,0,0,0,794,0,0,1,2,25,0,0,0,0,2156,1,2,0,0,0,0,0,6,0,0,0,0,0,0,0,0,0,0,0,0,0
"400",0,0,0,0,0,0,0,0,0,0,0,0,2,0,11,0,0,1,0,0,0,0,0,1,0,2560,0,0,3,20,0,0,0,158,0,0,0,1,0,0,0,0,0,0,0,0,0,1,1,1,0,14,0,0,0,0,0,0,0,0,0,0,0,0,0,0,0,0,0,0,0,3,0,12,0,0,0,0,0,0,0,0,0,0,0,1,109,0,0,17,0,0,428,0,0,2,0,0,0,0,0,0,0,0,0,0,246,2,0,0,0,0,0,44,0,1,0,1,78,0,0,2,0,3,285,1,0,0,0,0,69,413,0,0,0,0,12,0,0,0,67,0,0,0,0,0,0,0,0,1,15,0,0,0,1,0,0,2,160,0,0,0,0,715,0,0,0,0,0,0,1,0,36,0,0,0,0,0,0,1,37,0,0,0,0,0,0,89,0,0,0,50,1,0,0,0,0,0,0,0,0,0,1,0,0,6,0,0,2,1,6,46,4,0,0,0,0,0,216,0,0,0,0,0,1,0,0,1,52,0,41,0,0,11,0,0,0,0,1,0,1,0,0,0,0,0,0,0,0,0,0,1,0,0,0,0,2,0,4,0,0,0,0,1,0,0,0,0,0,0,0,0,266,953,0,0,0,0,0,169,0,0,68,0,711,8,0,0,0,0,0,0,0,0,46,0,1,0,0,0,0
"401",0,0,0,0,0,0,0,0,0,0,0,0,0,0,4,0,0,0,0,0,33,36,0,4,0,0,0,0,16,71,0,0,0,32,0,0,142,100,0,0,0,0,0,0,0,170,0,1,0,0,17,0,1,0,0,0,1,0,0,44,0,50,1,1,0,0,20,0,0,0,0,0,1,13,0,340,1,0,0,54,0,0,20,0,700,1,2,0,0,68,0,54,0,0,0,0,16,0,0,0,0,76,0,0,2,0,0,462,0,0,0,0,0,16,0,1,0,0,299,0,0,0,0,1,112,0,0,0,0,0,0,582,0,1,0,0,4,4,0,0,6,0,0,0,0,0,4,0,0,0,2,27,0,6,1,0,0,1,0,0,0,0,0,0,0,0,0,0,1,0,1,0,1933,0,0,0,0,166,0,3,0,0,0,0,34,0,0,0,0,0,0,46,0,13,0,13,0,0,0,0,0,0,0,8,0,3,10,12,2,13,0,0,0,0,5,2,0,17,74,0,119,19,0,0,0,2,0,0,73,0,193,1,0,6,0,0,2,19,1,8,0,0,0,0,1,0,0,0,0,0,5,6,13,0,27,3,2,0,12,0,1,0,0,0,36,0,14,0,17,515,0,27,775,0,0,1,0,0,0,1262,0,0,185,0,0,1,0,0,0,9,0,0,0,0,0,0,2,0,0,28,0
"402",0,1,1,0,0,0,1,0,0,0,0,0,0,0,0,0,0,0,0,0,0,0,0,0,0,3,0,0,3,1,92,0,0,0,0,0,1,0,0,0,0,0,0,0,0,1,0,0,0,0,0,0,0,0,0,0,0,0,0,23,0,0,0,0,0,0,18,0,0,0,0,0,0,0,0,0,0,0,0,0,0,0,0,0,0,1,0,0,0,0,0,0,0,0,0,0,0,0,0,0,0,0,1,0,0,0,0,1706,0,0,0,0,0,0,0,0,3,0,0,5,0,0,0,1,0,179,0,0,0,0,5,0,0,0,0,0,0,0,0,0,48,0,0,0,0,0,0,0,0,0,2,0,0,0,1,0,0,0,0,2,0,0,0,1,0,0,0,0,0,0,0,0,0,0,0,0,0,0,0,1,0,0,0,0,0,0,0,1,0,0,0,1,1,0,0,0,0,0,1,0,0,0,0,0,0,0,0,0,0,0,0,0,0,0,1,0,0,3,0,0,0,0,0,0,0,0,0,0,44,0,0,0,0,74,0,0,0,0,0,0,0,0,0,0,2,3,0,0,0,0,0,0,0,0,0,0,1,0,1,2,0,0,0,1,0,0,0,0,0,6268,0,0,239,0,2,0,0,0,0,1260,0,0,3,0,0,0,0,0,0,0,0,0,0,0,0,0,0,0,0,0,0
"403",0,0,0,0,0,0,0,40,0,0,0,0,1,0,49,0,0,0,0,0,22,10,0,4,0,2003,0,4,31,113,0,0,0,17,0,0,0,0,0,0,0,0,0,0,0,92,0,12,0,0,0,0,0,0,0,0,0,0,0,48,0,0,0,0,0,0,1,0,0,0,0,0,0,0,0,102,0,0,1,19,0,0,2,0,0,1,478,0,0,36,0,3,4,0,0,0,0,0,118,0,0,2,0,0,13,0,0,0,0,79,0,0,0,0,0,3,0,12,93,0,0,0,0,1,0,0,0,0,0,0,0,334,0,0,0,0,24,0,3,0,169,0,0,0,0,0,2,0,0,0,0,224,0,143,4,0,0,1,0,130,0,0,0,737,0,0,0,0,0,0,9,0,0,0,0,0,0,347,0,0,0,0,0,37,0,0,0,0,0,0,0,0,2,1,0,7,0,0,0,0,0,0,0,2,0,1,13,0,1,0,0,0,0,0,4,0,138,68,302,0,0,32,0,0,0,0,0,0,0,0,0,0,0,116,0,0,0,0,0,0,0,0,0,0,0,0,0,0,0,0,0,0,1,0,3,8,36,0,0,1,3,0,0,5,0,0,0,0,14,7,0,0,831,0,0,0,3,0,6,1913,0,7,2,0,0,1,0,0,155,0,0,0,0,0,402,0,1,0,0,5,0
"404",0,0,0,11,0,3,22,31,0,0,0,0,0,522,24,39,0,0,0,0,25,26,0,13,0,183,1,0,89,0,0,0,0,23,0,0,46,2,0,0,2,0,0,4,4,0,0,1,0,0,0,0,3,0,0,0,0,0,0,167,0,0,0,11,0,0,23,0,0,0,8,2,2,12,0,0,0,0,0,0,0,7,0,0,178,25,4,0,0,73,0,19,0,0,0,0,0,0,0,0,0,0,0,0,0,0,22,0,0,48,0,0,0,6,9,4,0,0,1,0,0,0,0,2,1,0,0,0,0,0,0,2,0,0,0,0,590,0,0,0,869,0,0,0,0,0,96,14,0,0,2,0,3,51,0,0,0,1,0,5,0,0,0,0,0,0,0,0,7,0,0,0,1,0,0,1,4,0,60,2,0,0,0,0,3,0,0,0,0,0,5,0,2,53,0,0,0,0,0,0,0,0,0,0,0,30,35,0,10,25,0,0,0,0,6,1,54,199,17,0,5,0,0,0,0,0,0,0,0,0,0,0,0,183,0,0,1,0,0,86,0,0,0,0,0,0,0,0,0,0,84,12,0,0,11,10,68,0,0,0,2,0,0,35,5,0,0,0,0,997,0,0,560,0,0,0,0,1,1,3924,0,0,2,0,0,0,0,1,31,0,0,0,17,0,23,1,52,0,0,44,0
"405",0,0,0,155,0,0,0,0,0,0,0,0,0,0,0,0,0,0,0,0,0,0,27,0,0,0,0,0,0,66,0,0,0,0,0,0,0,0,0,0,0,0,0,0,0,0,0,0,8,0,0,0,0,15,0,0,0,0,0,2193,0,127,0,0,0,0,202,0,0,997,0,0,0,0,0,0,0,0,0,0,0,0,0,0,0,0,0,0,4,0,0,0,917,0,0,13,0,0,0,0,0,0,0,0,0,0,0,0,0,0,0,0,0,0,0,0,0,0,369,84,0,0,0,10,0,0,0,0,0,0,0,0,0,0,0,0,0,0,0,0,0,0,0,0,0,0,0,0,0,0,0,0,0,0,0,0,0,0,0,0,0,0,0,0,0,0,0,0,0,297,0,0,129,0,0,0,0,0,1243,0,0,0,0,0,0,0,0,0,0,0,0,0,0,0,0,256,0,0,0,0,0,0,0,0,818,0,0,0,0,32,0,0,0,0,0,0,0,0,0,0,0,351,0,919,30,0,0,0,0,0,0,0,0,53,0,0,0,0,0,0,0,0,0,0,0,0,0,0,0,0,0,0,0,0,0,0,0,0,0,0,0,0,0,0,0,0,0,0,0,77,410,0,0,0,0,9,0,0,0,0,0,0,0,0,0,0,0,0,188,0,0,0,0,0,0,0,0,0,0,0,0
"406",0,0,3,0,0,0,1,80,1,0,2,1,0,25,82,7,0,0,0,0,6,34,2,0,0,675,0,0,5,2,332,0,0,82,0,0,60,164,1,0,0,0,0,9,0,5,0,1,0,0,8,0,0,0,2,0,0,0,0,94,0,57,1,0,0,0,0,0,0,0,71,1,0,4,0,0,0,0,0,38,0,0,0,0,80,0,0,0,0,73,60,565,142,0,0,0,0,0,6,0,0,0,0,0,1,0,75,0,0,0,0,40,0,40,0,0,0,0,0,0,0,0,0,1,1082,0,2,0,2,0,2,0,0,0,0,0,62,0,0,0,4,0,0,0,0,0,0,6,1,3,1,0,0,0,1,0,0,0,41,257,0,0,0,0,0,1,0,9,0,0,1,0,1,0,0,0,0,132,298,0,0,0,2,0,1,0,0,0,93,0,0,30,0,0,0,18,0,1,0,4,0,0,1,12,0,0,1,0,0,0,0,33,0,5,10,1,2,30,2,8,31,10,0,0,0,0,0,0,70,0,241,0,0,346,0,0,4,0,0,0,4,0,0,0,0,0,0,0,0,0,128,5,14,0,4,1,4,0,4,0,3,4,0,1,13,0,25,0,3,77,4,14,110,0,0,2,2,1,3,1731,0,2,515,0,0,0,0,0,28,59,0,0,0,0,140,6,1,123,0,30,0
"407",0,0,0,0,0,0,4,0,0,0,0,0,0,0,146,0,1,0,0,0,0,0,0,0,0,2200,0,0,0,0,0,0,0,0,0,0,1,0,1,0,0,0,0,0,0,0,0,0,0,0,0,0,0,0,0,0,0,0,0,3,0,0,0,1,0,0,22,0,0,0,0,0,0,0,0,0,0,0,0,0,0,0,0,0,0,6,0,0,0,4,0,263,0,0,0,0,0,0,0,0,0,4,0,0,0,0,0,178,0,0,0,0,0,0,0,0,0,0,1,0,0,0,0,0,10,0,0,0,0,0,0,0,0,0,0,0,249,0,0,0,1135,0,0,0,0,0,16,0,0,0,4,0,0,0,0,0,0,0,0,0,0,0,0,0,0,0,0,5,1,4,2,8,0,0,0,0,0,0,0,0,0,0,0,0,0,0,1,0,0,0,0,0,0,1,0,0,0,0,0,0,0,0,0,1895,1,72,0,0,30,0,0,0,0,0,0,0,0,0,170,0,0,0,0,0,0,0,0,0,0,0,32,0,0,701,0,0,4,25,0,0,0,0,0,0,1,1,0,4,0,0,0,0,0,0,0,0,12,0,0,0,0,0,0,2,0,0,0,0,299,498,0,0,1622,0,0,0,0,0,0,0,0,0,22,2,0,0,0,0,0,43,0,0,0,0,0,0,3,0,0,0,0
"408",0,0,0,0,0,0,0,0,0,0,0,0,0,0,24,0,0,0,0,0,0,0,0,4,0,4657,0,0,38,9,614,0,0,160,0,0,65,12,0,0,0,0,0,29,0,0,0,0,0,0,1,0,0,0,0,0,0,0,0,16,0,0,0,0,0,0,8,0,0,0,0,0,0,0,0,2,0,0,0,26,0,0,0,0,0,1,148,0,0,59,0,0,0,0,0,0,0,0,0,0,0,4,0,0,0,0,0,56,0,0,0,0,0,0,0,0,0,0,181,0,0,0,0,0,173,0,0,0,0,0,0,0,0,0,0,2,41,0,0,0,4,0,0,0,0,0,0,0,0,0,13,0,0,0,0,0,0,0,0,59,0,0,0,0,0,0,0,4,0,0,0,0,0,0,0,0,0,22,159,0,0,2,0,0,12,0,0,0,0,0,0,0,2,0,0,0,0,0,0,0,0,0,0,0,0,0,10,0,1,12,23,0,0,0,15,0,0,0,2,0,0,0,0,0,0,0,0,0,15,0,97,1,0,1236,0,0,0,0,0,0,0,0,0,0,0,0,0,0,0,0,0,9,0,0,0,8,1,0,0,1,0,0,0,0,5,0,0,0,0,384,0,4,820,0,1,0,0,0,0,366,0,0,182,0,0,0,0,0,0,0,0,0,0,0,26,0,5,0,0,253,0
"409",0,0,2,0,0,0,2,0,0,0,0,0,0,0,0,0,0,0,0,0,0,0,0,0,0,2669,0,0,150,145,3,0,0,378,0,0,5,50,0,0,0,0,0,0,0,6,0,0,0,0,1,0,0,0,23,0,0,0,0,9,0,0,0,0,0,0,0,0,0,0,0,0,0,0,0,0,0,0,0,0,0,0,31,0,0,7,0,0,0,0,0,0,211,0,0,0,6,0,26,0,0,2,0,0,0,0,0,305,0,14,0,0,0,0,0,0,0,0,92,13,0,0,0,154,0,0,2,0,0,0,22,0,0,0,0,0,851,0,0,0,350,0,0,0,0,0,8,0,0,0,0,0,0,0,0,0,0,0,0,45,0,0,0,0,0,0,0,0,0,0,16,0,0,0,0,0,0,0,1,0,0,0,0,0,21,0,0,0,0,0,0,92,0,0,0,0,0,0,0,0,0,0,0,0,0,12,0,0,0,0,0,0,0,0,0,0,54,0,0,0,0,0,0,0,0,0,0,0,0,0,0,1,0,728,0,0,0,0,0,4,0,0,0,0,3,0,0,0,0,0,0,0,0,0,0,0,0,0,1,0,2,0,0,12,0,0,0,0,0,4,0,20,564,0,0,0,0,0,0,2988,0,0,161,0,0,0,0,0,0,6,0,0,0,0,0,0,109,0,0,17,0
"410",0,0,0,0,0,0,9,0,0,0,0,0,0,0,0,0,52,0,0,0,0,0,0,0,0,5,0,0,208,0,0,0,0,1,0,0,0,0,0,0,0,0,0,0,0,1,0,0,0,0,0,0,0,0,0,0,0,0,0,0,0,0,0,0,1,0,9,0,0,0,0,0,0,0,0,0,0,0,0,1,0,0,0,0,0,0,0,0,0,0,19,0,0,0,0,0,23,0,0,0,0,3,0,0,0,0,0,632,0,0,0,0,0,0,0,0,0,0,4,0,0,0,0,0,4,0,104,0,0,0,0,1,0,0,0,0,0,0,0,0,482,0,0,0,0,0,0,0,0,0,1,0,0,0,0,0,0,0,0,0,0,0,0,0,0,0,0,0,0,0,0,0,0,0,0,0,0,0,10,0,0,0,0,0,1,0,0,0,0,0,0,46,0,0,0,0,0,0,0,0,0,0,0,0,135,0,0,0,1,0,0,0,0,0,0,0,0,0,125,0,0,0,0,0,0,0,0,0,0,0,0,0,0,386,0,0,0,0,0,2,0,0,0,0,1,0,0,0,0,0,0,0,0,0,0,0,0,0,0,0,0,0,0,0,0,0,0,0,0,6440,0,0,1276,0,0,0,0,0,0,2,0,0,12,0,0,0,0,0,0,0,0,0,0,0,0,0,5,0,0,1,0
"411",28,0,0,0,0,0,0,0,0,0,0,0,4,0,2,0,0,0,0,0,0,0,0,7,0,3748,0,0,14,16,0,0,0,54,0,0,10,0,0,0,0,0,0,0,0,0,0,0,5,0,0,6,0,0,0,0,1,0,0,0,0,0,0,0,0,0,72,0,0,0,10,0,0,0,0,0,0,0,0,0,0,0,0,0,0,0,0,0,0,0,0,6,114,0,0,8,0,0,0,0,0,0,0,0,0,0,0,1197,0,0,0,0,0,46,0,0,0,114,101,0,0,0,0,2,0,0,0,0,0,0,0,0,0,6,0,0,2,0,0,0,204,0,0,0,0,693,0,0,0,0,0,0,0,0,0,0,0,0,0,0,0,0,0,0,0,0,0,0,0,0,0,0,0,0,0,0,0,0,0,0,0,5,0,0,0,0,0,0,0,0,0,0,2,0,0,0,0,0,0,0,0,0,0,0,0,70,7,7,1,5,0,0,0,0,0,3,238,0,10,0,0,0,0,0,0,0,0,0,88,0,0,0,0,0,0,0,0,0,0,0,0,25,0,0,81,0,0,0,0,0,0,0,0,0,0,0,0,0,0,0,0,0,0,0,0,0,0,0,0,27,0,0,158,0,1,0,0,0,0,3147,0,0,0,0,0,0,0,0,0,0,0,0,0,0,0,0,16,0,0,0,0
"412",28,1,0,0,0,0,1,0,0,0,0,0,0,0,7,0,1,0,0,0,0,0,0,0,0,2957,0,0,56,9,121,0,0,0,0,0,20,0,0,0,0,0,0,0,0,0,0,0,0,0,0,0,0,1,0,0,0,0,0,242,0,0,0,0,0,0,0,0,8,0,0,0,30,0,0,0,0,0,0,138,0,0,0,0,0,2,4,0,0,180,0,0,0,0,0,1,0,0,0,0,0,71,0,0,0,0,0,564,0,0,0,0,10,183,0,0,0,0,127,0,0,0,0,0,0,0,0,0,0,0,16,0,0,0,13,0,5,4,0,0,65,0,0,0,0,0,0,8,0,0,30,0,0,0,2,0,2,0,0,123,0,0,0,0,0,0,0,0,0,0,45,0,0,0,15,0,0,0,0,0,0,0,0,0,0,0,0,0,0,0,0,0,3,8,0,0,0,1,0,0,0,0,0,0,0,219,2,0,1,17,0,0,0,0,0,0,432,0,0,0,0,0,0,0,0,0,0,329,0,0,296,0,0,401,0,0,0,21,0,7,0,0,0,0,2,36,0,0,0,0,0,0,0,0,0,3,0,0,0,5,0,0,0,23,0,0,0,0,0,7,0,0,74,0,0,0,0,0,0,2918,0,0,0,0,0,1,0,0,0,69,0,0,0,0,30,0,6,0,0,0,0
"413",0,0,0,1,15,1,1,0,0,0,0,1,0,0,11,0,0,1,1,0,0,26,0,4,1,4058,0,0,4,2,32,0,0,263,0,0,10,1,0,0,0,0,0,0,0,247,84,1,0,0,0,0,0,2,1,0,0,1,0,16,0,2,1,1,24,1,92,3,5,0,1,0,1,0,0,0,0,0,0,0,0,0,68,1,0,0,38,22,0,27,0,1,0,0,0,5,0,0,0,0,0,0,1,9,1,1,0,368,0,19,0,21,0,0,3,0,0,0,30,0,0,0,0,0,82,64,0,0,1,0,8,31,0,4,0,0,2,0,0,0,1418,0,0,0,0,135,2,1,0,5,5,0,0,3,1,24,2,0,1,92,0,0,0,0,0,0,0,0,0,6,5,0,0,0,1,0,1,18,64,1,0,0,0,0,3,6,0,0,0,0,0,0,2,0,2,0,0,0,0,0,16,0,0,0,0,122,10,0,0,1,0,0,1,0,10,0,52,0,149,6,0,0,2,0,1,0,0,0,4,0,0,0,1,839,0,1,1,0,1,0,0,0,0,7,0,1,0,2,3,0,0,1,6,0,2,24,28,0,6,32,0,7,0,1,0,1,0,0,4,0,0,1,0,0,0,0,0,1,3,516,0,0,263,0,0,0,0,0,14,0,0,5,0,0,0,5,0,0,0,255,0
"414",0,0,0,0,0,0,0,0,0,0,0,0,0,0,0,0,0,0,0,0,14,21,0,6,0,2,0,0,1,2,676,0,0,153,0,0,9,104,0,0,0,0,0,22,0,4,0,0,0,0,0,0,0,0,32,2,0,0,0,413,0,0,0,0,0,0,6,0,0,0,39,0,0,0,0,1,0,0,0,242,0,0,43,0,1,0,1,0,0,0,0,5,269,0,0,0,0,0,0,0,0,0,0,16,3,0,0,3624,0,0,0,0,0,23,4,0,0,0,92,0,0,0,0,1,570,0,0,0,0,0,5,8,0,0,0,0,0,0,0,0,4,0,0,0,7,0,9,1,0,0,0,6,0,0,0,0,0,0,41,43,0,0,0,0,0,0,0,0,0,0,0,0,0,0,0,0,0,13,0,3,0,0,0,0,0,0,1,0,0,0,0,34,2,0,0,0,0,0,0,0,0,0,0,445,0,14,1,0,0,0,0,0,0,0,26,0,68,9,162,0,0,0,0,0,0,0,0,0,0,13,169,0,0,356,0,0,0,0,0,0,0,0,0,0,0,0,0,0,0,0,0,0,0,1,0,0,0,0,9,12,0,0,0,1,0,0,0,0,0,384,0,0,13,0,0,0,0,0,56,1102,0,0,398,0,0,0,0,0,25,0,0,0,1,0,0,51,0,0,0,109,0
"415",0,0,0,0,0,0,1,17,0,0,0,0,0,151,1,0,1,0,0,1,0,46,0,0,0,2364,0,0,0,0,89,0,0,25,0,0,0,70,1,0,0,0,0,69,0,844,72,2,0,0,4,0,0,0,0,0,0,0,0,220,1,23,0,0,0,0,208,0,0,21,100,2,0,0,0,0,0,0,0,403,0,0,185,3,0,0,0,0,0,21,0,2,1,0,0,0,0,0,233,0,0,0,0,0,0,0,75,1217,0,0,1,0,0,64,0,0,0,1,17,1,0,0,0,1,199,0,1,104,0,0,0,75,6,1,0,0,1,0,0,0,4,0,0,0,0,0,0,0,0,1,0,0,0,11,0,0,0,0,14,22,0,0,0,0,0,1,1,0,0,1,3,0,1,0,0,0,0,40,187,0,0,0,0,0,0,0,0,0,0,0,0,63,0,0,0,0,0,0,0,2,0,0,1,8,0,96,0,0,0,0,0,0,2,0,21,0,274,15,0,0,7,0,0,0,0,0,0,0,39,0,88,0,0,419,0,0,31,0,0,0,0,0,0,0,0,0,7,0,0,0,0,0,10,0,0,24,0,0,0,162,0,0,0,5,0,0,0,0,7,1,3,0,6,1,0,0,0,0,1,1142,0,1,157,0,0,0,0,0,93,7,0,0,0,0,0,0,1,0,0,75,9
"416",0,0,0,0,0,0,2,0,0,0,0,0,0,0,0,0,0,0,0,0,0,0,0,0,0,923,0,9,4,0,1,0,0,0,0,0,0,0,0,0,0,0,0,0,0,0,0,0,0,0,0,0,0,0,0,0,0,0,0,0,0,0,0,0,0,0,0,0,0,0,0,0,0,0,0,0,0,0,0,0,0,0,0,0,0,5,0,0,0,0,0,0,0,0,0,0,0,0,0,1,0,171,55,0,0,0,0,4,0,0,0,0,0,0,0,0,0,0,0,0,0,0,0,1,0,0,0,0,0,0,150,0,0,0,0,0,0,0,0,0,0,0,0,0,0,0,60,0,0,0,59,0,0,0,0,0,0,0,0,0,0,0,0,0,0,0,0,0,0,0,0,0,0,0,0,0,0,0,11,0,0,0,0,0,0,0,0,0,0,1,0,0,0,0,0,11,0,0,0,0,0,0,0,0,0,0,0,0,0,13,0,0,0,0,0,0,0,0,0,0,0,0,0,0,0,0,0,0,0,0,0,0,0,180,0,0,0,8,0,0,0,0,0,0,0,0,0,0,0,0,0,0,0,1,0,0,0,0,0,0,0,0,0,0,0,0,0,0,0,9,23,0,1763,0,1,0,0,0,0,6129,0,0,0,0,0,0,0,0,0,0,0,0,0,0,0,0,0,0,0,0,0
"417",4,0,0,0,0,0,1,31,0,0,0,0,0,0,2,0,0,0,0,0,0,0,0,1,0,2703,0,0,1,10,335,0,0,0,0,0,1,0,0,0,0,0,0,4,0,23,0,0,0,0,0,0,0,0,8,0,2,0,0,72,0,0,0,0,0,0,404,0,0,0,14,0,0,0,0,0,0,0,0,0,0,0,3,0,0,1,0,0,0,0,0,0,0,0,0,0,0,0,0,0,0,0,0,0,0,2,0,401,0,0,0,0,0,0,0,0,0,0,28,0,0,0,3,4,0,0,0,0,0,0,0,322,0,0,0,0,0,0,0,0,74,0,0,0,0,0,0,0,0,1,0,0,0,0,0,0,0,0,0,4,0,0,0,389,0,0,0,0,0,0,0,0,1,0,0,0,0,0,0,0,0,0,0,0,7,0,0,0,0,0,27,9,1,0,0,18,0,0,0,0,0,0,0,1604,62,7,0,0,0,1,0,0,0,0,0,0,58,0,0,0,0,0,0,0,0,0,0,0,0,0,0,0,0,0,0,0,0,0,0,0,0,0,0,0,4,0,0,0,0,0,0,0,0,1,0,0,0,0,0,0,0,0,0,0,0,0,0,0,0,48,0,0,126,0,14,0,0,0,1,2700,0,0,0,0,0,0,0,0,37,1,0,0,0,0,0,0,0,0,0,0,0
"418",0,0,0,0,0,0,0,0,0,0,0,0,0,72,3,0,0,1,0,0,0,15,0,0,0,332,0,0,3,8,81,0,0,51,0,0,5,7,0,0,0,0,0,0,0,16,7,7,1,0,2,0,0,0,0,0,0,0,8,5,0,8,0,0,0,0,515,0,0,0,0,0,0,3,0,8,0,0,0,6,0,0,17,0,30,0,0,0,0,86,0,1,0,0,0,0,0,0,0,0,0,0,0,0,4,0,0,0,13,0,0,40,0,94,0,0,0,0,1,0,0,0,0,5,0,0,0,0,0,0,0,44,0,0,0,0,1,0,0,0,79,0,0,0,0,0,11,0,0,1,22,0,0,8,0,0,0,0,0,81,0,0,0,549,0,0,0,0,0,0,7,0,1,0,0,0,0,0,80,0,0,0,0,0,2,0,0,0,0,0,0,47,0,0,0,0,0,0,0,0,0,0,0,38,0,4,7,0,2,1,0,0,0,2,21,1,64,0,2,7,1,59,0,0,0,0,0,0,15,10,1,0,0,916,0,0,0,0,0,41,3,0,0,0,0,5,0,0,0,0,0,0,0,0,33,3,5,0,0,0,1,0,0,2,0,0,2,0,0,515,0,82,2548,0,0,6,0,0,0,2844,0,2,152,0,0,0,1,0,141,0,0,0,0,0,42,0,0,0,0,30,0
"419",0,1,0,0,0,0,1,0,0,0,0,0,0,0,49,0,0,0,0,0,0,0,0,1,0,3618,0,0,11,9,0,16,0,0,0,0,0,0,0,0,0,0,0,0,0,0,0,0,0,0,0,0,0,0,0,0,0,0,0,0,0,0,0,0,0,0,1,0,2,96,0,0,0,0,0,0,0,0,0,0,0,0,0,0,0,0,4,0,0,0,0,3,42,0,0,0,0,0,0,0,0,107,0,0,0,0,0,0,0,0,0,0,17,0,0,0,0,0,0,8,0,0,0,0,0,0,0,0,0,0,58,6,0,0,0,0,20,0,0,0,30,0,0,0,0,0,0,0,0,0,0,0,0,0,0,5,0,0,0,0,0,0,0,0,0,0,0,0,0,0,0,0,0,0,0,0,0,0,0,0,0,0,0,0,0,0,0,0,0,0,0,0,0,0,0,0,0,0,0,0,0,0,0,0,0,0,0,0,0,0,2,0,0,0,0,0,0,0,0,0,0,0,0,0,0,0,0,0,0,0,0,0,0,0,0,0,0,0,0,0,0,0,0,0,0,0,0,0,0,0,0,0,0,0,0,0,0,0,0,0,0,0,0,0,0,0,0,0,0,715,0,0,1900,1,1,0,0,0,0,1498,0,598,14,0,0,0,0,4,0,0,0,0,0,0,0,0,5,0,0,0,0
"420",0,0,0,0,0,0,0,77,0,0,0,0,0,183,39,0,0,0,0,0,43,29,0,0,2,398,0,0,0,0,0,0,0,24,0,136,0,168,0,0,0,0,62,116,0,79,0,14,2,0,43,0,0,0,90,0,0,0,0,47,0,50,0,0,0,0,9,0,0,0,452,0,0,233,0,0,0,0,0,56,0,6,0,0,643,0,0,1,0,53,0,0,0,0,0,0,0,0,13,0,0,2,0,11,2,0,198,12,66,0,0,21,0,9,0,0,0,0,176,3,0,0,0,1,192,18,0,0,17,0,8,0,0,0,0,0,763,0,0,0,0,0,0,0,0,0,5,4,0,0,9,11,0,0,1,0,0,0,4,207,0,0,0,0,0,0,0,0,0,7,0,0,9,0,0,0,0,439,95,24,0,0,0,0,0,0,1,0,0,0,0,45,1,0,173,0,0,2,0,0,7,0,0,1274,0,7,0,0,0,0,0,0,4,0,35,0,19,110,75,6,0,0,0,0,0,30,0,0,4,20,187,0,0,678,0,2,0,0,0,0,0,0,89,0,0,0,6,0,0,0,178,45,19,0,0,0,3,0,16,46,11,3,0,0,0,0,0,0,117,5,0,53,0,0,0,0,1,0,9,610,0,0,241,0,0,0,0,0,14,37,0,0,0,0,0,0,0,53,0,382,0
"421",0,0,0,0,0,0,2,0,0,0,0,0,0,0,15,0,0,0,0,0,0,0,0,5,0,0,0,0,10,0,0,0,0,0,0,0,0,0,0,0,0,0,0,0,0,0,0,0,2,1,0,0,0,0,0,0,0,1,0,0,0,0,0,0,0,0,0,0,0,0,0,0,0,0,0,0,0,0,0,0,0,0,0,0,0,6,166,0,0,94,0,8,7,0,0,27,0,1,0,0,0,0,0,0,3,0,354,5088,0,0,0,0,0,0,0,1,0,0,0,0,0,0,0,1,0,0,0,0,0,0,0,54,0,1,0,0,14,0,0,0,64,0,0,0,0,0,23,0,0,0,38,0,0,0,0,0,0,0,0,0,0,0,0,0,0,0,0,0,0,0,42,7,0,1,0,0,0,0,577,0,0,0,0,0,0,0,0,0,0,0,0,0,1,19,0,0,0,0,0,0,0,0,1,0,0,361,0,0,0,4,0,0,0,0,0,0,59,0,168,0,0,0,0,0,0,0,0,0,0,0,0,0,0,229,0,0,0,49,0,0,0,0,0,0,0,0,0,1,0,0,0,0,0,0,0,17,0,0,0,0,4,0,0,10,0,0,0,0,0,34,0,0,17,0,5,0,0,0,3,2206,0,0,0,0,0,0,0,1,0,0,0,0,0,0,1,0,196,0,0,0,0
"422",0,0,0,0,0,1,0,15,0,0,4,0,0,0,54,0,0,0,0,0,42,16,0,34,0,2491,0,0,136,105,190,0,0,0,0,0,6,0,0,0,0,0,0,19,0,8,0,1,0,0,0,0,1,0,6,0,0,0,0,4,0,0,0,0,0,0,249,0,0,0,0,0,1,6,0,0,1,0,0,7,0,31,508,0,2,0,28,0,0,90,0,10,53,0,0,0,3,0,7,0,0,0,0,0,0,0,0,2608,0,0,0,0,0,69,0,0,0,0,92,0,0,0,0,1,50,0,0,0,0,0,22,624,0,0,0,0,0,0,0,2,6,0,0,1,0,0,0,6,0,0,9,0,0,1,0,0,0,0,9,4,0,0,0,0,0,0,0,0,0,0,0,0,0,0,0,0,0,1,110,1,0,0,0,0,10,0,0,0,0,0,0,166,0,0,0,0,0,0,0,0,0,0,0,0,0,199,0,0,0,0,0,0,0,1,7,0,0,22,162,0,0,0,0,0,0,0,3,0,3,0,140,0,0,477,0,0,0,0,0,0,0,1,0,0,0,0,0,0,0,0,0,0,21,0,8,24,22,0,1,162,1,0,0,3,3,0,1,0,0,31,0,12,59,0,0,0,0,0,0,5,1,0,73,0,0,0,0,0,12,0,0,0,0,0,58,0,4,0,0,56,0
"423",0,0,0,0,0,0,56,1,0,0,0,0,3,474,70,4,0,0,0,0,0,0,0,1,0,5613,0,0,16,11,1,12,0,20,0,0,35,0,0,0,0,0,124,4,0,8,0,0,0,0,0,0,0,0,0,0,0,0,0,1,0,12,0,0,0,0,1,0,0,0,1,1,0,0,0,0,0,0,0,0,15,0,2,0,2,0,0,1,0,59,0,21,115,0,0,0,0,0,0,0,0,1034,0,0,0,0,0,42,0,0,0,0,0,1,0,0,0,0,0,3,0,0,0,3,868,0,0,0,0,0,0,0,0,0,0,0,1,0,0,0,34,0,0,0,0,0,0,0,0,0,0,0,0,0,0,0,0,0,0,4,0,0,0,0,0,1,0,0,0,0,0,0,305,0,0,0,0,0,1,1,0,0,0,0,1,0,0,0,0,0,0,1,0,0,0,1,0,0,0,0,0,0,0,1,0,0,0,0,10,0,0,0,0,0,0,0,1,0,214,0,1,0,0,0,0,0,0,0,15,0,3,0,0,0,0,0,0,0,0,0,0,0,0,0,0,0,0,0,0,0,0,0,0,0,1,0,0,0,0,0,0,0,0,0,12,0,0,0,0,418,0,0,0,0,0,0,0,0,0,10,0,0,2,0,0,0,0,0,0,0,0,3,0,0,329,0,2,0,0,0,0
"424",0,0,0,0,0,0,1,0,3,0,0,0,0,6,1,0,0,0,0,0,32,27,1,0,2,1124,8,0,2,0,0,0,2,0,0,0,0,62,0,0,0,0,0,11,0,64,0,1,0,0,3,0,0,0,0,0,0,1,0,103,6,30,0,1,0,2,226,0,0,0,7,0,0,28,1038,0,0,0,0,12,0,7,0,0,3,3,0,0,0,59,0,6,0,0,0,0,0,0,0,0,0,0,0,0,4,0,3,981,0,28,0,2,0,30,0,0,6,0,282,3,0,0,32,0,146,0,158,0,1,0,16,130,0,0,0,0,1,0,0,0,13,0,0,0,0,0,14,0,0,0,14,0,0,9,1,0,0,0,0,15,0,4,0,270,0,0,0,0,1,4,7,0,46,1,0,0,0,1,154,2,0,0,0,0,12,0,0,0,4,0,0,195,1,0,0,1,0,0,0,378,0,0,0,1,0,341,17,0,3,0,0,0,0,0,0,1,152,2,50,19,0,18,0,0,0,0,0,0,3,0,49,0,0,758,0,0,0,0,0,23,0,0,3,0,0,0,1,1,0,0,82,3,1,0,1,4,62,0,4,0,1,0,0,1,0,0,0,2,15,46,1,0,831,0,0,0,1,7,2,1069,0,0,46,0,0,0,1,1,14,88,0,0,0,0,34,0,2,0,6,386,0
"425",1,0,0,0,0,0,0,100,0,0,0,0,0,603,6,0,0,0,0,0,68,22,0,0,0,1,0,0,0,1,327,0,0,347,0,0,35,64,0,0,0,0,0,0,0,8,0,0,0,0,0,0,0,0,26,0,0,0,0,46,0,0,0,0,0,0,0,0,0,0,16,0,0,23,0,0,0,0,0,53,0,0,143,0,0,2,1,0,0,975,0,0,4,0,0,0,0,0,48,0,0,22,0,0,22,0,0,93,0,0,0,0,0,184,0,0,0,0,165,0,2,0,0,0,36,0,0,0,0,3,75,175,0,0,0,0,2,0,0,0,2,0,0,0,0,0,0,0,0,0,9,30,0,6,0,0,0,0,0,26,0,0,0,113,0,0,0,0,0,0,0,0,0,0,53,0,0,11,10,0,0,0,0,0,8,0,0,0,0,0,0,300,1,0,0,0,0,1,0,0,0,0,0,0,0,61,0,0,6,0,0,0,0,0,10,0,161,0,152,0,0,0,0,0,0,20,0,0,89,0,88,0,0,418,0,0,2,0,0,0,0,0,0,0,0,0,0,0,0,19,0,3,16,1,20,1,0,2,9,0,3,0,0,12,14,0,0,0,163,0,0,0,83,0,0,0,0,0,1,3799,0,0,275,0,0,0,0,0,0,10,0,0,0,0,234,0,5,0,0,74,2
"426",0,0,0,0,0,0,30,0,0,0,0,0,0,0,0,0,0,0,0,0,0,0,1,3,0,115,0,0,1,0,0,0,0,0,0,0,1,218,0,0,0,0,0,0,0,0,0,0,0,0,0,0,0,0,0,0,0,1,0,89,0,0,0,0,0,0,36,0,1,0,0,0,0,0,0,0,0,0,0,386,0,0,0,0,0,2,0,0,0,0,0,34,64,0,0,0,0,0,113,0,0,0,0,0,0,0,0,233,0,258,0,0,0,0,0,2,0,1,0,0,0,0,0,1,137,0,0,0,0,0,0,0,0,2,0,1,4,0,0,0,7,0,0,0,0,0,0,0,0,7,0,0,0,0,0,0,0,0,0,106,0,0,0,1444,0,0,0,7,0,0,0,0,0,1,0,0,0,0,17,0,0,0,0,0,0,7,0,0,0,0,0,79,1,0,0,1,0,0,0,0,0,0,0,0,281,7,0,0,0,2,0,0,7,0,37,0,41,0,8,0,0,0,0,0,0,0,0,0,0,0,0,0,0,234,0,0,0,0,0,0,0,0,0,0,0,0,0,0,0,0,0,0,0,0,1,2,0,0,0,0,1,0,0,1,0,0,0,0,0,435,0,0,319,0,0,0,0,0,1,4140,0,0,0,0,0,0,0,0,0,0,0,0,0,0,0,0,0,0,0,0,0
"427",0,1,0,0,11,0,1,0,0,0,8,0,0,0,139,0,4,0,1,0,23,30,0,0,0,3657,0,0,0,4,0,0,0,0,0,0,0,2,0,0,0,0,0,0,0,8,0,0,0,0,0,0,1,0,2,0,1,0,0,0,0,0,1,0,0,0,0,0,0,0,103,0,0,0,0,8,0,0,0,1,0,0,0,0,0,1,96,0,0,36,0,45,0,0,0,0,0,0,22,0,0,2,0,0,0,0,0,0,0,0,0,46,0,43,0,0,0,0,278,0,0,0,0,2,1082,0,0,0,2,0,22,34,0,0,0,0,1,0,0,0,0,0,0,0,0,0,0,0,0,29,4,44,0,0,0,0,0,0,0,40,0,0,0,0,0,0,0,0,0,4,7,0,0,0,0,0,0,8,0,0,0,0,2,0,1,0,0,0,0,0,0,36,1,0,0,1,0,1,0,0,0,0,0,373,0,4,35,0,0,3,0,0,0,0,0,0,0,0,0,0,0,0,0,0,0,0,0,0,0,0,149,0,0,591,0,0,20,0,0,2,0,0,0,0,0,0,0,0,0,0,0,0,0,0,8,13,5,0,0,55,0,0,0,1,0,0,0,0,0,10,0,0,1042,1,1,0,0,0,3,994,0,0,891,0,0,0,0,0,0,3,0,0,0,0,28,2,1,0,0,110,13
"428",0,0,0,0,0,1,0,0,0,0,0,1,1,0,32,0,0,0,1,1,50,34,1,0,0,2129,0,0,4,43,21,0,4,46,0,0,9,0,0,2,0,0,0,0,0,998,0,0,0,0,0,0,0,0,0,0,0,0,0,0,0,0,1,0,0,0,111,0,0,0,11,0,0,0,0,0,0,0,0,30,0,0,231,0,6,11,0,33,0,2,0,3,64,13,0,11,0,0,62,0,0,0,0,18,1,0,0,917,0,0,0,60,0,127,0,14,1,0,24,0,0,0,0,29,652,0,0,0,1,0,9,31,133,1,0,1,2,0,0,0,4,1,0,0,0,0,0,0,0,0,7,14,0,0,0,0,0,0,17,75,0,0,0,0,0,0,2,0,0,0,0,0,18,0,0,0,0,28,116,0,0,0,2,0,2,0,0,0,0,0,0,66,2,0,0,5,0,0,0,0,0,0,0,0,22,5,0,0,0,2,0,0,0,0,14,0,0,25,1,0,64,0,0,0,0,0,0,0,128,0,68,0,1,2255,0,0,2,0,1,58,0,0,125,0,4,0,0,0,0,0,0,0,0,1,17,61,0,0,0,7,0,0,0,0,1,0,0,0,0,0,8,0,178,0,0,0,0,0,2,0,0,0,263,0,6,0,0,0,74,28,171,0,0,0,11,0,0,0,0,50,0
"429",0,0,0,0,0,0,18,80,0,0,1,0,0,0,0,2,0,7,0,0,304,166,4,0,26,5,0,0,14,1,0,0,0,0,0,0,13,0,0,0,0,0,0,0,0,0,182,0,0,0,3,0,0,3,0,0,0,0,0,325,0,0,0,1,0,0,68,0,0,0,120,1,6,110,0,0,0,0,6,319,0,12,0,0,0,1,0,0,0,38,0,3,0,0,0,0,0,1,0,0,0,0,6,0,0,0,14,326,0,0,0,4,0,1,0,0,0,11,157,0,0,0,0,1,40,0,0,0,0,0,0,275,0,0,0,0,4,0,0,0,8,1,0,3,0,4,2,1,0,0,14,0,0,2,1,0,5,1,15,0,0,0,0,0,0,0,0,0,0,0,0,7,129,0,0,0,0,69,350,8,0,0,0,31,49,0,1,0,0,0,0,115,1,0,0,0,0,0,0,0,0,0,0,0,1100,49,10,0,0,8,0,0,0,5,10,1,211,25,0,0,30,27,0,8,0,0,0,0,40,0,112,0,7,54,0,5,11,2,0,2,0,0,0,0,1,0,0,0,0,0,0,0,21,0,17,2,25,0,5,13,11,0,0,5,0,2,0,0,17,6,0,123,0,0,0,0,0,3,0,2826,0,0,361,0,0,0,0,0,0,40,0,0,0,0,6,0,3,0,0,124,0
"430",28,5,0,0,0,0,4,0,0,0,0,0,0,0,527,0,0,0,0,0,0,0,0,0,0,1077,0,9,180,0,0,0,0,252,0,0,0,0,0,0,0,0,0,0,0,498,0,0,0,0,0,0,0,0,0,0,0,0,0,0,0,0,0,0,0,0,0,0,0,0,0,0,0,0,0,1,0,0,0,14,0,0,0,0,0,0,138,0,0,0,0,0,173,0,0,0,0,0,47,0,0,1,0,0,0,0,0,510,0,5,13,0,0,0,0,6,1,2,0,1,1,0,0,2,166,0,0,0,0,0,0,0,0,0,0,0,155,0,0,0,802,0,0,0,0,0,0,0,0,0,0,2,3,8,1,0,0,0,0,55,0,0,0,0,0,0,0,0,0,0,0,0,0,0,0,0,0,0,0,0,0,0,0,0,0,0,0,0,0,0,0,24,4,0,0,0,0,0,0,0,0,0,0,0,0,0,0,32,3,0,0,0,0,0,0,0,0,0,141,0,793,0,0,0,0,0,0,0,0,0,0,1,0,1763,0,0,0,0,0,41,0,0,0,0,0,0,0,21,0,0,0,0,0,1,0,90,0,0,0,78,0,0,0,0,2,0,0,0,0,1424,0,0,149,716,0,0,0,0,0,4,0,0,0,0,0,15,0,0,0,0,0,0,0,0,0,0,15,0,0,0,0
"431",0,0,1,0,0,0,0,0,0,0,0,0,0,0,33,0,9,0,0,0,0,8,0,13,0,4,0,0,39,69,335,65,0,64,0,0,0,0,0,0,0,0,0,0,0,92,0,0,0,0,0,0,0,1,0,15,0,0,5,12,0,0,0,0,0,0,8,0,0,89,0,0,0,0,0,0,0,0,0,0,0,0,58,0,0,12,0,0,0,0,0,6,22,0,0,1,726,0,0,0,0,11,3,0,0,0,0,4,0,0,0,0,0,0,0,3,0,0,11,13,0,0,0,0,185,0,276,0,0,0,0,0,0,0,103,63,28,0,0,0,12,0,0,0,0,135,6,0,0,0,1,0,14,0,2,0,0,0,0,0,0,0,0,0,0,0,0,0,0,0,0,0,66,0,0,0,0,0,119,0,0,0,0,5,2,0,4,0,0,0,0,128,0,0,0,0,0,0,0,0,0,0,0,1,0,48,6,1,1,43,1,0,0,0,0,0,0,0,99,0,10,0,0,0,0,0,0,0,0,0,0,0,0,160,0,0,8,0,0,40,0,0,0,0,16,0,155,0,0,0,0,0,0,0,0,30,3,0,0,5,0,0,0,4,3,0,0,0,0,4641,0,60,1386,0,22,0,0,0,0,9,0,40,80,0,0,64,0,0,0,15,108,0,0,0,13,0,8,0,0,41,0
"432",0,7,0,0,0,0,34,30,0,0,0,1,0,1,3,0,0,0,9,0,64,1,0,34,0,20,0,0,105,0,242,0,1,0,0,0,125,359,0,0,0,0,0,8,0,37,0,0,0,0,52,0,0,0,20,0,0,0,0,32,0,127,0,86,0,0,115,0,0,0,50,3,2,11,0,0,0,0,0,139,0,0,100,0,80,0,2,0,0,3,0,22,0,0,0,0,0,0,0,0,0,0,0,0,5,0,3,3232,0,0,2,0,0,0,0,0,0,0,110,3,0,0,0,1,61,0,0,0,0,0,27,260,0,8,0,0,62,0,0,0,0,0,0,0,148,0,8,0,0,0,19,9,0,3,1,0,0,0,0,31,0,0,0,2,0,0,0,0,0,0,0,0,0,0,0,0,1,146,37,15,0,0,0,0,14,0,0,0,0,0,0,38,2,6,371,0,0,2,0,0,0,0,0,0,0,8,0,0,1,19,0,0,0,0,0,3,0,192,118,12,73,59,0,0,0,0,86,0,6,10,146,0,0,0,0,0,12,2,0,2,0,0,0,0,0,0,0,0,0,0,0,9,52,0,8,3,0,10,13,18,0,0,0,0,0,0,0,0,3,3,0,47,14,0,0,0,0,0,0,1218,0,0,277,0,0,0,0,0,18,105,0,0,0,0,0,51,3,0,0,103,0
"433",2,0,0,1,0,0,0,0,0,0,0,0,1,0,7,0,0,0,0,0,0,12,0,4,0,2703,0,0,42,1,18,317,0,26,0,0,5,33,0,0,0,0,0,0,0,267,560,1,1,0,1,0,0,2,0,0,0,0,0,15,0,0,2,2,0,0,31,0,0,0,31,0,0,0,0,0,1,0,0,41,0,2,20,0,66,0,14,0,1,45,0,47,1,0,0,9,0,0,0,0,0,0,0,0,27,0,0,2,0,0,0,0,0,628,2,0,0,1,39,0,0,0,0,1,76,0,0,0,0,0,0,0,0,0,0,0,33,0,0,0,3,0,0,0,258,0,3,0,0,0,4,0,0,3,1,0,0,0,8,37,1,0,0,0,0,0,0,0,0,0,0,0,0,0,0,0,4,3,23,0,0,0,0,0,0,0,0,0,0,0,0,131,0,0,0,0,0,0,0,0,0,0,0,0,0,4,3,0,0,23,0,0,0,7,0,2,54,27,3,0,12,10,0,0,0,0,0,0,132,0,177,0,0,2069,0,0,0,0,0,0,0,0,0,0,1,0,0,0,0,0,0,1,0,0,17,7,1,0,1,3,0,0,0,3,0,0,18,0,0,6,0,81,94,0,0,1,0,0,0,1530,0,0,60,0,0,0,0,0,9,0,0,0,0,0,0,0,19,0,0,10,0
"434",0,1,0,0,0,0,0,0,0,0,2,0,0,0,6,0,0,2,0,0,44,29,0,0,0,1092,0,0,0,0,152,0,0,0,2,0,0,0,0,0,0,0,0,0,0,315,0,0,0,0,0,0,0,0,0,0,0,0,0,515,0,0,0,4,22,0,64,0,0,100,0,0,0,0,0,0,0,0,0,544,0,0,0,0,103,0,0,0,0,2,0,0,2,0,0,0,0,0,0,0,0,26,0,0,0,0,0,570,0,348,0,1,0,95,0,0,0,0,84,0,0,0,0,1,21,0,0,0,0,0,0,0,0,0,0,1,20,0,0,0,6,0,5,0,0,0,42,0,0,0,3,167,0,0,0,0,24,0,112,0,0,0,0,0,0,0,0,0,0,0,0,18,26,0,0,0,0,0,538,2,0,0,0,0,0,0,0,0,0,0,0,66,0,0,0,1,0,0,0,0,0,0,0,0,1134,22,0,0,2,0,0,0,0,0,15,0,120,23,0,0,0,0,0,0,0,0,0,0,0,0,48,0,0,185,0,0,0,2,0,0,0,0,0,0,2,278,0,0,0,0,0,0,0,0,0,0,8,0,0,0,0,0,0,25,0,0,0,63,0,183,4,0,0,0,0,0,0,0,0,1109,0,0,98,0,0,0,0,0,0,85,0,0,0,0,0,0,32,0,0,47,0
"435",1,0,1,0,0,1,1,80,0,0,0,0,0,0,2,0,0,0,1,0,51,13,0,0,0,2026,0,0,12,20,213,0,0,40,0,0,12,187,1,0,0,8,0,105,0,3,0,0,0,0,23,0,3,0,0,0,0,0,0,256,0,0,0,0,0,0,30,0,0,48,39,0,6,190,0,0,1,0,0,0,0,46,143,0,0,0,0,0,1,31,0,12,2,0,0,6,0,0,0,0,0,0,0,0,0,4,0,103,0,44,0,0,0,0,0,0,0,0,195,4,0,0,0,1,8,0,0,0,0,0,0,0,0,3,0,0,7,0,0,0,3,0,0,0,162,4,68,0,0,0,0,112,0,0,0,0,30,0,0,0,0,6,1,0,0,0,0,0,0,0,3,0,0,0,0,0,0,33,212,0,0,0,0,0,36,0,0,0,0,0,19,83,1,0,254,0,0,1,0,0,0,0,0,557,0,24,0,0,1,1,0,0,0,0,12,0,31,206,589,0,135,0,0,0,0,0,162,0,16,20,216,1,0,103,0,0,0,0,0,2,0,0,0,0,1,0,0,0,0,0,0,0,0,0,0,0,4,0,4,7,0,0,5,2,0,2,0,0,0,54,0,0,0,0,0,0,0,9,0,1200,0,0,326,3,1128,24,0,0,50,10,0,2,0,0,0,5,4,0,0,73,0
"436",0,0,1,0,0,0,1,13,110,0,0,0,0,0,42,0,0,0,0,0,0,3,0,13,0,4915,0,0,9,38,219,0,0,130,0,0,0,1,1,0,0,0,0,0,0,1,0,0,0,0,0,0,0,0,0,0,0,0,0,0,0,0,1,0,0,0,14,0,0,0,0,0,0,1,0,0,0,0,0,0,0,0,100,0,1,47,5,0,4,0,0,10,91,0,0,0,0,0,0,0,0,127,0,0,1,0,155,0,0,0,0,0,0,0,0,0,0,0,16,0,0,0,0,1,0,0,0,0,0,0,0,0,0,1,0,0,57,0,0,0,64,0,0,0,0,0,0,0,1,14,1,0,0,0,1,0,0,0,0,2,0,0,0,0,0,0,0,0,0,0,0,0,0,0,0,0,0,41,0,0,0,0,0,0,0,0,0,0,0,0,0,0,2,0,0,0,0,2,0,0,0,0,0,0,0,14,0,0,1,2,0,0,0,0,0,0,102,0,277,3,0,11,0,0,0,0,0,0,0,0,0,0,0,214,0,0,2,0,1,0,0,0,0,0,0,0,0,0,0,0,0,0,19,0,27,8,36,0,1,0,0,0,2,7,0,0,0,0,0,1927,0,0,398,0,0,0,0,0,2,0,0,0,93,0,0,0,0,0,0,0,0,0,0,0,64,0,2,0,0,13,0
"437",0,0,0,0,0,0,0,0,240,0,0,0,0,0,23,0,0,0,0,0,83,32,0,1,0,960,0,0,16,0,0,0,0,54,0,0,0,0,0,0,0,0,0,4,0,11,0,0,0,0,0,0,0,0,0,0,0,1,0,102,0,33,1,0,8,0,3,0,0,0,0,0,0,0,0,0,0,0,0,19,0,0,0,0,33,1,0,1,0,0,0,5,1,0,0,8,0,0,60,0,0,0,0,0,0,1,0,101,0,0,0,0,1,1110,0,1,0,0,45,0,0,0,0,0,12,0,0,0,0,0,37,244,0,1,0,0,6,2,0,0,4,0,0,0,0,0,3,0,0,28,10,0,0,0,0,0,0,0,166,199,0,0,0,0,0,0,0,0,1,0,0,0,0,0,0,0,0,0,69,0,0,0,0,0,0,0,0,0,125,0,0,38,1,4,0,1,0,0,0,0,0,0,0,557,0,0,0,0,1,0,0,0,4,0,1,0,102,0,0,2,0,0,0,2,0,0,0,0,380,0,315,0,0,166,0,0,0,0,0,0,0,0,26,0,1,0,0,0,0,0,11,0,0,0,3,0,0,0,0,0,27,0,0,2,0,0,0,0,0,2,0,0,24,0,12,0,0,0,0,3676,0,0,157,0,0,0,0,5,10,0,0,0,0,0,120,0,2,0,0,0,0
"438",0,0,0,0,0,0,2,0,0,0,9,0,0,300,7,0,0,1,0,0,1,17,0,3,0,3169,0,0,3,0,512,0,0,10,0,0,14,2,0,0,0,0,0,12,0,45,0,1,0,0,6,0,0,0,0,0,0,0,0,13,0,0,0,0,0,0,26,0,0,0,5,0,0,4,0,0,0,0,0,7,0,0,75,0,0,1,137,0,0,22,0,2,17,0,0,0,0,0,0,0,0,0,0,0,0,0,18,1600,0,0,0,0,0,0,3,0,0,0,29,0,0,0,0,1,193,0,0,0,0,0,0,0,80,1,0,0,6,0,0,0,4,0,0,0,0,0,2,1,0,0,0,4,0,0,0,0,0,0,0,2,0,0,0,353,0,0,0,0,0,0,2,0,0,0,0,0,0,81,11,1,0,0,0,0,1,8,0,0,0,3,0,27,1,0,0,0,0,0,0,0,0,2,0,0,0,4,0,0,0,4,0,0,0,0,15,1,78,0,62,0,43,0,0,0,0,0,0,0,0,0,1,1,0,213,0,0,0,0,0,0,0,0,0,0,0,0,0,1,0,0,0,1,2,0,6,4,0,0,15,1,2,0,0,0,0,0,0,0,53,119,70,0,129,0,1,0,0,0,3,2082,0,0,45,0,0,0,0,0,6,11,0,0,1,0,12,0,1,145,0,15,0
"439",0,0,0,0,0,0,0,9,0,0,0,1,0,0,15,0,0,0,0,0,22,0,3,0,0,770,0,0,40,0,0,0,0,0,0,0,0,0,0,0,0,0,0,0,0,0,0,0,5,0,0,0,0,0,99,0,0,0,0,0,0,0,0,0,0,0,0,0,0,0,0,0,0,0,0,0,0,0,0,0,0,0,0,0,0,0,2,0,0,0,0,35,3068,0,0,98,0,0,0,0,0,0,0,0,0,0,2,611,0,47,0,0,0,19,0,7,0,3,0,0,0,0,0,2,0,0,0,0,0,0,5,14,0,6,0,0,5,0,0,0,74,0,0,0,0,0,0,0,0,0,15,24,0,4,1,0,0,1,0,0,0,0,0,0,0,0,0,0,0,0,0,0,3104,0,0,1,0,0,0,0,0,0,0,0,0,0,0,89,0,0,0,0,1,0,0,1,0,0,0,0,0,0,0,0,0,45,0,0,1,12,0,79,0,0,0,0,239,3,448,0,10,18,0,0,0,0,0,0,20,0,0,0,0,1,0,0,0,0,0,0,0,0,0,3,0,1,0,1,0,0,0,0,14,0,0,3,0,0,0,0,0,0,0,0,0,0,0,0,19,68,0,0,207,1,0,0,7,2,0,351,0,2,215,0,0,0,0,2,0,0,0,0,0,0,1,0,0,1,1,28,0
"440",0,0,0,0,0,0,1,0,0,0,0,0,0,1,0,2,12,0,0,0,0,0,0,0,0,1249,0,0,1,0,34,0,4,158,0,24,0,50,0,0,0,0,0,0,0,166,0,0,0,0,0,0,0,0,0,0,0,0,0,0,0,0,0,0,0,0,0,0,0,0,0,0,0,0,0,0,0,0,0,0,0,0,0,0,0,0,145,0,0,47,0,0,0,0,0,0,0,0,0,0,0,78,0,0,0,0,3,997,0,0,0,0,0,41,0,0,0,0,45,0,0,0,0,1,1947,0,4,0,0,0,24,397,17,0,0,0,13,0,0,0,0,0,0,0,0,0,12,0,0,0,0,0,0,0,0,0,0,0,0,38,0,0,0,913,0,0,0,0,0,0,0,0,0,0,0,0,0,0,0,0,0,0,0,0,0,0,0,0,0,12,0,128,4,0,0,0,84,0,0,3,0,0,2,0,446,0,0,0,0,0,0,0,0,0,0,0,58,0,0,0,0,0,0,0,0,0,0,0,28,0,128,0,0,59,0,0,0,0,0,0,0,0,4,0,0,0,12,0,0,0,31,4,0,0,0,198,0,0,0,0,0,0,0,0,0,0,0,5,0,0,14,0,0,11,0,0,0,0,4,2156,0,0,102,0,0,0,0,0,0,0,0,0,0,0,0,0,0,0,0,87,0
"441",0,0,0,0,0,0,1,0,0,0,0,0,0,0,3,0,84,0,0,0,47,75,0,0,0,630,0,0,0,0,0,0,0,185,0,0,1,7,0,0,0,0,0,67,0,439,0,0,0,0,0,0,0,0,0,0,0,3,0,0,0,17,0,0,0,2,229,1,0,331,48,0,0,6,0,0,0,0,0,0,0,14,0,0,0,12,0,0,0,62,0,0,0,0,0,0,0,0,71,0,0,0,0,0,29,0,59,103,0,0,0,0,0,120,0,1,0,0,278,3,0,0,0,1,6,428,0,0,0,0,0,377,0,1,0,0,3,0,0,0,0,0,0,0,0,0,18,4,0,0,18,0,0,0,0,0,0,0,0,221,0,0,0,0,0,0,0,0,0,0,0,0,1,1,0,0,0,162,0,0,0,0,0,0,0,0,0,0,0,0,0,123,1,0,0,0,0,0,0,0,0,0,0,0,0,183,0,0,0,1,0,0,106,0,2,12,0,0,0,26,0,21,0,0,0,0,0,0,91,0,0,0,0,757,0,0,1,0,0,2,0,0,0,0,0,0,0,0,0,0,698,0,0,0,0,19,0,0,0,0,29,0,0,0,0,0,0,0,0,351,0,12,311,0,0,0,0,0,0,2162,0,0,170,0,0,0,0,72,0,16,0,0,0,0,227,0,35,0,0,13,4
"442",0,0,0,0,0,0,23,0,0,0,0,1,0,0,0,0,0,0,0,0,0,6,0,3,0,2056,0,0,0,0,0,0,0,1,0,0,0,192,0,0,0,0,0,45,0,700,0,0,0,1,0,0,0,0,0,9,0,0,0,0,0,15,12,0,0,0,31,0,12,0,9,0,0,0,1153,0,0,0,0,481,0,0,20,0,0,1,30,0,0,23,0,0,2,0,0,0,0,0,30,0,0,0,0,0,1,0,0,1368,0,0,0,0,0,63,0,0,0,0,62,0,0,0,0,1,2,0,0,0,0,0,0,1519,0,0,0,0,0,0,0,0,0,0,0,0,0,0,0,0,1,0,21,0,0,0,0,0,0,0,0,0,1,0,1,53,0,0,0,0,0,0,2,0,0,0,0,0,0,1,0,0,0,0,0,0,29,0,0,0,0,0,0,0,12,0,10,0,0,0,0,0,0,0,0,0,0,12,0,0,0,0,0,0,0,4,0,0,74,0,29,0,0,0,0,0,0,0,0,0,1,0,103,0,0,89,0,0,0,0,0,0,0,0,0,0,0,0,0,0,0,0,0,0,23,1,3,0,0,1,10,0,0,0,0,4,0,0,0,0,0,4,0,0,0,0,0,0,0,0,4,1321,0,0,0,0,0,0,1,0,0,1,0,0,0,0,1,0,3,0,0,16,0
"443",19,2,0,0,0,0,7,1,0,0,0,0,1,361,82,0,0,0,0,2,25,17,0,9,0,0,0,0,26,9,22,0,4,239,0,0,0,0,2,0,0,0,0,0,0,0,111,1,0,1,0,0,1,0,11,0,0,0,0,1,0,1,1,1,0,0,0,1,0,0,6,0,0,0,0,0,2,0,0,6,0,0,25,0,0,39,2,0,0,58,0,3,10,0,0,1,0,0,0,0,0,0,0,0,5,0,29,687,0,0,0,87,0,43,0,3,0,0,42,0,0,0,0,1,159,0,0,0,2,0,0,1,2,2,0,40,4,0,0,0,2,0,0,0,0,0,0,0,1,0,2,1,0,0,1,0,0,2,0,35,0,0,0,1444,5,0,2,3,0,0,2,0,4,0,0,0,0,18,0,1,0,0,0,0,2,0,0,0,0,0,0,27,1,1,0,0,0,0,0,328,0,0,0,2,0,4,0,0,1,1,0,0,0,2,0,0,62,43,2,0,3,0,0,0,4,0,144,0,104,0,63,0,0,912,0,0,0,0,0,29,0,0,0,0,0,0,0,28,0,0,0,0,0,1,9,4,0,0,0,6,3,0,0,1,0,0,0,0,117,31,8,0,1016,0,3,0,0,0,1,2787,0,0,86,0,0,0,0,1,0,0,0,0,0,0,37,0,13,0,0,0,0
"444",0,0,0,0,0,0,2,0,0,8,6,0,0,0,122,0,36,0,0,0,0,40,0,6,0,2200,0,0,198,39,0,0,0,56,0,0,3,50,0,0,2,0,0,0,0,9,0,1,0,0,4,0,0,0,0,6,0,0,0,96,0,0,0,1,0,0,0,0,0,0,0,1,0,0,0,0,0,0,0,1,0,1,4,0,0,4,4,0,0,58,0,141,0,0,0,0,0,0,0,0,0,0,0,0,0,0,6,0,0,0,0,0,0,0,0,0,0,0,9,0,0,0,0,52,246,0,1,0,0,0,16,11,21,0,1,0,176,0,0,1,11,0,0,0,0,0,12,10,0,0,0,0,0,0,0,0,0,2,0,70,5,1,1,0,0,0,2,1,0,0,4,0,3,0,0,6,5,22,2,1,0,0,0,0,1,0,1,0,0,0,0,113,0,4,0,0,0,0,0,0,0,0,0,0,0,27,1,0,0,0,6,0,0,0,10,0,0,11,72,0,0,5,0,0,0,0,0,0,0,9,32,1,0,2652,0,0,0,0,2,3,1,0,0,0,0,33,1,0,0,0,0,5,2,0,0,24,4,0,8,39,4,0,0,12,0,0,0,0,0,169,0,1,1343,0,0,2,0,0,3,1179,0,0,343,0,0,2,0,0,1,11,0,0,0,0,0,0,11,0,0,60,0
"445",0,0,0,0,24,0,0,0,0,0,0,0,0,0,19,0,0,0,0,0,27,0,0,0,0,0,0,0,0,10,161,0,0,1,0,0,1,168,1,0,0,0,0,0,0,242,0,0,0,0,0,0,0,0,0,0,0,0,0,0,0,0,0,0,0,0,177,0,2,0,3,0,0,0,0,0,0,0,0,70,0,0,25,0,0,0,75,564,0,17,0,61,2,0,0,0,0,0,16,0,0,0,0,0,31,0,0,2956,0,121,0,0,0,14,0,8,0,1,20,0,0,39,0,1,0,0,0,0,0,0,75,0,51,0,0,0,0,0,0,0,28,1,0,0,0,20,0,0,0,0,0,1,0,0,1,0,8,0,0,5,0,0,0,1922,0,0,0,0,0,0,0,0,0,0,0,0,0,0,7,0,0,0,0,0,0,0,0,1,0,0,0,44,0,0,0,0,0,0,0,0,0,0,0,0,0,234,0,0,1,0,0,0,0,6,3,0,159,8,10,0,0,0,0,0,0,0,0,0,34,0,0,0,0,923,0,0,0,0,0,0,0,0,0,0,0,1,0,0,0,0,0,0,3,0,6,84,11,0,12,33,0,0,0,12,0,0,0,0,0,7,0,0,0,0,0,0,0,0,0,1,0,0,1,0,0,0,0,0,0,9,0,0,1,0,17,0,5,0,0,0,0
"446",0,0,1,0,0,0,0,0,0,0,0,0,0,0,6,0,0,0,0,0,23,8,0,0,0,2451,0,0,6,0,45,0,0,128,0,0,3,0,0,0,0,0,0,57,0,0,0,0,0,0,1,0,0,0,0,0,0,0,0,0,0,4,0,1,0,0,20,0,0,153,0,0,0,0,0,0,0,0,0,0,0,0,0,0,42,2,0,0,0,101,0,22,0,0,0,0,0,0,0,0,0,0,0,0,0,0,152,1,0,0,0,1,0,97,0,0,0,0,62,0,0,0,0,1,407,0,0,0,0,0,0,90,0,1,0,0,7,0,0,0,869,1,0,0,0,0,16,0,2,1,16,0,0,0,1,0,0,0,2,22,0,0,0,0,0,0,0,0,0,0,0,0,0,0,0,0,0,4,99,0,0,0,0,0,0,0,0,0,0,0,0,22,1,0,0,0,0,0,0,0,0,0,0,0,0,8,0,0,4,1,0,0,0,0,0,0,0,7,0,0,6,0,0,0,0,0,0,0,101,0,349,0,0,863,0,0,0,0,0,58,0,0,0,0,0,0,0,0,0,0,7,0,0,0,5,0,0,0,0,0,0,0,0,0,0,0,0,0,0,1,0,0,695,0,2,0,0,0,1,3334,0,0,65,0,0,0,0,0,0,0,0,0,0,0,86,0,161,0,0,0,0
"447",0,0,0,0,0,1,2,0,0,0,0,1,0,1,13,0,0,0,0,0,0,14,0,48,0,1327,3,0,3,1,133,0,0,49,0,0,36,55,0,0,1,0,0,0,0,242,0,6,0,0,0,0,0,0,7,0,0,0,0,13,1,0,0,4,0,0,9,7,0,0,9,0,1,9,0,0,3,0,0,13,2,0,5,8,0,20,18,0,0,0,0,3,19,0,0,0,8,0,0,0,0,0,0,0,2,1,0,660,0,0,0,0,0,33,1,0,0,0,28,0,0,0,0,1,664,127,0,0,0,101,0,3,0,11,0,1,22,0,0,0,1,0,0,0,0,0,0,2,0,0,10,1,0,1,0,0,0,0,0,48,0,0,0,1,0,0,2,0,0,0,3,0,0,0,0,0,2,0,178,4,0,1,0,0,1,0,0,0,0,12,1,42,3,0,350,0,0,1,0,0,0,0,0,1,0,2,10,0,0,22,0,0,0,0,0,3,37,5,6,0,0,52,0,84,0,0,0,0,44,18,40,2,0,1412,0,0,1,0,1,141,1,0,0,0,0,10,0,0,3,0,0,1,7,0,17,18,5,1,0,0,2,0,0,3,1,0,0,0,34,10,0,1,298,0,0,0,0,1,0,2799,1,0,126,0,0,0,0,1,0,0,0,0,0,0,102,2,12,0,0,255,0
"448",4,0,6,48,0,0,0,0,0,0,0,0,0,0,255,0,59,0,0,1,10,32,0,0,0,724,0,21,14,16,377,0,0,0,0,0,0,0,0,0,0,0,0,0,0,0,0,0,0,0,0,0,2,0,0,0,0,13,0,170,13,0,0,0,0,0,26,27,0,141,0,0,0,0,0,0,0,0,0,0,0,0,63,0,23,1,0,1,0,114,0,58,10,0,0,0,0,0,0,0,0,127,0,0,0,0,0,1610,0,0,0,0,0,242,0,0,0,0,10,1,0,0,0,1,846,0,0,0,0,0,54,39,0,0,0,0,2,0,0,0,13,0,0,0,0,0,0,0,0,0,24,0,1,8,0,58,24,0,0,0,0,0,0,0,0,0,0,0,0,4,7,0,1,0,0,0,0,0,209,15,0,0,0,2,0,0,0,0,0,0,0,123,0,23,0,0,0,0,1,0,0,0,0,1,0,366,0,0,4,8,0,0,0,0,0,0,161,0,0,0,133,0,0,0,0,0,0,6,0,0,0,0,0,738,0,0,0,0,0,6,0,0,0,0,2,0,20,0,0,0,0,0,0,0,0,24,29,0,0,9,0,0,0,3,0,0,0,0,0,267,0,0,131,11,0,0,0,0,0,1599,0,0,263,0,0,0,0,0,0,143,0,0,0,0,9,0,76,0,0,33,0
"449",0,0,6,0,0,0,0,0,0,0,0,0,0,0,64,0,59,0,0,0,0,0,0,0,0,1,0,0,102,0,2,0,0,150,0,0,36,0,0,0,0,0,0,0,0,0,0,0,0,0,0,0,0,0,0,0,0,0,0,10,0,0,0,0,0,0,1,0,0,173,0,0,0,0,0,0,0,0,0,6,0,0,0,0,0,0,4,0,1,0,0,32,211,0,0,73,0,0,0,5,0,36,0,0,0,0,0,1550,0,0,0,0,0,0,0,5,0,0,28,0,0,0,0,1,0,0,0,0,0,0,0,0,0,10,0,0,0,0,0,0,169,2,0,0,0,1018,16,0,0,10,1,0,0,6,0,0,0,0,0,0,0,0,0,0,0,0,0,0,0,0,0,1,0,0,0,0,0,0,1,0,0,0,0,0,0,0,0,0,0,0,0,2,0,0,0,1,1,0,0,0,0,0,117,0,142,43,0,11,1,0,0,0,0,0,0,0,0,0,172,0,30,0,0,0,0,0,0,0,0,0,13,0,0,151,0,0,0,0,0,0,0,0,0,0,5,16,0,29,0,0,0,0,0,0,0,0,0,0,0,0,0,0,0,0,0,0,0,0,0,4681,0,0,526,0,0,0,0,0,0,3,0,0,232,0,0,0,0,0,0,0,0,0,0,0,0,0,18,0,0,16,0
"450",0,0,0,0,0,0,0,0,0,0,0,0,0,0,3,0,0,0,0,0,0,51,0,0,0,1150,0,0,0,0,0,0,0,602,0,0,9,0,0,0,0,0,0,0,0,0,0,0,0,0,0,0,0,0,0,0,0,0,0,325,0,0,0,0,0,0,0,0,0,0,0,0,0,0,0,0,0,0,0,37,0,0,0,0,0,0,0,0,0,0,0,0,132,0,0,0,0,0,0,0,0,1,0,0,0,0,0,699,0,0,0,0,0,0,0,0,0,0,336,0,0,0,0,0,0,0,0,0,0,0,0,0,0,0,0,0,0,0,0,0,123,0,0,0,0,0,32,0,0,0,26,0,0,0,0,0,0,0,127,0,0,0,0,0,0,0,0,0,0,0,0,0,0,0,0,0,0,0,282,0,0,0,0,0,0,0,0,0,0,0,0,0,0,0,0,0,0,0,0,0,0,0,0,0,0,366,0,0,0,0,0,0,0,0,0,0,199,54,172,0,0,0,0,0,0,0,0,0,0,0,0,0,0,103,0,0,0,1,0,0,0,0,0,0,1,0,0,0,0,0,0,0,0,0,0,6,0,0,0,0,0,0,0,0,0,0,0,0,0,3907,0,0,13,0,0,0,0,0,0,1225,0,0,189,0,0,0,0,0,89,0,0,0,0,0,0,0,0,0,0,0,0
"451",4,7,0,0,0,0,0,0,0,0,0,0,0,0,23,0,14,0,0,0,0,0,0,6,0,0,0,0,16,13,108,0,0,0,0,0,0,0,0,2,0,0,0,0,0,0,0,1,0,0,165,0,0,2,13,0,0,0,0,402,0,0,4,0,0,0,478,0,0,61,177,4,4,0,0,483,2,0,0,70,0,23,306,0,0,3,0,0,0,0,0,22,99,0,0,1,5,10,0,0,0,107,0,0,0,0,0,0,0,66,0,0,0,0,0,0,2,0,0,0,0,0,0,29,0,0,0,0,0,0,1,0,0,0,1,0,25,0,0,0,23,0,1,0,0,0,12,0,2,0,0,0,0,65,6,0,0,0,0,0,0,0,0,0,0,0,0,0,0,0,5,0,0,0,71,0,0,166,0,0,0,0,0,0,7,1,0,0,0,0,0,0,0,3,0,1,0,0,0,0,0,0,0,215,1,109,13,0,1,7,0,0,0,0,0,1,238,179,33,0,0,170,0,0,0,0,0,0,61,0,0,8,0,1856,24,0,2,1,0,7,0,0,0,3,0,32,0,0,0,0,0,0,0,0,8,329,32,0,3,0,0,0,0,4,0,0,0,0,14,3,0,0,605,0,0,0,0,0,0,2600,0,0,0,0,0,1,0,0,0,68,0,0,0,0,82,0,81,0,0,87,0
"452",0,0,0,1,51,0,23,0,0,0,12,0,0,0,142,0,0,0,0,0,0,7,0,1,0,0,0,0,12,0,0,0,0,0,0,0,0,174,0,0,2,0,0,0,0,98,182,19,0,0,6,0,0,0,19,1,0,0,0,455,0,0,1,22,0,0,0,0,3,0,0,0,0,0,659,0,0,0,0,250,0,46,45,0,0,0,0,0,0,0,0,47,5,0,0,0,0,0,0,0,0,0,0,0,0,0,0,4605,0,7,0,0,0,0,0,0,1,4,0,0,0,0,4,0,23,0,1,0,30,0,0,87,0,0,0,0,57,0,0,0,25,0,0,0,0,0,0,0,1,0,0,0,0,0,0,0,0,0,0,35,0,0,0,0,0,0,0,0,0,23,3,0,0,2,0,0,10,0,414,0,0,0,0,0,0,45,22,0,0,0,0,102,5,0,0,7,0,0,0,0,0,0,0,0,0,66,0,0,0,2,6,0,0,4,6,0,57,0,268,0,0,82,0,0,0,0,0,0,0,0,0,0,0,758,0,0,14,0,0,0,0,0,0,0,0,44,1,4,0,0,0,7,39,0,11,0,0,0,8,0,13,0,0,0,114,0,0,0,9,152,181,40,0,0,0,0,1,0,6,0,0,1,199,0,0,0,0,28,0,0,0,0,0,0,0,0,0,0,0,85,0
"453",0,0,0,0,0,0,87,0,0,0,2,0,1,0,48,28,0,0,0,1,0,0,0,104,22,2308,0,0,73,3,93,0,0,75,0,0,0,51,0,1,15,0,0,0,0,0,0,1,0,0,1,0,1,0,28,0,0,0,0,10,0,0,1,6,0,0,16,0,0,0,17,0,0,0,0,0,0,0,0,50,0,0,19,0,0,5,0,138,0,42,0,5,5,0,0,5,10,0,0,0,0,1,0,0,14,0,0,970,4,0,0,0,0,58,1,1,1,0,81,0,0,0,102,1,87,0,0,0,2,0,2,288,0,1,0,0,41,0,0,0,9,2,0,0,0,0,4,0,1,0,0,1,0,0,2,0,0,1,0,55,0,0,0,0,78,0,2,0,0,0,3,0,0,0,0,0,0,54,0,0,0,0,4,0,0,0,0,0,125,0,27,0,0,1,0,3,2,0,0,0,0,0,0,1,0,9,2,0,0,19,0,0,0,14,0,0,102,0,270,0,0,0,0,0,2,0,0,5,0,0,0,1,0,335,19,0,0,0,1,0,0,0,0,0,0,0,0,0,0,0,0,1,0,0,4,1,1,0,3,0,0,0,0,1,0,0,9,0,0,5,2,47,242,3,0,1,0,0,62,2161,0,0,30,0,1065,0,0,0,0,0,0,0,0,0,159,9,4,0,0,113,0
"454",0,0,1,0,0,0,0,0,0,0,0,0,1,0,6,0,2,0,0,26,0,16,0,8,0,2056,0,0,19,3,0,0,0,0,0,0,5,12,0,1,0,0,0,0,0,0,0,1,0,0,0,0,0,0,0,0,0,1,0,0,0,0,1,23,0,0,60,0,0,0,0,0,0,0,0,0,0,0,0,13,0,0,369,0,0,1,0,1,0,136,477,5,19,0,0,15,1,0,0,0,0,6,11,0,0,0,0,687,0,14,0,0,0,1491,0,1,0,0,195,0,0,0,0,0,137,0,0,0,0,0,6,214,0,17,1,0,170,0,0,0,11,0,0,0,0,0,3,0,0,1,19,0,0,0,2,0,24,0,0,0,0,0,0,0,0,0,0,0,0,1,0,0,0,0,0,0,0,0,0,1,0,0,0,0,1,0,0,0,0,0,0,0,1,0,0,0,0,5,0,132,0,0,0,159,0,5,0,0,0,3,0,0,0,0,0,0,0,0,158,0,0,0,0,0,0,0,0,0,0,0,0,1,0,46,0,0,0,0,0,2,0,0,0,0,3,0,0,0,0,0,0,0,0,0,7,1,7,0,2,0,0,0,0,1,0,0,0,0,0,1,0,0,396,0,0,0,0,0,1,2451,0,0,266,0,0,0,0,5,0,8,0,0,0,0,0,0,32,0,0,18,0
"455",0,0,0,0,0,0,22,0,0,0,0,0,0,0,6,0,0,0,0,0,0,0,0,0,0,164,0,0,0,0,3,317,0,40,0,0,0,0,0,0,0,0,0,0,0,0,0,0,0,0,0,0,0,8,0,0,0,2,0,143,0,0,0,0,0,0,0,0,0,92,0,1,0,0,0,0,0,0,0,0,0,0,0,0,0,0,0,0,0,0,0,0,0,0,0,0,0,0,0,0,0,2,24,0,0,0,0,73,0,0,0,8,0,0,0,0,0,0,103,0,0,0,0,0,0,0,0,0,0,0,0,0,0,0,0,0,6,0,0,0,34,0,0,0,0,0,7,0,0,0,0,0,0,0,0,0,0,0,0,0,0,0,0,0,0,1,0,0,0,0,0,0,0,0,0,0,0,0,0,0,0,0,0,0,0,0,0,0,0,0,0,0,0,0,0,0,0,0,0,0,0,0,0,10,0,0,0,0,0,1,5,0,11,0,0,0,152,0,0,0,0,36,0,0,0,0,0,0,34,0,0,0,0,483,0,0,0,2,0,2,0,0,0,0,0,0,0,0,0,0,0,0,0,0,0,0,0,0,0,0,0,0,0,0,0,0,0,0,67,152,0,0,1622,552,0,0,0,0,0,5348,0,0,0,0,0,0,0,0,0,0,143,0,0,0,0,0,0,0,0,0,0
"456",0,17,0,0,0,0,0,0,0,0,0,0,0,0,719,0,0,0,0,0,0,39,0,0,0,3975,0,0,0,0,1,0,0,301,0,0,0,0,0,0,0,0,0,21,0,0,0,0,29,0,0,0,0,0,0,0,0,0,0,1,0,0,0,0,0,0,0,0,0,0,12,0,0,5,0,0,0,0,0,0,0,0,0,0,0,0,313,0,0,32,0,6,303,0,0,0,0,0,0,5,0,0,0,0,0,0,0,1323,0,0,0,0,0,155,0,0,0,0,36,7,0,0,0,0,270,0,0,0,0,0,0,0,0,0,0,0,0,0,0,0,166,0,0,0,0,0,6,0,0,0,8,0,0,2,0,0,31,0,0,0,0,0,0,0,0,0,0,0,0,0,0,0,3,0,0,0,0,3,0,0,0,0,0,0,0,0,0,0,0,0,0,27,0,1,0,0,0,0,0,0,0,0,0,0,0,0,0,0,4,0,0,0,0,0,0,0,0,0,309,0,33,0,0,0,0,0,0,0,52,0,89,0,0,0,0,0,0,0,0,0,0,0,0,0,0,0,0,0,0,0,0,0,0,0,0,0,0,0,0,43,0,0,0,0,0,0,0,0,0,283,0,0,1042,0,0,0,0,0,0,0,0,0,182,0,0,0,0,0,0,0,0,0,0,0,87,0,46,0,0,11,0
"457",0,0,0,0,0,0,97,0,0,0,0,0,0,0,0,0,16,0,0,0,0,29,0,0,0,4,0,0,86,0,0,0,0,0,0,0,0,0,0,0,0,0,0,0,0,5,0,0,0,0,0,0,0,0,0,0,0,0,0,0,0,0,0,0,0,0,26,0,0,0,0,0,0,0,0,0,0,0,0,0,0,0,0,0,0,0,204,0,0,0,0,0,0,0,0,0,3,0,0,0,0,6,0,0,0,0,0,6392,0,0,0,0,0,0,0,0,0,0,151,2,0,0,0,0,70,0,3,0,0,0,0,0,0,0,0,0,71,0,0,0,0,0,0,0,0,0,0,0,0,0,8,0,0,0,3,0,0,0,0,5,0,0,0,0,0,0,0,0,0,0,0,0,0,0,0,0,0,0,282,0,0,0,0,0,0,0,0,0,0,0,0,66,0,0,0,0,0,0,0,0,0,0,0,0,0,0,0,0,0,0,0,0,0,0,0,0,0,0,0,0,0,0,0,0,0,0,0,0,0,0,144,0,0,0,0,0,0,0,0,0,0,0,0,0,0,0,0,0,0,0,0,0,0,0,0,0,0,0,0,0,0,0,0,0,0,0,0,0,0,1770,0,0,0,0,0,0,0,0,0,463,0,0,0,0,0,0,0,0,0,95,0,0,0,0,0,0,0,0,0,0,0
"458",0,0,0,23,0,0,5,0,0,3,0,0,0,0,6,0,0,0,0,0,229,13,3,9,0,880,0,0,10,0,0,0,0,0,0,0,161,0,0,0,0,0,0,0,0,1310,0,0,0,0,0,0,3,0,0,0,0,0,0,0,8,0,36,0,0,0,167,0,0,0,0,0,0,0,0,0,0,0,4,386,0,0,0,0,0,0,0,0,0,96,0,0,17,0,0,6,0,0,0,0,0,21,0,0,0,0,0,245,0,45,0,0,0,173,0,36,0,17,342,0,0,0,0,2,149,99,0,0,0,0,0,0,0,2,0,0,1,0,0,0,0,0,5,0,0,0,0,0,0,0,92,0,0,0,0,58,0,0,0,0,0,0,0,0,0,0,0,0,0,0,12,0,2,3,0,15,0,944,0,0,0,0,0,0,84,0,0,0,0,0,0,562,0,0,0,0,0,0,0,0,0,0,0,4,0,398,0,0,9,9,0,0,0,0,0,50,0,0,710,0,0,81,0,0,0,0,0,0,355,0,0,0,0,346,0,0,0,0,0,0,0,0,0,0,1,4,0,3,0,0,1028,0,0,0,63,0,0,0,0,0,17,0,0,2,0,0,0,0,0,0,0,0,239,0,4,0,0,0,0,15,0,0,0,9,0,0,0,0,0,0,0,0,0,0,0,0,2,0,0,365,0
"459",0,0,1,0,0,0,0,0,0,0,0,0,0,0,15,0,0,0,0,0,0,18,0,0,0,2719,0,0,80,2,89,0,0,67,0,0,14,0,0,0,0,0,0,0,0,0,0,2,0,0,0,0,0,1,0,0,0,0,0,0,0,0,0,1,0,0,180,0,0,1,0,0,0,7,0,0,1,0,0,88,0,0,0,0,19,0,0,0,0,0,0,29,0,0,0,0,0,0,0,0,0,0,0,0,0,0,0,675,0,459,0,0,0,0,0,2,0,0,160,0,0,0,0,0,0,0,0,0,0,0,0,2,0,0,0,0,1260,0,0,0,1,0,4,0,0,0,9,0,0,0,4,0,0,0,1,0,0,0,167,0,0,0,0,0,0,0,0,0,2,0,0,0,0,0,0,0,0,0,0,0,0,0,0,0,0,28,0,0,0,0,0,17,0,23,0,0,0,0,0,0,0,0,0,0,0,3,0,0,2,0,0,0,0,0,0,0,105,0,129,0,57,15,0,0,0,0,0,0,67,0,0,0,0,118,0,0,0,50,0,8,0,0,0,0,0,48,0,9,0,0,0,0,0,0,0,1,1,0,6,0,13,0,0,0,0,0,0,0,2,32,0,0,0,0,0,0,0,0,70,2482,0,0,221,0,0,1,0,0,41,0,0,0,0,0,1,0,9,0,0,103,0
"460",0,0,0,0,0,0,0,0,0,0,0,0,0,0,0,0,0,0,0,0,0,0,0,0,0,5661,0,0,58,0,0,0,0,0,0,0,15,0,0,0,0,0,0,0,0,0,0,0,0,0,0,0,0,0,0,0,0,0,0,0,0,0,0,0,0,0,0,0,0,0,0,0,0,0,0,0,0,0,0,0,0,0,0,0,0,0,0,0,0,0,0,0,0,0,0,0,0,0,53,0,0,7,0,0,0,0,0,380,0,0,0,0,0,25,0,0,0,0,0,1,0,0,0,2,0,0,0,0,0,0,0,0,0,0,0,0,0,0,0,0,0,0,0,0,0,0,0,0,0,0,0,0,0,0,1,0,0,0,0,16,0,0,0,0,0,0,0,0,0,0,0,0,0,0,0,0,0,0,43,0,0,0,0,0,0,0,0,0,0,0,0,19,0,0,0,0,0,0,0,0,0,0,0,0,92,0,0,0,0,0,0,0,0,0,0,0,91,0,0,0,0,0,0,0,0,0,0,0,0,0,0,0,0,84,0,0,0,0,0,0,0,0,0,0,4,0,0,0,0,0,0,0,0,0,0,0,0,0,0,0,0,0,0,0,0,0,0,0,0,61,0,0,53,0,0,0,0,0,0,3334,0,0,0,0,0,0,0,0,0,0,0,0,0,0,0,0,1,0,0,0,0
"461",1,0,0,0,0,0,0,0,0,0,0,0,0,0,7,0,0,0,0,0,0,0,0,0,0,177,0,0,0,21,108,0,0,225,0,0,4,35,0,0,0,0,0,12,0,207,0,0,0,0,0,0,0,5,0,0,1,0,0,83,1,0,0,0,0,0,30,0,0,67,11,0,25,0,0,0,1,0,0,54,2,0,456,0,19,1,1,0,0,44,0,13,0,0,0,0,0,0,79,0,0,0,0,0,14,0,0,1736,0,37,0,0,2,199,0,1,0,0,179,0,0,0,0,0,12,2,0,0,0,0,5,334,0,1,0,0,8,2,0,0,54,0,0,0,0,17,14,8,0,0,3,0,0,29,1,0,0,0,0,103,0,0,0,0,0,0,0,0,0,0,5,0,0,2,3,0,0,34,293,1,0,0,15,0,4,0,0,0,0,0,1,54,1,0,0,0,0,0,0,0,0,0,1,1,0,12,1,0,0,0,0,0,0,0,0,4,177,2,0,0,338,81,0,0,0,0,0,0,70,0,80,0,1,142,0,0,4,42,0,0,0,0,0,0,1,0,0,0,0,0,0,1,17,1,41,0,2,0,6,0,18,0,0,1,0,1,0,0,335,12,0,0,631,0,0,0,0,0,3,2150,0,0,63,0,0,0,0,1,0,0,0,0,0,0,255,0,5,0,0,0,0
"462",5,0,0,0,0,0,4,0,0,0,0,0,0,0,19,0,0,0,0,0,0,0,0,20,0,1354,0,0,13,16,898,0,0,0,0,0,131,76,0,0,0,0,0,0,0,124,0,0,0,0,2,0,0,0,162,0,0,0,0,48,0,0,0,0,0,0,0,0,0,0,273,0,0,0,0,178,0,0,0,0,0,0,110,0,0,0,0,0,0,0,0,89,12,0,0,0,105,0,0,0,0,0,0,0,0,0,0,24,0,0,0,0,0,0,0,0,0,0,45,0,0,0,0,0,87,0,0,0,0,0,0,0,0,0,0,0,0,0,0,0,1,0,0,0,0,0,0,0,0,0,0,0,0,51,0,0,0,0,0,581,0,15,0,0,0,0,0,0,0,0,13,0,0,0,0,0,16,0,0,0,0,0,0,0,3,0,0,0,0,0,0,0,0,0,0,0,0,0,0,0,0,0,0,0,0,0,0,0,0,13,0,0,0,0,0,0,68,0,118,0,46,0,0,0,0,0,0,0,0,0,0,0,0,0,0,0,11,0,0,0,0,0,0,0,0,0,0,0,0,0,0,0,46,0,33,0,1,0,0,0,0,0,0,0,14,0,0,0,0,40,0,0,498,0,0,0,0,0,75,2700,0,0,1136,0,0,0,0,0,79,0,0,0,0,0,209,0,1,0,0,439,0
"463",1,16,0,0,0,0,0,0,0,0,0,0,0,25,15,0,1,0,0,0,4,12,0,0,0,2392,0,0,3,21,276,0,0,225,0,0,317,56,0,0,0,0,0,13,0,170,0,2,0,0,0,0,0,0,0,0,0,1,0,4,0,0,0,0,0,0,14,0,0,25,0,0,0,0,0,0,0,0,0,40,0,0,21,0,27,0,0,0,0,65,0,1,0,0,0,11,0,0,33,0,0,6,0,0,0,0,0,257,0,12,6,0,0,108,0,0,0,0,10,0,0,2,0,0,846,0,0,0,0,0,1,49,0,0,0,0,61,0,0,0,4,0,0,0,0,0,14,0,0,1,13,13,0,1,0,0,0,0,0,112,0,0,0,40,0,0,0,0,0,0,1,0,0,0,3,0,0,59,471,0,0,0,0,0,4,0,0,0,0,0,4,15,1,0,0,0,0,0,4,0,0,0,0,1,0,8,0,0,1,0,0,0,0,0,14,0,70,0,1,0,24,1,0,0,0,0,0,0,59,0,140,0,0,1547,0,0,1,0,0,0,0,0,0,0,1,4,0,0,0,0,0,0,0,0,10,31,0,0,0,2,2,0,0,1,0,0,0,0,0,21,0,0,34,0,0,0,0,0,0,1367,0,0,182,9,0,0,0,1,2,0,0,0,0,0,86,0,208,0,0,52,0
"464",0,0,0,0,0,0,0,0,0,0,0,1,0,0,0,0,0,0,0,0,0,23,0,3,0,3057,0,0,0,43,12,0,0,149,0,0,82,10,0,0,0,0,0,75,0,25,0,0,0,0,0,0,0,0,2,0,0,0,0,5,0,0,0,0,0,0,41,0,0,0,0,0,0,2,0,0,0,0,0,2,0,0,76,0,0,0,22,0,0,24,0,0,0,0,0,0,0,0,17,0,0,0,0,0,0,1,0,195,0,0,0,0,1,26,0,0,0,0,39,0,0,0,0,21,0,0,0,0,0,0,6,4,1,0,0,0,0,0,0,0,4,0,0,0,0,0,1,0,0,0,3,0,0,0,0,0,0,0,0,72,0,0,0,138,0,0,0,0,0,0,0,0,0,0,0,0,0,5,58,0,0,0,0,0,7,0,0,0,0,0,2,65,0,0,0,0,0,0,0,0,0,0,1,707,0,0,0,0,0,0,0,65,0,0,0,0,52,3,0,0,0,0,0,0,0,0,1,0,53,0,56,0,0,1162,0,0,0,0,0,33,1,0,0,0,34,0,0,0,0,0,0,0,0,0,29,0,0,0,0,16,0,0,0,2,0,0,0,0,39,87,0,4,600,0,0,1,0,0,0,2489,0,0,66,0,0,0,0,0,0,55,0,0,0,0,59,3,61,0,0,0,0
"465",0,0,0,0,5,0,1,0,0,0,0,2,0,0,0,0,0,0,0,0,114,0,0,0,3,115,0,0,39,0,0,0,0,11,0,0,6,183,0,0,0,0,0,0,0,4,111,0,0,1,2,0,0,0,0,0,0,0,0,14,0,0,1,0,59,0,182,0,0,0,11,0,0,25,0,0,0,0,0,0,0,0,102,0,2,0,0,0,0,58,557,0,2,0,7,0,0,0,10,0,10,0,0,0,0,0,0,5935,1,51,0,27,0,50,0,9,0,0,531,0,0,0,0,1,0,0,0,19,5,0,0,200,0,1,0,0,0,0,0,0,0,0,0,0,0,0,0,0,0,0,0,0,0,0,0,31,0,0,127,2,0,0,0,0,0,0,0,0,0,0,0,63,1,0,0,0,0,3,0,0,0,0,0,0,21,0,0,0,0,0,0,55,5,0,0,0,0,0,0,2,0,0,0,0,0,0,0,0,0,52,0,0,12,11,0,0,34,28,0,0,0,0,0,0,0,0,0,0,0,0,2,0,0,0,0,0,0,0,0,0,0,0,0,0,0,0,0,0,0,0,0,0,0,0,0,0,0,0,0,0,2,0,0,36,0,0,0,0,0,27,37,1,91,0,1,0,0,0,0,858,0,26,0,0,0,0,0,5,0,0,0,0,0,0,1,0,0,0,0,0,4
"466",0,0,0,0,0,0,1,0,0,0,0,0,0,0,19,0,0,1,0,0,2,34,1,4,0,2129,0,0,8,66,28,0,0,40,0,0,12,4,0,0,0,3,0,0,0,0,0,0,0,0,0,0,0,0,0,0,0,0,0,94,0,0,0,0,0,0,51,7,0,0,18,0,0,0,0,0,0,0,0,24,2,0,0,0,0,0,1,0,0,0,0,4,0,0,50,5,0,0,0,0,0,1,0,0,0,4,0,0,0,26,0,0,0,406,0,1,0,0,48,18,2,5,0,1,104,0,0,0,0,0,0,70,0,0,0,1,106,0,0,0,12,0,0,0,0,4,1,0,0,28,0,0,0,0,1,0,0,0,0,55,0,0,0,445,0,0,0,0,0,0,7,34,0,0,0,0,0,0,141,0,0,0,0,0,0,11,0,0,0,0,0,156,1,2,0,1,1,0,0,0,0,0,0,608,388,14,0,0,0,1,6,0,0,0,2,0,276,0,0,0,0,0,0,0,0,0,0,0,0,0,33,0,0,361,0,0,0,1,0,0,1,0,0,0,0,1,0,1,0,0,0,0,0,1,2,51,0,0,12,0,0,0,0,7,0,0,0,0,0,22,0,0,994,1,1,1,0,0,3,1838,0,0,68,0,711,0,0,1,0,18,0,0,0,0,78,0,19,0,0,0,0
"467",0,0,0,0,0,0,23,0,1,0,0,0,2,0,4,0,0,0,0,0,0,0,0,0,0,4,0,0,4,38,21,33,0,12,0,0,0,452,1,1,0,0,0,0,0,290,0,0,0,0,0,0,0,0,0,0,0,8,0,0,0,0,2,0,0,0,21,0,0,251,138,0,0,0,0,0,0,0,0,64,0,0,29,0,0,5,0,0,0,353,0,22,8,0,0,0,0,0,119,0,0,8,0,0,0,0,0,356,0,0,4,60,0,0,0,0,128,0,29,0,0,0,0,24,49,0,0,0,0,0,94,0,0,0,0,1,8,0,0,0,17,0,0,0,0,0,0,0,0,55,18,0,0,0,0,0,0,0,0,89,0,0,0,0,0,0,0,6,0,0,0,0,1,0,0,0,0,69,125,0,0,0,0,0,16,0,0,0,68,0,0,139,0,0,0,1,0,0,0,0,0,0,0,0,1,7,0,0,4,11,0,0,0,3,3,0,128,0,2,15,0,0,0,0,0,0,0,0,119,0,151,0,0,194,0,0,1,0,0,0,0,0,0,0,2,0,21,0,0,0,0,0,24,0,0,5,2,0,0,0,0,0,0,5,0,0,0,0,0,5,0,0,380,0,11,0,0,0,1,5348,0,0,66,0,0,0,0,0,0,50,0,0,0,0,83,0,58,0,0,29,0
"468",0,0,0,0,0,0,13,0,0,0,0,0,11,0,30,0,0,0,0,0,0,0,0,1,0,2003,0,0,17,0,0,0,0,54,0,0,93,0,0,0,0,0,0,0,0,0,0,0,0,1,0,0,0,0,0,0,0,0,0,2,0,0,1,0,0,0,0,0,0,0,0,0,0,0,0,1,0,6,0,0,0,0,0,0,0,0,0,0,1,0,0,63,3,0,0,0,0,0,0,0,0,0,0,0,0,0,0,1197,0,0,0,0,0,0,0,1,0,50,0,0,7,0,0,17,0,0,0,0,0,0,0,0,0,2,0,0,13,0,110,0,8,0,0,0,0,0,0,0,0,0,0,0,3,0,0,0,0,0,0,0,0,0,0,0,0,0,0,0,0,0,4,2,21,0,0,0,0,0,0,0,0,0,0,0,0,0,0,0,0,0,0,0,0,6,0,38,0,0,1,0,0,0,0,0,3341,65,0,49,0,6,0,0,0,0,0,0,211,0,154,0,0,0,0,0,1,0,0,1,0,0,0,0,0,0,0,0,25,0,0,0,0,0,0,0,0,0,28,0,0,0,0,0,0,0,0,31,29,0,0,0,0,0,0,2,0,0,0,0,0,7,0,0,513,780,3,0,0,0,37,0,0,0,0,0,0,0,0,0,0,0,0,0,0,0,0,0,1,0,65,873,0
"469",0,1,0,0,11,1,25,108,0,0,0,0,2,549,5,0,0,0,0,16,210,46,0,0,0,1277,0,0,16,0,0,0,0,33,0,0,0,178,0,0,0,0,0,106,0,998,0,0,0,0,0,0,0,0,0,0,0,0,0,169,0,11,0,0,0,0,20,0,7,0,0,0,0,0,0,0,0,0,0,17,0,0,0,0,31,0,0,0,0,4,0,9,2,0,0,2,0,0,118,0,0,0,0,0,2,0,523,570,0,55,0,0,0,42,0,0,143,0,230,1,0,0,0,4,64,0,0,0,0,0,174,182,0,0,0,0,8,0,120,0,7,0,0,0,0,0,0,0,0,1,20,270,0,0,0,0,0,0,0,80,0,0,0,0,0,1,0,0,0,0,1,0,1,0,0,0,0,341,55,0,0,0,0,0,0,0,0,0,0,0,0,51,2,0,458,1,1,4,0,0,0,0,0,0,0,9,0,0,0,26,0,0,0,0,0,0,120,0,0,7,81,0,0,0,0,0,0,0,0,0,150,0,0,6,0,0,0,0,0,0,0,0,0,0,0,0,143,16,0,0,54,0,42,0,0,8,0,0,0,0,9,0,6,0,0,0,0,470,150,40,391,0,0,0,0,0,9,0,3,364,0,0,314,0,0,0,0,6,67,48,0,0,0,0,51,0,1,0,9,14,0
"470",0,1,0,0,0,0,30,1,0,0,0,0,0,1,23,0,0,0,0,0,1,5,0,3,0,1341,0,0,5,0,96,0,0,157,0,0,249,12,1,0,0,0,0,13,0,1,0,0,0,0,1,0,0,0,0,0,0,0,0,550,2,1,0,0,0,0,12,0,0,0,7,0,0,5,0,0,0,0,0,0,0,0,68,0,0,1,307,0,0,21,0,2,529,0,0,24,0,0,38,0,0,0,0,0,2,0,14,2521,0,0,0,0,0,9,0,0,0,0,74,0,0,0,0,1,65,0,0,0,0,0,0,1,0,0,0,1,1,0,0,0,34,0,0,0,0,0,0,0,0,6,3,22,0,0,1,0,0,0,0,46,0,0,0,0,0,0,0,0,0,0,0,0,1,0,0,0,0,2,4,0,0,0,0,0,0,0,1,0,0,0,0,46,1,0,0,1,0,0,0,0,0,0,0,0,0,294,0,0,0,13,0,0,0,0,5,0,28,0,615,0,0,0,0,0,0,0,0,0,19,0,46,0,0,483,0,1,0,0,0,0,0,0,0,0,0,0,0,0,0,0,0,0,5,0,0,7,0,0,0,0,0,0,0,4,0,0,0,0,0,777,0,2,384,0,0,0,3,0,5,327,1,0,235,0,0,0,0,0,0,0,0,0,0,0,28,4,308,0,0,45,0
"471",0,0,0,0,0,0,0,16,0,0,0,0,0,98,9,0,0,0,0,0,8,46,0,0,0,3196,0,6,4,0,0,0,0,56,0,0,10,0,0,0,0,0,0,0,0,0,0,0,0,0,0,0,0,0,0,0,0,1,0,82,0,0,0,0,1,0,185,0,0,0,0,0,0,0,0,0,0,0,0,0,0,0,0,0,3,20,2,0,1,6,0,0,3,0,0,17,0,0,53,0,0,0,0,0,5,0,0,1468,0,0,0,0,0,152,0,2,0,1,29,0,0,0,0,1,33,37,0,0,0,0,2,14,0,0,0,0,13,0,0,0,26,0,0,0,0,0,6,0,0,7,21,5,0,0,1,31,0,0,0,0,0,0,0,2,0,0,0,0,0,0,0,0,1,0,0,0,0,0,119,0,5,0,0,2,0,0,0,0,0,0,0,86,1,8,0,0,0,0,1,0,0,0,0,0,0,210,0,0,6,3,0,0,0,0,0,0,0,0,0,0,0,27,0,0,0,6,0,1,40,0,0,0,0,166,0,0,0,0,0,209,0,0,0,0,0,13,0,0,0,0,0,0,0,0,5,111,22,0,0,0,18,0,0,1,0,0,0,0,0,12,0,0,345,0,2,7,3,0,0,2015,0,0,241,0,0,23,0,0,0,0,0,0,0,0,3,0,63,2,25,73,0
"472",0,0,0,11,0,0,3,0,0,0,0,0,1,542,3,0,0,0,0,0,0,83,0,7,0,0,0,0,3,6,0,0,0,20,0,0,1,0,0,0,0,0,0,0,0,45,0,0,0,1,0,0,0,0,0,0,0,8,0,4,0,0,0,0,0,0,14,0,0,38,0,0,0,0,0,0,0,0,0,82,0,0,0,0,0,26,0,0,0,52,0,0,4,0,0,0,0,0,0,0,0,261,0,0,0,0,0,196,0,0,0,0,0,0,0,0,0,0,0,3,0,0,3,1,89,0,0,0,0,0,0,140,0,0,0,0,1,0,0,0,123,0,1,0,0,0,9,0,0,1,0,0,0,0,0,13,0,0,0,0,0,0,0,0,0,1,0,0,0,0,0,23,1,0,0,0,0,0,1,0,0,0,0,0,0,0,0,0,0,3,0,15,1,0,0,1,0,0,0,0,0,0,0,0,0,0,0,0,3,1,0,0,0,0,0,0,128,0,0,0,0,0,0,0,0,0,0,0,0,0,0,0,0,2105,19,0,0,0,2,0,0,0,0,0,4,0,0,4,0,0,0,0,0,0,0,5,0,0,0,0,0,0,0,0,0,0,0,0,0,195,11,0,1725,0,0,0,0,0,0,4378,0,0,0,4,0,0,0,0,0,0,0,0,0,0,127,0,96,0,0,0,0
"473",0,0,1,6,0,2,20,0,0,0,0,0,0,0,0,42,4,1,1,0,0,151,0,12,0,2360,6,0,14,0,0,0,0,0,0,0,109,28,0,0,3,0,0,0,0,36,0,2,0,0,0,0,0,0,17,0,0,0,0,100,0,0,0,1,0,0,217,0,0,0,76,1,2,188,0,0,0,0,0,7,17,0,0,0,14,0,0,0,0,0,0,7,6,0,0,0,0,0,0,0,0,5,0,0,0,4,0,564,0,0,0,0,0,101,0,0,0,0,158,0,2,0,0,0,0,0,0,0,18,0,0,313,0,1,0,0,317,0,0,0,23,0,0,0,0,0,2,0,0,0,26,0,0,3,3,0,0,0,0,191,0,0,0,0,0,0,0,0,4,0,31,0,12,1,0,0,4,62,1,0,0,1,0,0,19,0,0,0,0,0,0,13,0,0,0,0,0,0,0,245,0,0,0,485,0,3,0,1,0,0,343,0,0,0,19,0,0,91,0,0,16,149,151,0,0,0,0,0,0,0,349,0,0,424,0,0,8,0,0,0,0,0,0,0,8,29,0,0,0,0,0,34,0,0,0,0,4,0,2,240,0,0,0,2,4,0,0,0,0,14,0,0,890,0,6,0,0,0,0,99,0,0,923,0,0,1,0,0,0,63,0,0,0,1,0,0,4,0,0,109,0
"474",0,0,0,0,3,0,1,37,6,0,5,0,0,1,8,0,0,0,1,0,26,17,0,2,0,4,0,0,4,0,33,0,0,72,0,0,2,90,0,0,6,0,363,15,0,172,0,0,0,0,0,0,0,0,245,4,0,0,5,0,0,1,3,0,2,0,296,0,0,0,9,0,0,0,0,0,0,0,0,0,0,17,544,0,1,32,0,0,0,26,0,9,0,0,0,6,0,0,55,0,0,0,0,0,0,2,32,489,0,0,0,8,0,273,0,0,0,3,40,0,0,3,0,63,77,144,0,0,5,0,19,2,0,0,0,0,0,0,0,0,110,0,0,0,0,0,44,0,0,2,2,2,3,0,159,0,0,0,0,3,0,0,0,1069,0,0,0,2,3,0,0,0,0,0,0,0,17,14,200,5,15,0,0,0,0,0,24,0,93,0,0,138,1,0,0,2,0,0,0,0,0,0,0,1007,0,40,0,0,0,1,0,66,6,0,1,0,128,31,0,0,3,0,0,0,0,0,122,0,0,0,44,0,0,28,0,6,0,0,0,1414,0,0,0,45,0,0,0,0,0,0,0,8,5,0,0,0,0,0,17,1,28,0,0,32,0,2,0,0,5,263,7,18,144,953,2,0,0,3,5,8,0,0,93,0,0,0,0,0,90,59,0,0,0,0,44,70,0,0,0,15,0
"475",0,1,0,25,0,0,24,0,1,0,2,2,0,0,89,0,24,0,0,0,1,9,0,4,0,1063,0,0,14,94,3,9,0,34,0,0,110,86,2,0,0,0,0,27,0,156,0,0,0,0,3,0,0,0,0,0,0,0,0,3,0,0,1,0,2,0,192,0,49,96,12,0,0,0,0,0,0,0,0,16,0,2,201,0,58,3,1,0,0,206,0,30,6,0,0,0,0,0,1,0,0,83,0,0,1,0,0,3955,0,0,0,0,0,40,0,0,0,0,0,3,0,0,0,7,28,0,0,0,0,0,7,15,0,0,0,0,20,0,0,0,0,0,0,0,0,0,3,0,0,0,1,10,0,0,0,0,0,0,0,4,0,0,0,0,0,1,0,0,0,0,2,0,0,0,0,0,0,32,140,1,0,0,0,0,41,0,0,0,0,0,0,94,0,0,0,0,0,0,0,0,0,0,0,0,0,78,0,0,1,24,1,0,0,0,1,0,54,0,302,0,96,17,0,0,0,0,0,0,0,0,79,0,0,467,0,0,1,0,0,23,0,0,0,0,3,0,0,0,0,0,0,1,17,0,4,8,1,0,2,0,0,0,0,2,10,0,0,0,0,66,0,20,485,0,3,0,0,0,2,922,0,0,103,0,0,0,0,0,2,15,44,0,0,0,0,0,138,0,0,5,0
"476",0,0,0,0,0,0,2,33,0,0,0,0,1,0,19,0,0,0,0,0,11,0,0,1,0,306,0,0,9,23,718,0,0,192,0,0,14,0,0,0,0,0,0,0,0,0,0,0,0,1,0,0,0,0,33,0,0,2,0,364,0,73,0,0,22,0,29,18,0,102,10,0,0,7,0,563,0,0,0,66,0,0,0,0,1,3,9,0,0,22,9,6,0,0,0,0,0,0,25,0,0,0,0,0,0,3,0,1539,63,0,0,0,0,11,0,2,0,1,295,0,6,12,0,0,53,10,0,0,0,0,58,15,0,1,0,0,3,0,0,0,0,0,0,0,0,0,98,0,0,1,27,43,0,3,1,0,0,0,0,125,0,0,0,501,0,0,0,0,0,3,27,0,0,0,0,0,0,15,450,0,1,0,0,0,34,0,0,0,0,0,0,0,1,0,0,0,0,0,0,0,0,0,0,190,0,33,12,0,0,4,0,0,23,11,0,0,26,24,147,2,0,66,1,0,2,0,0,0,4,18,1,1,0,48,0,0,5,0,0,14,0,0,0,1,0,0,0,0,0,0,1,3,0,0,7,8,6,0,6,11,0,0,0,4,0,0,0,0,309,365,0,0,479,0,12,0,2,0,0,981,0,0,923,0,0,0,0,0,126,0,0,0,0,0,7,0,3,0,0,0,19
"477",0,0,0,0,0,0,11,0,3,0,0,0,0,542,105,0,0,0,0,60,39,0,1,0,1,398,0,0,0,0,0,0,0,23,0,0,0,9,0,0,0,0,0,21,0,2,0,0,0,0,0,0,0,0,0,0,0,0,0,0,0,13,0,0,0,1,26,0,0,0,3,0,0,0,0,0,0,0,0,24,0,0,3,0,30,0,0,23,0,121,0,0,0,0,0,0,0,0,22,0,0,0,0,0,0,0,1,3435,0,0,0,21,0,0,0,0,1,0,8,0,0,0,0,0,42,0,2,0,1,0,8,316,0,0,0,1,0,0,0,0,0,0,0,0,0,0,0,0,0,0,1,4,0,0,0,0,0,0,0,55,0,0,0,0,0,0,0,0,0,0,0,0,0,0,0,0,0,0,0,0,0,0,0,2,1,0,0,0,2,0,0,0,0,0,0,0,0,0,0,378,0,0,0,0,0,14,0,0,0,1,0,0,5,5,0,0,0,0,0,0,0,0,0,0,0,0,0,0,0,0,78,0,0,155,0,0,0,0,0,0,0,0,26,0,0,0,0,0,0,0,0,0,0,0,0,0,8,0,1,0,0,9,0,0,0,0,0,0,0,57,2,0,684,953,0,0,0,0,1,2206,0,0,58,0,0,0,0,0,12,3,0,0,0,0,11,0,0,0,0,0,26
"478",0,0,0,0,0,0,0,0,0,0,0,0,0,0,50,0,0,0,0,0,1,26,0,0,0,1806,0,0,8,8,1,0,0,186,0,0,0,19,0,0,0,0,0,10,0,111,0,0,0,0,0,0,0,0,0,0,0,0,0,0,0,0,0,0,0,0,0,0,2,0,0,0,0,0,0,0,0,0,0,0,0,0,0,0,0,0,278,0,0,0,0,4,107,0,0,3,0,0,3,0,0,0,0,0,0,0,3,3540,0,31,0,0,0,0,0,0,6,507,173,0,0,2,0,0,0,0,0,0,0,0,6,1,0,0,0,2,50,0,0,0,426,0,0,0,0,0,0,0,0,0,0,2,54,0,0,0,0,0,0,2,0,0,0,0,0,0,0,0,0,0,0,0,0,0,9,0,0,0,116,1,0,0,0,0,0,0,0,0,0,0,0,0,0,0,0,0,0,0,0,0,0,0,0,0,0,200,13,0,0,3,0,0,0,0,0,0,0,0,0,0,89,0,0,0,0,0,0,0,4,0,29,1,0,116,0,0,0,0,0,0,0,0,4,0,0,0,0,0,0,0,0,1,6,0,0,22,20,0,1,9,0,0,0,0,0,0,0,0,0,924,0,2,178,224,0,0,0,0,1,1,0,0,588,0,0,0,0,0,0,0,0,0,0,0,1,0,0,0,0,11,0
"479",0,1,1,1,0,0,0,0,0,1,0,0,0,0,0,0,0,0,0,0,0,10,0,3,0,2168,0,0,5,0,0,0,0,0,46,0,0,0,0,0,1,0,0,0,0,47,0,0,0,0,0,0,0,0,1,0,0,1,0,2,0,1,1,55,0,0,105,0,0,0,0,0,0,0,739,0,0,0,0,0,0,4,17,0,0,2,1,0,0,0,2092,0,1,0,0,0,105,0,0,0,0,15,0,0,0,4,0,611,0,0,0,0,0,0,0,0,0,14,1,0,0,0,0,0,0,127,1321,0,0,76,2,9,0,1,0,0,9,0,0,0,8,0,0,0,0,0,11,0,0,0,1,0,2,0,1,0,0,0,0,0,0,0,0,0,0,0,0,0,2,2,4,0,1030,1,0,0,0,0,16,2,0,0,0,0,0,0,1,0,0,0,0,19,1,0,0,0,0,0,0,0,0,0,0,15,0,3,0,0,0,8,67,0,2,0,0,0,0,1,1,0,0,13,0,6,0,0,0,0,0,9,13,1,0,388,0,0,1,1,0,0,0,0,0,0,81,6,7,0,0,0,0,0,0,0,9,2,10,0,0,0,0,0,0,1,0,0,0,0,2,61,0,0,41,0,5,0,1,0,0,4,0,0,1,0,0,0,0,0,27,0,0,0,0,0,0,0,4,0,0,17,0
"480",0,0,0,0,0,0,0,0,0,0,0,0,0,0,4,2,0,0,0,0,0,24,0,6,0,1916,0,0,21,0,0,0,0,72,0,0,1,0,0,1,0,0,134,65,0,2,0,0,10,0,0,0,0,0,0,0,0,0,0,118,0,8,0,0,0,0,199,0,0,0,0,0,0,0,0,0,0,0,0,113,0,0,0,0,0,0,0,0,0,32,20,49,115,0,0,0,0,0,7,0,0,0,0,0,0,0,0,763,0,66,0,0,0,0,0,0,0,0,0,0,0,0,0,1,28,0,0,0,0,0,0,0,0,3,0,0,303,0,0,1,17,0,4,0,0,0,11,0,0,0,0,0,43,0,1,0,0,2,0,0,0,0,0,249,0,0,0,0,0,0,1,0,1,0,0,0,0,0,605,0,0,0,0,0,0,0,0,0,0,0,0,65,1,11,0,1,0,0,0,0,0,2,0,84,388,43,0,0,1,1,0,0,0,0,0,0,0,0,223,0,0,0,0,0,0,0,0,0,0,0,166,0,0,102,0,0,0,0,0,0,0,0,0,0,0,0,0,1,0,0,33,1,0,0,27,2,25,0,0,4,0,0,0,0,0,0,0,0,4,623,0,0,38,0,29,0,3,0,1,2407,0,0,25,0,0,0,0,0,27,38,0,0,0,0,62,0,0,0,0,0,0
"481",0,6,0,0,0,1,1,0,0,0,0,0,1,1,18,0,0,0,0,0,0,0,0,0,0,1703,0,0,95,0,15,0,1,0,0,0,2,19,0,0,0,0,0,0,0,0,0,0,0,0,0,0,0,1,0,0,0,0,0,3,0,0,0,1,0,0,13,0,0,0,1,0,1,0,0,0,0,0,0,0,0,0,136,0,0,1,376,0,0,0,0,48,428,0,0,17,0,0,9,0,0,0,1,0,1,0,0,2745,0,28,0,0,0,0,0,0,0,4,12,0,0,0,0,1,0,0,0,0,0,0,0,1,0,0,0,0,641,0,0,0,627,0,0,1,0,0,3,0,2,1,0,2,1,13,1,0,0,0,0,7,0,0,0,0,0,0,0,0,0,0,1,0,1,0,0,0,0,0,0,0,0,0,0,0,1,0,0,0,0,0,0,36,2,1,0,0,0,0,1,0,0,0,0,0,0,1,2,0,1,12,0,0,0,0,0,1,0,0,368,0,10,2,0,0,1,0,0,0,1,0,0,1,0,0,0,0,1,0,0,0,0,0,0,0,0,0,0,0,0,0,0,0,0,0,1,12,0,0,1,0,13,0,0,6,0,0,0,0,0,678,0,0,129,0,0,0,0,0,2,527,0,0,28,0,0,1,0,0,0,0,0,0,0,0,0,0,5,0,0,0,0
"482",0,0,0,0,0,1,0,47,1,0,0,0,0,118,2,0,0,1,0,3,1,58,0,0,0,1714,0,0,0,0,104,0,0,47,0,0,0,6,0,0,0,0,0,7,0,478,0,1,0,0,0,0,0,0,12,0,0,0,0,45,0,1,0,0,0,7,18,0,0,0,5,0,0,16,761,0,0,0,0,15,10,0,49,0,0,0,0,0,0,20,1,0,0,51,22,2,0,0,5,1,0,0,0,0,23,0,15,109,0,10,0,1,0,47,0,0,4,0,140,0,2,5,0,1,1273,35,0,0,4,1,10,38,0,0,0,0,0,0,0,0,0,0,0,0,0,0,2,0,0,1,15,1,0,6,0,0,0,0,6,68,0,0,0,178,0,1,0,0,0,0,7,0,13,0,0,0,0,6,8,2,1,0,6,0,9,0,0,0,4,0,0,62,0,1,0,0,0,0,0,0,0,0,1,122,0,6,0,0,1,0,0,26,2,0,53,0,31,3,0,8,0,2,0,0,0,41,0,0,41,26,114,0,0,519,0,0,2,0,0,0,0,0,0,0,0,12,0,0,0,15,26,1,14,0,6,0,2,0,2,9,1,12,0,1,1,0,0,0,6,4,0,94,338,0,0,0,0,1,3,1922,0,0,647,0,0,0,0,0,9,30,0,0,0,0,2,0,0,15,0,94,0
"483",0,0,0,0,16,0,0,0,0,0,0,0,0,0,48,0,0,0,0,0,0,0,0,13,0,0,0,9,62,13,0,0,0,69,0,0,7,495,0,0,0,0,0,0,0,11,0,0,8,0,1,0,0,0,0,0,0,4,0,619,0,0,0,0,0,0,0,0,0,0,0,4,0,0,0,7,0,13,0,0,0,0,0,0,0,5,0,0,0,0,0,0,9,0,0,0,0,0,0,0,0,0,0,0,0,0,0,0,0,0,0,0,0,0,0,0,0,0,0,0,0,0,0,1,71,0,0,0,0,0,0,3,0,3,0,0,569,0,72,0,313,0,0,0,0,0,183,0,0,2,32,0,0,118,0,0,0,3,0,0,0,0,0,0,0,0,0,0,0,0,124,0,1,0,178,115,0,0,0,0,0,0,0,0,31,0,0,0,0,0,9,94,5,55,0,0,0,0,0,0,0,0,0,0,0,660,17,0,2,55,0,0,0,2,0,2,0,0,728,0,0,149,0,0,0,0,0,0,0,0,0,0,0,2384,0,0,0,0,1,0,10,0,0,0,0,0,0,0,0,0,0,0,0,0,0,138,57,0,0,0,99,0,0,8,3,0,0,0,0,642,0,0,201,0,0,2,0,0,0,0,0,0,913,0,0,7,0,18,0,0,0,0,0,0,0,0,228,0,0,278,0
"484",0,0,0,0,0,0,4,28,0,0,0,0,0,16,13,0,0,0,0,1,61,28,0,1,0,1,0,0,1,85,47,0,0,15,0,0,5,26,0,0,1,1,0,65,0,5,0,0,0,0,0,0,0,0,0,0,0,0,0,325,0,56,1,0,0,0,56,0,12,117,103,0,0,79,0,0,0,0,0,122,0,0,0,0,783,0,1,0,2,17,0,13,1,0,0,0,0,0,18,0,0,0,0,0,0,0,1,2140,0,0,0,0,0,161,0,1,0,31,29,0,0,1,0,0,16,0,0,0,0,0,0,47,0,0,0,0,10,0,0,0,80,0,0,0,0,0,0,6,0,1,1,11,0,0,1,0,0,0,5,43,0,0,0,0,0,0,0,3,0,0,0,0,0,0,0,0,0,0,192,0,0,0,0,0,0,0,0,0,0,0,0,50,1,0,0,1,0,0,0,0,0,0,1411,0,280,6,0,0,0,1,0,0,0,0,2,0,119,232,0,2,197,0,0,0,0,0,23,0,21,0,111,0,0,75,0,0,0,0,0,0,0,0,0,8,0,0,0,0,0,0,0,0,0,0,0,0,13,0,9,10,0,4,0,14,0,0,0,0,31,29,0,0,0,0,1,0,46,0,3,2287,0,0,4,0,0,0,0,0,0,45,0,0,0,0,0,0,11,27,0,46,1
"485",0,0,0,0,0,0,0,0,0,0,0,0,0,0,6,0,1,0,0,0,0,1,0,0,0,2337,0,0,163,10,0,0,0,0,0,0,0,10,0,0,0,0,207,6,0,462,0,0,0,0,0,0,0,0,0,0,0,0,0,7,0,7,0,4,0,0,217,0,0,84,8,0,0,4,0,0,0,0,0,8,0,0,0,0,0,15,0,0,0,11,0,8,0,0,0,0,726,0,0,0,0,16,0,0,0,0,0,981,0,0,0,0,0,20,0,0,0,0,206,0,0,0,0,0,0,0,0,0,1,0,0,29,0,0,0,0,0,5,0,0,0,0,0,0,0,383,14,0,0,1,16,0,0,0,1,0,0,0,203,0,0,0,0,0,0,1,0,0,0,0,5,0,1,0,0,0,0,0,450,0,0,0,0,0,2,0,7,0,0,0,0,45,0,0,0,39,4,0,0,0,0,0,0,1,0,5,0,0,1,0,0,0,0,0,1,0,41,0,0,2,3,1,0,0,0,41,0,0,0,0,0,0,0,739,15,0,2,0,0,0,0,0,0,0,8,13,0,0,0,0,1,0,0,0,0,0,0,0,9,2,0,0,0,0,4,0,0,0,196,12,0,1,94,3,0,0,0,0,3,0,0,598,98,0,0,0,0,0,50,0,0,0,0,0,0,0,0,0,0,109,0
"486",0,0,0,0,0,0,1,3,0,0,0,0,0,0,0,0,0,0,0,0,0,9,0,3,0,0,0,0,3,55,377,0,0,231,0,0,3,65,0,0,0,0,121,0,0,20,0,0,0,0,0,0,0,0,0,0,0,0,0,16,0,0,0,0,0,0,31,0,0,0,0,0,0,0,0,0,0,0,0,5,0,1,255,1,0,6,139,0,0,116,0,7,0,0,0,0,0,0,85,0,0,0,0,0,1,0,0,1531,0,0,0,0,0,14,3,0,0,12,55,0,0,0,0,15,235,77,0,0,0,0,0,0,0,0,0,0,46,0,0,0,1873,0,0,0,0,0,0,0,0,5,0,0,0,8,0,0,0,0,0,50,0,0,0,0,0,0,0,0,0,0,7,1,1,0,0,0,0,0,58,0,0,0,0,0,1,0,0,0,0,0,0,78,0,0,0,0,0,0,0,0,0,0,0,8,624,245,0,0,2,1,0,0,0,0,1,1,0,0,164,0,0,8,0,0,0,0,3,0,56,0,128,0,0,107,0,0,0,0,0,0,0,0,0,0,151,103,0,6,3,0,1,0,0,0,10,15,0,0,0,33,0,0,0,5,0,0,0,0,90,0,0,0,983,0,0,0,0,0,6,1174,0,0,230,0,0,0,0,0,5,38,0,0,0,0,77,0,4,0,0,95,0
"487",0,0,0,0,0,0,7,0,0,0,0,0,3,386,23,0,0,0,0,0,155,8,6,106,0,1760,0,0,0,0,0,0,0,35,0,0,0,40,0,0,0,0,0,174,0,4,0,0,0,0,31,0,0,0,1,0,0,0,0,2,0,53,2,0,0,0,24,0,74,0,37,0,0,0,1708,0,0,0,5,6,0,12,3,0,0,0,0,21,0,229,0,145,6,0,0,0,0,0,0,0,0,0,0,1,0,0,0,65,0,55,0,0,0,1,0,0,0,0,41,0,0,0,42,0,1,0,189,0,0,0,1,0,0,0,0,0,0,0,0,0,7,0,0,0,0,0,3,0,0,0,0,0,0,0,6,0,0,0,0,10,0,0,0,0,0,0,0,0,0,0,0,0,557,0,0,0,0,54,28,0,0,0,0,0,0,0,0,0,0,0,0,11,0,0,0,5,0,0,0,0,0,0,0,1,0,43,0,0,0,0,0,0,0,0,5,0,107,0,459,0,47,0,0,0,0,0,0,0,0,0,0,1,0,0,0,0,1,0,0,0,0,0,0,0,0,0,0,0,0,0,0,0,28,0,0,0,2,0,0,2,0,0,0,0,0,0,0,0,0,3044,0,22,0,0,0,0,0,8,0,0,0,0,7,0,0,0,0,0,0,2,0,0,0,0,0,0,0,0,0,77,0
"488",0,0,0,0,0,0,3,1,0,0,0,0,0,0,63,0,0,0,0,0,0,3,0,7,0,724,0,0,39,0,2,0,0,32,3,39,0,110,0,0,0,0,0,0,0,47,0,0,0,0,0,0,0,0,0,0,0,0,0,102,0,0,1,0,187,0,279,0,0,0,5,0,0,0,0,0,0,0,0,13,0,12,0,0,0,33,127,0,0,0,23,59,0,0,0,8,0,0,1,0,0,22,0,2,1,0,0,73,0,0,0,22,0,0,3,1,0,0,0,0,0,0,0,0,20,560,0,15,4,0,0,0,0,0,0,0,0,0,0,0,30,0,0,0,0,0,0,0,0,0,0,0,0,0,1,0,0,0,214,37,0,0,0,0,0,0,0,0,0,8,0,0,36,2,0,0,0,0,525,0,0,0,0,0,14,0,0,0,0,0,0,0,0,0,0,0,0,0,0,0,187,0,0,123,1958,78,1,0,0,32,0,0,81,0,3,0,19,3,0,0,0,0,0,60,0,0,0,0,0,0,54,0,0,335,0,0,0,0,0,38,0,1,0,0,0,0,0,0,0,0,0,0,0,0,0,148,0,0,16,0,16,0,0,3,0,0,0,42,0,924,0,0,38,0,3,0,0,0,16,0,0,0,147,0,0,0,0,44,141,0,143,0,0,2,17,0,0,0,0,148,0
"489",2,0,0,0,0,0,1,0,0,0,0,0,0,0,30,0,0,0,0,0,0,2,0,0,0,1059,0,6,10,130,0,0,0,11,0,0,12,0,0,0,0,0,0,0,0,3,0,0,0,0,0,0,0,0,1,0,0,0,0,0,0,0,0,0,0,0,0,0,0,0,0,0,1,0,0,549,0,0,0,8,0,0,0,0,0,0,0,0,0,0,0,0,55,0,0,0,8,0,0,0,0,127,0,0,0,0,0,2222,0,28,0,0,4,1,0,0,0,0,136,0,0,0,0,1,67,0,0,0,0,0,0,4,0,0,0,0,17,2,0,0,20,0,0,0,0,0,0,0,0,0,2,0,0,0,0,0,0,0,0,0,0,0,0,0,0,0,0,0,0,0,0,0,0,0,0,0,0,0,0,0,0,0,0,0,0,10,1,0,0,0,0,6,1,0,0,0,0,0,0,0,0,0,0,1,0,38,0,0,1,0,0,0,0,0,0,0,0,0,276,0,0,0,0,0,0,0,0,0,3,0,0,0,0,324,0,0,0,0,0,23,0,0,0,0,3,0,0,0,0,0,0,0,0,0,1,10,0,0,0,0,0,0,0,0,16,0,0,0,31,3399,0,0,665,0,0,0,0,0,0,626,0,0,19,0,0,12,0,0,0,0,0,0,0,0,5,0,12,0,0,0,0
"490",0,0,0,0,0,0,0,0,0,0,0,0,0,183,1089,0,0,11,0,0,0,8,0,0,2,1677,0,22,0,0,262,6,0,0,0,0,0,26,0,0,0,0,0,0,0,439,0,0,0,0,23,6,0,0,0,2,0,0,0,0,0,1,0,0,20,0,10,0,0,0,8,0,0,0,2,0,0,0,0,70,0,0,0,0,0,0,237,0,0,20,0,30,0,0,0,0,0,0,0,0,18,0,0,0,0,0,0,1034,4,0,0,0,0,27,0,0,2,0,255,0,0,49,0,1,63,0,0,0,4,3,0,7,0,0,0,0,35,0,0,0,0,0,0,0,0,0,0,0,0,0,12,0,0,0,0,0,0,0,47,0,0,0,0,0,0,0,0,0,0,0,0,0,306,0,0,0,0,0,20,0,15,0,0,0,0,0,0,0,93,0,0,96,0,0,0,0,6,0,0,0,0,0,0,0,0,660,0,0,0,0,0,0,23,13,0,0,68,0,0,8,0,116,0,6,4,0,0,0,4,0,39,0,0,188,24,0,6,0,0,0,0,0,0,0,0,0,0,0,0,0,67,0,0,1,0,0,265,0,1,7,19,0,0,0,0,0,0,216,0,0,41,18,552,0,4,0,3,0,1,0,0,2,0,0,0,0,0,7,6,9,0,0,0,0,0,0,0,0,0,10,0
"491",6,0,0,0,0,0,4,0,0,0,0,0,2,0,13,0,1,0,0,0,0,4,0,2,0,923,0,0,4,2,235,48,0,272,0,0,14,0,0,0,0,0,0,0,0,0,0,0,0,0,0,0,0,0,0,0,0,0,0,34,0,0,0,0,0,0,19,0,0,0,0,1,0,0,0,0,0,0,0,203,0,0,19,0,0,3,0,0,0,62,0,5,6,0,0,0,1,0,72,0,0,63,0,0,0,1,0,17,0,0,0,0,0,234,5,1,0,0,69,0,0,0,0,2,674,0,0,18,0,0,0,156,0,0,1,0,8,0,0,3,7,0,1,0,0,0,1,0,0,0,29,0,0,5,0,0,0,0,0,0,0,0,0,0,0,0,0,3,0,0,0,0,1,0,0,0,0,0,80,5,0,0,0,0,4,0,0,0,0,0,0,94,1,1,0,0,0,1,0,0,0,0,0,0,0,5,6,0,2,11,0,0,0,0,0,1,58,0,131,0,0,31,0,0,0,0,0,0,0,0,0,0,0,284,0,0,6,0,0,5,0,0,0,0,2,0,0,0,0,0,0,0,0,0,0,0,0,0,0,0,0,0,0,2,18,0,0,0,0,9,0,0,829,0,0,0,1,0,0,4613,0,0,346,4,0,22,0,1,30,0,0,0,0,0,45,6,8,0,0,89,0
"492",0,0,0,1,0,0,1,0,0,0,0,0,1,0,3,0,0,0,0,0,0,0,1,4,0,3422,0,4,8,0,315,0,0,0,0,0,40,0,0,0,0,0,0,0,0,0,0,0,0,0,2,24,0,0,3,0,0,1,0,153,0,0,0,0,0,0,0,1,0,0,0,0,0,0,0,0,1,0,0,0,0,0,3,0,0,0,0,0,0,0,0,72,9,0,0,13,3,0,0,0,0,0,0,0,0,0,0,151,0,0,0,0,0,0,0,1,0,0,206,0,0,0,0,1,63,0,0,0,0,0,0,0,0,0,0,0,415,0,60,0,1,0,0,0,0,0,0,0,0,9,0,0,0,0,0,0,0,527,0,0,0,0,0,0,1,0,0,3,0,0,0,0,18,0,0,0,0,0,0,0,0,0,0,0,0,7,0,0,0,0,0,27,1,0,0,1,0,0,0,0,0,0,0,0,0,0,0,0,0,1,16,0,0,0,0,0,0,10,123,0,0,44,0,0,0,0,0,0,173,0,0,0,0,1204,0,0,0,0,1,0,0,0,0,0,5,0,0,0,0,0,0,0,0,0,0,6,1,0,0,4,0,0,0,1,2,0,0,0,0,179,0,0,26,1,1,0,0,0,0,2150,0,0,230,0,13,3,0,4,0,0,0,0,0,0,0,0,9,0,0,148,0
"493",0,0,0,0,0,0,7,0,0,0,0,0,0,0,22,0,0,0,0,0,0,4,0,0,0,260,0,0,49,5,404,0,0,209,0,0,10,0,0,0,0,0,0,0,0,227,0,1,0,0,0,0,0,0,0,0,0,0,0,1,0,0,1,1,0,0,0,0,1,0,6,0,0,0,0,1,1,0,0,1,0,2,2,0,0,10,2,0,0,0,0,4,0,0,0,0,3,0,0,0,0,22,0,0,0,0,0,0,0,0,0,0,0,0,2,0,0,0,7,0,0,0,0,0,51,0,0,0,0,0,0,4,0,0,0,0,9,0,0,0,1,0,0,1,0,0,0,0,0,0,0,0,0,2,1,0,0,0,0,0,0,0,0,0,0,0,0,0,0,0,2,0,5035,0,0,0,0,0,0,0,0,0,0,0,1,0,0,0,0,0,1,17,0,0,0,0,0,0,0,0,0,0,0,1,0,0,0,0,1,0,0,0,0,0,0,0,0,14,102,0,0,0,0,0,0,0,3,0,1,0,2,0,0,207,0,0,1,0,0,0,0,0,0,0,2,0,0,0,0,0,0,0,0,0,6,0,2,0,4,10,0,0,0,1,0,1,0,0,0,1357,0,0,67,0,0,0,0,0,0,2441,0,0,73,0,0,0,0,0,0,0,0,0,0,0,0,0,1,0,0,124,0
"494",0,0,0,0,39,0,1,28,0,0,1,0,2,214,2,7,9,1,0,0,19,60,0,7,0,1512,0,0,21,0,190,0,0,167,101,225,8,65,1,0,1,0,0,45,0,4,84,0,0,0,1,0,1,0,42,0,0,0,0,138,0,1,1,2,3,0,62,0,0,45,13,0,0,0,0,254,1,0,0,5,0,9,20,0,2,0,101,0,0,22,640,1,0,0,0,0,0,0,2,0,0,0,0,22,2,0,352,293,5,75,0,45,0,5,1,2,0,91,29,0,0,0,0,2,51,0,0,0,1,0,2,1,18,0,0,0,27,0,1,0,22,0,0,0,0,0,2,0,0,0,3,38,0,0,1,0,0,0,0,3,0,0,0,859,0,0,0,0,0,0,33,0,0,0,0,0,0,9,11,1,0,0,3,0,6,0,0,0,0,0,0,76,0,0,0,0,0,0,0,177,0,0,0,1,1,41,6,0,1,1,0,0,0,5,5,0,40,214,0,0,50,23,0,0,0,0,3,0,37,1,14,0,0,185,0,0,1,0,0,5,0,0,0,5,0,0,0,0,2,0,67,1,21,0,9,4,3,0,2,2,1,0,0,6,0,0,0,79,0,1532,0,18,226,0,65,0,0,0,1,527,2,0,121,0,0,0,0,1,25,9,0,0,0,0,0,0,63,0,0,131,0
"495",0,0,1,0,0,0,0,8,0,0,0,0,0,0,34,2,0,0,0,0,40,0,0,0,0,1703,0,0,303,66,0,0,0,220,0,0,76,0,0,0,0,0,0,0,0,0,0,0,0,0,0,0,0,0,0,0,0,2,0,0,0,0,0,0,0,5,0,2,0,0,0,0,0,8,0,0,0,0,0,0,0,0,0,0,89,0,0,0,0,0,0,3,7,0,0,0,0,0,50,0,0,620,0,0,0,0,246,0,0,0,0,11,0,0,0,5,0,1,179,2,2,0,3,0,78,0,0,0,0,0,0,0,0,1,0,0,641,0,0,0,0,0,0,0,0,0,0,0,0,5,0,61,0,0,0,4,0,0,0,102,0,0,0,0,0,0,0,0,0,0,0,37,1,1,10,0,0,0,0,0,0,0,0,0,0,32,0,0,17,1,0,38,271,0,0,13,0,0,1,0,0,0,0,0,0,0,0,7,0,71,1,0,0,0,0,1,0,0,0,0,45,0,0,0,1,2,0,0,0,0,0,0,0,1349,0,0,0,0,0,0,0,0,4,0,0,0,0,16,0,0,12,0,0,0,0,12,4,0,0,0,2,0,0,0,0,0,1,0,0,3104,0,0,0,0,0,0,0,0,0,0,0,0,174,0,0,0,1,134,0,0,0,0,0,2,17,0,0,0,0,41,0
"496",0,0,0,0,0,0,4,3,1160,0,0,0,0,6,57,0,0,0,0,0,1,0,0,8,1,2392,0,0,25,2,102,0,0,442,0,0,2,136,0,0,0,11,513,3,0,342,0,1,0,0,0,0,1,0,22,0,0,0,0,2,0,13,0,0,0,1,30,0,0,0,5,0,0,0,423,0,0,0,0,0,0,0,345,0,1,0,0,0,0,0,0,54,227,66,0,16,0,0,59,0,0,0,0,0,29,0,4,1,0,0,0,0,0,0,0,0,0,1,75,1,0,0,0,0,448,0,0,0,0,7,0,0,0,0,0,0,16,1,0,0,377,0,0,0,0,0,0,0,0,0,1,16,0,0,0,0,0,0,5,37,0,0,0,0,0,0,2,0,1,0,3,0,0,0,0,0,0,0,51,0,0,0,0,0,0,0,0,0,0,0,0,14,0,0,0,1,0,1,0,374,0,0,0,0,0,98,0,0,1,0,0,0,0,0,10,0,47,2,99,0,0,21,0,0,0,0,0,0,0,5,0,0,2,551,0,0,0,0,3,0,0,0,128,0,0,0,0,0,0,0,47,0,5,1,0,84,11,0,6,7,8,0,0,0,1,0,0,63,67,0,0,0,133,198,0,1,0,3,55,0,0,5,323,0,18,0,0,0,14,0,0,0,0,0,0,0,0,0,1,44,0
"497",0,0,0,0,0,0,1,0,240,1,0,1,0,0,0,0,0,0,0,0,0,151,0,6,0,2099,0,0,10,0,0,0,0,160,0,0,8,70,0,0,6,0,0,0,0,16,0,0,0,0,0,0,0,0,0,0,0,0,0,0,0,1,0,0,1,0,153,0,2,50,5,0,1,0,0,0,0,0,0,49,0,0,0,0,56,1,5,0,0,15,0,40,0,0,0,0,0,0,20,0,0,0,0,9,1,1,6,1073,0,0,0,0,0,13,1,0,0,0,36,0,0,0,0,1,70,179,0,12,0,0,5,0,0,0,0,1,13,0,0,0,0,0,0,0,11,0,1,7,0,0,0,0,25,0,0,0,0,0,8,214,0,0,0,0,0,0,0,0,1,0,7,0,0,0,0,0,0,1,509,2,0,0,0,0,0,0,0,0,0,0,0,42,1,0,0,0,0,0,0,0,0,0,0,0,0,26,0,0,0,1,0,0,0,0,19,1,89,8,0,0,0,0,0,6,0,0,0,0,55,16,64,0,0,778,0,5,6,0,0,0,0,0,0,0,0,0,0,0,3,2,0,3,0,0,6,15,4,1,60,0,11,0,0,1,0,3,0,0,0,296,0,18,38,0,0,0,0,0,0,2064,0,0,63,0,0,0,0,0,22,0,0,0,0,0,6,0,14,94,0,76,0
"498",0,0,0,0,0,0,0,0,1,0,0,0,0,40,46,0,0,0,0,0,0,0,0,0,0,4130,0,0,5,2,0,0,0,5,0,0,0,0,0,0,0,0,0,0,0,0,0,1,0,0,1,0,1,0,0,0,1,0,0,0,0,0,0,0,0,0,115,0,0,0,1,0,0,0,4,0,0,0,0,0,0,0,0,0,3,11,0,1,0,8,60,0,0,0,0,0,0,0,0,0,0,39,0,0,0,0,0,462,0,0,0,0,0,64,0,0,0,0,0,0,2,0,0,0,1069,0,0,0,0,0,0,0,21,0,0,0,0,0,0,0,0,0,0,0,0,0,1,0,0,0,10,5,0,1,0,0,0,0,0,0,0,0,0,0,0,0,0,0,1,0,0,0,1,0,0,0,0,0,7,0,5,0,0,0,0,0,0,0,5,0,0,0,0,0,0,0,0,0,0,0,0,0,0,707,0,0,0,0,0,1,0,0,0,0,0,0,0,0,0,0,0,0,0,4,0,2,0,0,17,0,9,0,0,1363,0,0,1,0,0,2,0,0,0,0,0,0,0,0,0,0,0,1,0,0,1,0,13,0,0,0,1,0,0,0,14,0,0,0,0,210,0,0,196,3,0,0,0,1,2,493,0,0,156,0,0,0,0,0,2,36,84,0,0,0,6,0,0,27,0,18,0
"499",0,0,6,0,0,0,95,37,0,0,0,11,1,0,3,0,6,4,1,1,39,13,0,0,0,195,0,0,124,13,718,0,0,0,0,0,1,56,0,0,2,0,0,0,0,0,0,0,0,0,0,0,0,0,5,0,0,0,0,216,1,0,0,21,0,0,225,0,2,191,20,0,0,0,0,0,0,0,0,55,0,0,34,0,1,1,2,0,0,4,9,0,107,0,0,0,0,0,7,0,0,0,0,0,2,0,0,909,0,0,0,0,0,24,0,0,0,0,96,0,0,0,0,42,0,46,0,0,0,0,5,46,0,0,0,0,393,2,0,0,9,0,0,0,0,0,8,0,0,0,8,20,0,118,0,0,0,0,0,43,0,11,0,1011,0,0,0,0,0,0,46,0,0,0,0,0,9,42,319,2,0,0,0,0,1,0,0,0,0,0,27,2,20,0,333,0,0,4,0,0,0,0,0,2,0,14,0,0,1,24,0,0,0,0,2,0,200,22,1,0,18,254,0,0,0,4,0,0,1,13,0,0,1,887,0,0,10,0,0,26,0,0,0,0,1,0,0,0,0,0,0,4,0,0,17,6,14,0,10,0,8,0,8,2,40,0,0,0,0,1532,0,10,34,0,0,0,0,0,16,0,1,5,0,0,0,0,0,5,141,0,0,0,0,0,20,0,1,0,0,22,0
"500",0,3,0,0,0,0,52,0,0,0,0,0,0,0,32,0,0,0,0,0,0,0,4,10,0,2719,0,0,328,6,0,0,0,0,0,0,0,0,0,0,0,0,0,0,0,2100,0,0,18,1,4,0,0,0,0,0,2,2,0,0,0,0,0,0,0,0,1,0,0,0,0,0,0,0,0,0,0,0,0,0,0,0,498,0,0,6,1,0,0,0,0,15,91,0,0,6,0,0,0,0,0,0,0,0,0,0,0,263,0,0,0,0,0,0,0,2,0,0,0,0,0,0,0,1,0,0,0,0,0,0,0,0,0,2,0,0,9,0,0,0,0,0,0,0,0,0,0,0,0,0,0,0,0,0,0,4,0,0,0,0,0,0,0,0,0,1,0,0,0,0,0,0,215,25,0,0,0,0,0,0,0,0,0,0,0,0,0,0,0,0,0,0,0,0,0,6,0,0,0,0,0,0,0,0,0,24,9,0,2,32,11,0,0,0,0,0,0,0,5,0,0,5,0,0,0,0,0,0,0,0,0,0,0,2522,0,0,0,0,0,1,0,0,0,0,0,0,0,0,0,0,0,0,0,0,0,53,0,0,0,0,0,0,0,0,0,0,0,0,0,316,0,0,238,0,140,0,0,0,0,201,0,0,0,0,0,0,0,7,0,0,0,0,0,0,0,0,10,0,0,0,0
"501",0,0,0,0,0,0,0,0,0,0,2,0,0,0,1089,0,0,0,0,0,0,4,0,0,0,2451,0,0,14,0,45,0,0,0,0,0,0,10,1,0,0,0,0,0,0,120,0,1,0,0,0,0,2,0,0,0,0,0,0,0,0,0,0,0,0,0,177,0,0,0,22,0,0,0,0,0,1,0,0,11,1,0,1,0,1,1,1,0,0,10,0,0,1,0,0,1,0,0,0,0,0,0,0,0,1,0,0,1514,0,0,0,0,0,3,0,0,0,0,1,0,0,0,0,0,15,0,0,0,1,0,0,0,0,0,0,0,19,0,0,0,20,0,0,0,0,0,7,0,0,0,1,0,0,0,1,0,0,0,0,2,0,0,0,0,0,0,0,0,0,0,2,0,0,0,0,0,0,1,141,1,0,0,0,0,1,0,0,0,0,0,0,6,0,24,0,0,0,0,1,0,0,0,0,1,0,5,1,0,1,4,0,0,0,0,1,0,58,8,0,0,0,0,0,0,0,0,0,0,10,0,0,0,0,361,0,0,0,0,0,3,0,0,0,0,46,0,0,28,0,0,0,0,1,0,1,1,0,0,1,2,1,0,0,2,0,0,0,0,0,1576,0,0,56,0,0,0,0,0,0,2018,0,0,4,0,0,0,0,0,0,26,0,0,0,0,0,0,53,0,0,10,0
"502",0,31,0,0,0,0,18,0,0,0,0,1,4,443,36,0,0,0,0,1,50,10,0,0,1,940,0,0,7,1,0,0,0,133,0,0,1,10,0,0,0,0,0,164,0,540,0,2,0,0,0,0,0,0,82,0,0,0,0,4,0,18,0,0,0,40,324,0,0,0,26,1,1,5,0,0,0,0,0,175,0,0,241,0,322,0,0,0,0,0,0,3,17,9,0,0,0,0,52,0,0,0,0,34,22,0,22,1586,0,0,0,0,0,10,0,0,9,1,38,6,0,0,0,1,8,0,0,0,0,132,24,103,0,0,0,0,16,0,0,0,17,0,0,0,307,0,6,10,0,0,2,24,0,20,1,0,0,0,8,98,0,0,5,0,0,0,4,0,0,0,0,0,36,0,0,0,0,54,0,1,0,0,0,0,0,0,0,1,166,0,0,9,0,0,93,0,0,0,0,0,2,0,0,0,0,0,0,0,0,0,0,0,0,0,0,0,0,179,1,3,12,13,13,0,0,0,55,0,35,0,84,1,1,0,0,1,0,0,0,0,0,0,0,78,0,0,1,0,3,0,1,0,12,0,0,0,1,1,10,52,0,0,0,0,1,0,1,0,6,54,6,14,56,0,0,0,0,0,0,1731,1,0,49,0,0,0,0,0,27,5,0,5,2,0,1,0,0,0,0,0,0
"503",0,0,0,0,0,0,0,1,3,1,0,1,0,0,89,0,0,0,0,0,0,9,0,57,0,2761,0,0,45,13,2,0,0,40,0,0,20,0,2,0,0,0,0,0,0,84,0,0,1,0,0,0,0,0,0,0,2,0,0,0,6,0,0,0,0,0,6,0,0,0,0,0,6,7,0,0,0,0,0,0,0,0,0,0,0,2,2,0,0,0,0,9,120,0,0,15,0,0,1,0,0,0,0,0,0,0,246,167,0,0,0,0,0,22,0,0,0,50,38,0,0,0,0,2,191,0,0,0,0,0,0,0,0,6,0,0,1221,4,0,0,164,0,0,0,0,383,0,1,0,1,0,1,0,0,1,0,0,0,0,0,2,0,0,263,0,0,0,0,0,0,0,0,0,0,26,80,0,1,0,1,0,0,0,0,0,0,0,0,0,0,0,33,2,0,0,0,0,1,0,0,0,0,0,0,0,90,0,0,1,17,0,0,0,1,7,2,0,14,118,0,0,6,0,0,0,0,0,0,4,20,0,0,1,2036,0,0,0,0,1,0,0,25,0,0,0,0,0,0,0,0,12,1,3,0,6,262,1,2,10,0,2,0,0,15,0,0,0,0,0,0,0,0,453,0,1,0,0,2,32,218,1,0,0,0,0,0,0,5,0,0,0,0,0,0,64,0,4,0,0,21,0
"504",0,0,0,0,0,0,39,3,0,0,0,0,0,1,23,1,51,0,0,19,2,30,0,1,0,4097,0,0,3,0,109,0,0,312,0,0,0,5,0,0,0,0,0,0,0,226,0,7,0,0,0,0,0,0,0,0,2,0,0,45,0,0,0,1,0,0,0,0,0,0,0,0,0,1,0,0,0,0,0,0,0,0,0,0,0,0,0,0,0,28,0,12,6,0,0,0,0,0,0,0,0,50,0,0,0,0,1,432,0,0,0,0,0,10,0,0,0,0,300,0,0,0,0,0,90,0,0,0,10,0,0,1,0,1,0,0,27,1,0,0,31,0,0,1,0,0,0,0,3,1,6,100,0,0,0,0,8,0,0,0,0,0,0,255,0,1,0,0,0,0,0,0,0,0,0,0,0,0,173,3,0,0,0,0,0,1,0,0,0,0,0,32,0,0,0,2,22,1,0,245,0,0,0,0,0,44,0,0,1,1,0,0,0,0,0,0,105,0,0,0,79,0,0,0,0,0,0,0,73,0,151,0,0,288,0,0,2,8,0,0,0,0,0,0,0,0,0,0,0,0,0,0,0,0,13,267,0,0,5,0,17,0,0,0,0,0,0,0,0,1366,7,0,176,2,1,0,0,0,0,268,0,0,141,0,0,0,0,0,0,0,0,0,0,0,22,0,19,0,0,112,0
"505",0,1,0,0,0,0,1,0,0,0,0,0,0,218,0,0,0,0,0,0,47,53,0,0,0,6,0,0,1,0,0,0,0,34,0,0,249,127,0,0,0,0,0,40,0,170,0,0,0,0,0,0,0,0,0,0,0,0,0,167,0,0,0,0,0,0,84,0,0,0,1099,0,0,189,0,0,0,0,0,126,0,20,0,0,449,1,0,0,0,65,1,0,0,0,0,0,0,0,12,0,0,0,12,0,1,0,5,441,0,90,0,0,0,906,0,0,0,0,150,0,0,0,0,0,145,208,2,0,0,0,0,206,0,0,0,1,0,0,0,0,4,0,0,0,0,0,26,10,0,0,19,0,0,9,0,0,0,0,0,40,0,0,0,0,0,0,0,0,0,0,12,0,0,0,0,0,0,14,99,0,0,2,0,0,0,0,0,0,0,0,20,395,0,0,0,0,0,0,2,0,0,0,0,745,0,5,0,0,0,0,0,0,0,0,21,0,22,145,0,0,0,0,0,0,0,0,0,0,73,0,148,0,0,0,0,0,0,0,0,0,0,0,0,0,0,6,0,0,0,0,0,4,16,0,0,0,1,0,0,0,1,0,0,6,0,0,0,0,0,0,0,0,262,0,0,0,0,0,0,2024,0,0,398,0,0,0,0,0,58,95,0,0,0,0,45,0,2,0,0,61,0
"506",0,0,0,5,0,0,2,43,0,0,0,0,0,0,98,0,0,0,0,60,0,9,0,20,2,324,0,0,176,249,0,0,0,0,0,0,3,0,1,0,1,0,0,1,0,202,0,0,0,0,5,0,0,0,6,0,0,0,0,950,1,0,0,0,0,0,671,0,0,0,3,0,0,63,0,0,0,0,0,0,0,0,0,0,86,2,110,0,0,0,0,10,0,0,0,0,14,0,1,0,0,0,0,0,1,0,2,667,0,0,0,0,0,0,0,2,0,0,0,4,0,0,0,4,15,193,0,0,0,0,0,496,25,0,0,0,263,0,0,0,3074,0,0,0,0,0,0,1,0,0,0,0,0,0,0,38,0,1,0,2,0,0,0,3,0,0,0,0,0,0,6,0,0,0,0,0,0,1,219,0,0,0,0,0,16,0,0,0,0,0,0,376,1,0,0,0,0,0,0,0,0,0,0,4,0,736,0,0,0,0,23,0,0,0,1,0,98,2,13,0,0,44,0,0,0,0,10,0,1,0,0,2,0,2,0,0,0,0,0,3,28,0,0,0,0,0,0,0,0,0,0,0,0,0,0,41,81,0,2,0,0,0,0,49,0,0,0,0,0,33,0,0,202,0,0,0,0,0,1,18,0,0,0,0,0,0,0,5,0,10,0,0,0,0,1,0,63,0,0,1,0
"507",0,0,0,0,4,0,0,0,0,0,0,0,0,386,96,0,0,0,0,2,0,21,0,3,0,4259,0,0,0,1,19,0,0,0,0,0,0,6,0,0,0,0,0,72,0,115,0,1,0,0,0,0,0,0,2,0,0,0,0,10,0,0,0,0,0,0,19,0,0,0,8,0,0,1,1,0,0,0,0,0,0,0,2,0,0,0,2,0,0,336,9,4,0,0,0,0,0,0,30,0,0,23,0,0,0,0,0,570,0,0,0,0,0,16,0,0,0,0,0,0,0,0,0,1,282,0,0,0,0,0,10,15,0,0,0,0,0,0,0,0,4,0,0,0,0,0,0,0,1,0,5,8,0,0,1,0,0,0,13,0,0,0,0,2,0,0,0,0,0,3,0,0,0,0,0,0,0,0,24,1,0,0,0,0,0,0,0,0,0,0,0,65,0,0,0,0,0,5,0,0,0,0,1,0,0,8,0,0,0,26,0,0,0,0,0,0,9,0,1,0,0,0,0,0,0,0,0,0,69,0,205,0,0,1909,0,8,1,0,0,0,0,0,0,0,1,0,0,0,0,0,0,2,0,0,1,0,1,0,0,2,0,0,0,0,0,0,0,0,0,0,0,0,144,0,6,0,0,0,0,981,0,0,249,0,0,0,0,0,0,31,0,0,0,0,75,1,14,0,0,25,1
"508",0,0,0,0,0,0,0,0,0,0,0,0,0,0,8,0,0,0,0,0,0,0,0,0,0,2564,0,0,17,188,422,0,0,0,0,0,26,0,0,0,0,0,1,0,0,22,0,0,0,0,0,0,0,0,0,0,0,0,0,921,0,0,0,0,0,0,453,0,8,0,0,0,0,0,0,0,0,0,0,0,0,0,0,0,0,8,0,0,0,0,0,34,120,0,0,0,0,0,0,0,0,5,0,0,0,0,0,2140,0,0,0,0,5,32,0,0,0,0,357,7,0,0,0,1,41,0,0,0,0,172,0,0,0,0,0,0,14,0,0,0,53,0,0,0,0,0,0,0,0,0,0,0,0,33,0,0,0,0,27,0,0,0,0,0,0,0,0,0,0,0,0,0,0,0,0,0,0,0,140,0,0,0,0,0,0,0,0,0,0,1,0,92,0,0,0,0,0,0,0,0,0,0,0,0,490,0,0,0,1,0,343,0,0,0,0,0,0,0,0,0,0,0,0,0,0,0,0,0,50,0,0,0,0,271,0,0,0,0,0,0,0,0,0,0,11,0,0,0,0,0,0,0,0,0,0,368,0,0,0,0,0,0,0,0,0,0,0,0,0,222,0,0,152,0,0,0,0,0,0,15,0,0,0,0,0,0,0,0,165,0,0,0,0,0,0,0,0,0,0,0,0
"509",0,47,1,0,0,0,0,0,0,0,0,0,2,0,187,0,0,0,0,0,0,3,0,3,0,3,2,0,0,0,115,0,0,29,0,0,0,0,0,0,0,0,0,0,0,159,0,1,0,0,0,0,0,0,6,0,0,0,0,0,6,0,0,1,0,0,279,0,0,0,0,3,0,0,0,0,0,0,0,100,0,8,160,0,0,14,1,0,0,40,0,0,115,0,0,0,3,0,6,0,0,39,0,0,5,0,0,151,0,0,0,5,0,83,0,0,0,1,1,0,0,0,0,1,319,0,0,0,0,0,111,0,0,0,0,0,6,0,0,0,10,0,0,0,0,0,4,0,0,0,1,0,0,0,0,0,0,0,0,0,0,0,0,0,0,0,0,0,0,0,0,0,0,0,0,0,0,232,0,2,0,2,0,0,0,0,0,129,0,0,0,0,1,0,0,0,0,0,0,0,0,0,0,0,0,3,7,0,0,2,0,0,0,0,0,1,0,2,86,0,0,0,0,0,0,0,0,14,133,0,0,1,3,2897,0,0,0,0,0,30,0,0,0,0,2,0,0,0,0,0,0,0,0,0,0,106,1,0,0,0,0,0,0,4,0,0,0,0,0,0,0,0,254,0,0,0,0,0,0,1174,0,3,114,0,18,22,0,0,0,69,0,0,0,0,0,0,33,0,0,16,0
"510",0,2,0,1,0,0,23,73,0,0,0,0,0,0,23,0,0,2,0,0,0,45,0,3,0,0,2,0,11,0,898,0,0,48,0,0,42,75,5,0,0,0,0,0,0,216,0,12,0,1,0,0,0,0,0,0,0,0,0,4,0,0,1,1,0,0,87,0,0,31,0,0,0,0,0,0,0,0,0,75,0,0,0,0,0,2,1,0,0,0,0,0,2,0,0,4,0,0,0,0,0,0,0,0,2,0,0,339,0,0,0,0,0,0,0,0,0,6,34,0,0,0,0,1,33,0,0,0,0,0,0,273,0,0,0,0,1,2,0,0,7,0,0,0,0,0,2,0,0,1,18,0,0,0,3,0,0,0,0,62,0,11,0,1543,0,0,0,0,1,0,7,0,1,0,0,9,0,467,119,1,0,0,0,0,0,0,0,0,0,0,0,82,2,0,0,0,0,0,0,0,0,0,0,20,0,0,1,1,1,3,0,0,0,0,3,0,10,0,1,0,19,1,0,0,0,0,0,0,0,0,177,0,0,247,0,0,4,0,0,38,0,0,0,0,1,1,0,4,0,0,303,5,0,0,56,0,2,0,0,0,1,0,0,1,3,0,0,0,0,1,0,0,238,33,6,0,3,3,14,2769,0,7,111,0,0,67,0,1,59,0,0,0,0,0,133,0,1,0,0,189,0
"511",0,0,0,0,0,0,0,0,1,0,0,0,0,0,46,0,9,10,0,25,1,45,0,0,17,1374,0,0,4,82,0,0,0,394,0,0,0,31,0,0,1,0,0,0,0,0,0,0,0,0,0,1,0,0,0,0,0,1,0,0,0,0,0,0,0,0,14,0,0,0,0,0,0,0,0,0,0,0,0,57,0,0,0,0,1,5,0,0,0,67,0,12,0,0,0,9,0,0,21,0,0,0,0,0,1,2,4,866,0,0,0,0,0,41,0,4,0,2,174,0,0,0,0,1,1168,262,0,183,24,0,58,1,0,0,0,0,24,0,0,0,4,0,0,0,0,0,9,0,0,13,0,5,0,0,0,0,0,0,0,182,0,0,0,1,0,0,0,3,0,0,0,0,1,0,0,0,0,0,865,0,2,0,0,0,11,0,0,334,0,0,0,180,0,0,0,0,0,0,0,0,0,0,0,0,0,29,4,1,0,3,0,34,1,0,9,0,49,0,0,2,0,0,0,1,0,1,0,0,0,0,229,0,0,739,0,0,0,0,0,76,0,0,0,78,0,96,0,1,0,0,0,1,0,1,0,111,0,0,21,0,3,0,0,3,0,0,0,0,0,126,0,163,254,0,1,0,1,0,0,187,0,0,853,0,0,0,0,1,0,80,0,0,0,0,2,0,28,63,0,101,1
"512",0,0,0,0,0,0,0,0,0,0,0,0,0,0,15,0,0,1,0,0,49,24,1,0,0,0,0,0,51,0,0,0,0,29,0,0,0,0,0,0,0,0,0,0,0,6,0,0,0,0,0,0,0,0,0,0,0,0,0,0,0,1,0,0,0,0,67,0,0,0,0,0,0,0,0,0,0,0,0,26,0,0,0,0,0,0,0,0,0,0,0,0,42,0,0,11,0,0,0,0,0,0,0,0,2,0,0,4654,0,31,0,0,0,75,0,0,0,0,0,0,0,0,0,0,0,0,0,0,0,0,2,455,0,4,0,0,0,0,0,0,54,0,0,0,0,0,0,0,0,1,24,0,0,0,0,0,0,0,6,5,0,0,0,0,0,0,0,0,0,0,15,0,1,0,0,0,0,12,75,0,0,0,0,0,0,0,0,0,0,0,0,0,0,0,0,0,0,0,0,0,0,0,0,0,0,14,0,0,0,0,0,0,5,0,0,0,135,0,0,0,89,0,0,0,0,0,0,5,6,0,2,0,0,233,0,0,1,0,0,0,0,0,0,0,0,0,0,0,0,0,0,0,0,0,0,1,3,0,0,0,0,0,0,0,0,0,0,0,17,15,0,0,1016,0,0,0,0,0,1,2604,0,0,53,0,0,0,15,0,8,0,0,0,0,0,18,0,0,0,0,23,0
"513",0,0,0,0,0,0,2,0,0,0,0,0,0,0,9,0,16,0,0,0,0,45,0,0,0,2560,0,0,23,0,0,0,0,0,0,0,0,164,0,0,0,0,0,0,0,0,0,0,0,0,0,0,0,0,0,0,0,0,0,0,0,0,2,0,0,0,312,0,0,158,0,0,0,0,0,0,0,0,0,121,0,0,0,0,0,5,0,0,0,61,0,196,6,0,0,0,0,0,0,0,0,15,0,0,0,0,289,882,0,0,0,0,0,32,0,0,0,0,0,0,7,0,0,3,0,0,0,0,0,0,0,60,0,0,0,0,10,0,0,0,29,0,0,0,0,0,22,0,0,0,0,0,0,0,0,0,20,527,0,0,0,0,0,0,0,0,0,0,0,0,46,0,1,0,0,0,0,131,0,0,0,0,0,0,0,0,0,0,0,0,0,0,1,0,0,0,0,0,0,0,0,0,0,0,4,262,0,0,0,23,0,0,0,0,0,0,689,0,0,0,0,68,0,0,0,0,0,0,0,0,0,0,0,1236,0,0,0,0,0,0,0,0,0,0,8,0,0,0,0,0,0,0,0,0,40,15,6,0,0,9,0,0,0,3,0,0,0,0,0,191,0,0,158,0,0,0,0,0,0,945,0,0,249,0,0,4,0,0,0,0,0,0,0,0,154,0,4,0,0,179,0
"514",0,0,0,0,0,0,0,19,0,0,0,0,0,0,0,4,0,0,0,0,0,0,0,1,0,4,0,0,3,12,77,0,0,0,0,0,57,64,0,0,0,0,0,0,0,342,0,0,0,0,0,0,0,0,0,0,0,0,0,256,0,10,0,1,0,0,73,0,0,86,0,0,0,18,0,0,0,0,0,8,0,0,0,0,0,1,1,0,0,13,0,0,0,0,0,0,0,0,9,0,0,0,0,0,0,0,222,6099,0,0,0,0,0,78,0,0,0,0,12,0,0,0,0,1,16,0,0,0,0,0,0,175,0,0,0,0,0,0,0,0,23,0,0,0,0,0,1,16,0,1,15,0,0,35,0,0,0,0,0,55,0,0,0,346,0,0,0,0,0,0,0,0,11,0,0,0,0,9,44,4,0,0,0,0,0,0,0,0,0,0,15,128,1,0,0,0,0,0,0,0,0,0,0,0,1,6,0,0,1,0,9,0,0,0,0,0,119,0,16,0,19,0,0,0,0,0,0,0,4,0,18,0,0,73,0,0,0,0,0,0,0,0,0,0,4,1,0,0,0,0,3,0,0,0,0,12,6,0,0,23,0,0,0,2,0,0,0,0,0,0,0,0,263,0,0,0,0,0,0,1811,0,0,126,0,0,0,0,0,10,7,0,0,0,0,57,0,7,0,0,1,0
"515",0,0,0,0,0,0,4,0,0,0,4,11,0,129,9,0,0,0,0,0,6,144,0,0,4,2167,0,0,15,0,0,0,0,598,0,0,0,0,0,0,0,0,0,0,0,301,2,0,0,0,0,0,0,0,0,2,0,0,2,154,0,2,0,0,38,14,0,0,0,100,0,0,0,13,0,17,0,0,0,148,0,58,0,0,3,0,0,0,0,52,60,0,0,0,0,0,5,0,94,0,44,0,0,0,1,0,31,24,0,0,0,48,0,101,0,0,0,0,60,2,3,0,0,0,159,0,0,0,7,0,18,13,0,0,0,0,0,0,0,0,0,0,0,0,0,0,0,3,0,0,12,0,0,0,0,0,0,0,77,74,0,0,0,0,0,0,0,0,0,2,0,0,1,0,0,0,0,19,0,0,0,0,0,51,21,0,0,0,184,0,0,123,2,0,0,0,0,0,0,0,0,0,0,0,0,57,0,0,0,0,0,0,0,0,16,0,129,50,0,3,0,0,0,0,1,0,6,0,32,0,87,0,0,839,0,0,0,0,0,0,0,0,0,0,0,0,0,0,0,0,1,0,0,0,0,0,32,0,12,0,27,0,0,0,1,0,2,0,0,623,0,0,0,0,0,0,0,0,0,1920,0,0,841,0,0,0,0,0,0,27,0,0,0,0,56,0,0,0,0,0,3
"516",0,0,0,0,0,0,0,0,0,0,0,0,0,0,0,0,0,1,0,16,8,22,0,1,11,1982,0,0,0,8,161,0,0,23,0,0,14,50,0,0,0,0,0,83,0,99,0,1,0,0,0,0,0,0,11,0,0,0,0,27,0,14,0,0,0,0,146,0,0,0,20,0,0,4,0,2,0,0,0,3,0,7,138,0,0,0,0,1,0,45,0,0,0,0,0,0,0,0,0,0,0,15,0,0,0,1,0,474,0,6,0,18,0,571,0,0,0,1,18,1,0,0,0,0,8,0,276,0,0,0,25,258,0,0,0,0,6,0,0,0,0,0,0,0,0,0,0,6,0,0,5,0,0,0,0,0,0,0,0,11,0,0,0,0,0,0,0,0,0,0,0,0,1,0,0,0,0,62,419,1,0,0,0,0,3,2,0,0,0,0,0,52,0,0,12,0,0,0,0,0,0,0,0,7,0,0,0,0,0,2,0,0,0,0,0,0,0,0,1,8,0,0,0,0,0,0,0,0,202,0,91,1,0,233,0,0,0,0,0,0,0,0,0,0,1,0,7,0,0,0,0,0,0,0,27,0,0,0,0,0,0,0,0,0,0,0,0,216,0,1,0,0,45,0,0,0,0,0,3,2742,0,0,19,0,0,0,0,3,0,26,0,0,0,0,45,0,4,123,0,90,0
"517",0,1,0,0,0,0,12,0,0,0,1,0,0,0,20,0,0,1,2,0,3,41,4,0,0,1908,0,0,37,2,161,336,1,36,0,0,15,28,0,0,2,0,0,12,0,8,0,0,0,0,1,0,0,0,0,1,0,0,0,5,1,17,0,6,0,0,51,0,0,38,2,0,0,0,25,0,0,0,0,8,0,0,5,0,1,1,0,1,0,33,0,9,0,0,0,0,0,0,14,0,0,0,0,20,11,1,47,690,0,0,0,0,0,19,0,1,5,0,58,1,0,0,0,0,499,0,1321,0,5,0,32,6,0,23,0,6,6,0,0,0,1,0,0,0,0,0,16,1,1,0,10,1,0,6,1,0,0,0,10,4,0,0,0,7,0,0,0,0,0,0,0,0,1,0,0,4,0,1,135,2,0,3,3,2,1,0,0,0,0,0,0,45,1,0,9,1,0,0,0,6,0,0,0,4,1134,52,1,0,4,19,0,0,3,0,15,0,32,0,0,1,26,4,0,0,0,0,0,0,23,0,42,0,0,445,0,0,2,0,0,0,0,0,117,0,1,0,0,0,0,0,1,4,4,1,2,1,0,0,1,0,0,0,1,1,1,0,0,0,0,113,5,16,81,0,2,0,0,0,24,1326,0,0,237,0,0,0,0,0,2,75,0,0,0,2,17,0,5,0,0,285,0
"518",0,0,0,0,0,0,0,0,0,0,0,0,0,0,25,0,0,7,0,0,0,0,0,0,0,960,0,0,41,50,43,0,0,61,0,0,247,0,0,0,0,0,0,0,0,0,0,0,0,0,0,0,0,0,0,0,0,0,0,1,0,0,0,0,0,0,2,0,0,0,0,0,0,0,0,102,0,0,0,3,0,0,0,0,0,15,2,0,0,0,0,0,107,0,0,0,0,0,0,0,0,0,0,0,0,0,0,4347,0,0,0,0,0,0,0,2,0,6,2,0,0,0,0,1,1082,17,0,0,0,0,0,0,0,1,0,0,123,0,0,0,2,0,0,0,0,0,7,0,0,0,0,27,0,0,0,0,0,0,0,0,0,0,0,0,0,0,0,0,0,0,1,0,0,0,0,0,0,0,0,5,0,0,0,0,0,0,0,0,0,0,0,0,2,0,0,0,0,0,0,0,0,0,0,0,0,8,1,0,0,59,0,0,0,0,0,0,0,0,83,0,0,0,0,0,0,0,0,0,20,0,0,1,0,669,0,0,0,0,0,76,0,0,0,0,4,0,0,0,0,0,0,0,0,0,0,10,1,0,0,0,1,0,0,0,0,0,0,0,0,107,0,0,495,0,0,0,4,0,0,967,1,0,177,0,0,0,0,2,0,6,0,0,0,0,0,0,12,0,0,7,0
"519",0,0,0,0,0,0,0,0,0,0,0,0,2,0,0,11,0,0,0,0,49,42,0,0,1,4304,0,0,33,3,0,0,7,40,0,0,0,0,0,0,0,0,0,0,0,20,0,1,0,0,0,0,0,0,0,0,0,0,0,27,0,8,0,0,0,0,14,0,0,0,0,0,0,0,0,0,0,0,0,0,0,6,0,0,0,2,0,1,0,0,0,15,182,0,0,0,0,0,0,0,0,83,0,0,0,0,0,1539,4,0,0,5,0,46,1,0,1,0,147,0,0,0,0,8,490,0,0,0,0,0,8,0,0,0,0,0,766,0,0,0,48,0,0,0,0,0,14,2,0,0,0,0,1,0,0,0,0,0,0,1,0,0,0,0,0,0,0,0,2,0,0,0,1,0,0,0,0,0,0,0,0,0,0,0,0,0,0,0,0,0,0,0,0,0,0,5,0,0,0,0,0,0,0,0,0,12,0,0,0,0,0,0,0,0,0,1,0,0,75,0,0,0,0,0,0,0,0,466,12,0,0,1,0,173,0,0,0,0,0,18,0,0,1,0,2,0,1,0,0,0,189,0,0,0,0,5,8,0,0,0,17,0,0,3,0,0,1,0,0,32,0,0,431,0,0,0,0,0,0,3,0,39,237,0,10,14,3,0,2,55,84,0,0,2,0,0,14,0,0,139,0
"520",0,0,2,0,0,1,0,26,0,8,0,0,2,0,10,7,0,0,9,1,20,1,0,122,0,2092,2,0,163,8,178,0,0,2,0,0,2,59,1,0,0,13,0,60,0,13,0,1,0,0,1,0,2,2,4,1,0,0,1,4,1,0,0,7,0,0,404,0,0,108,95,1,0,11,0,0,1,0,0,2,15,3,51,1,14,1,47,0,0,27,0,8,8,0,59,9,0,0,9,0,0,0,0,0,1,4,0,2888,0,0,0,0,3,6,4,1,0,0,160,0,0,13,0,0,1,476,0,0,2,0,8,69,31,1,0,0,26,0,0,3,11,0,0,1,0,0,9,2,0,0,18,5,3,20,1,0,18,0,79,10,4,3,0,0,0,0,4,0,1,0,7,0,0,0,0,0,4,2,144,2,0,0,0,0,7,0,0,233,0,0,7,29,0,7,371,0,0,2,0,0,0,0,0,608,0,10,0,0,1,0,0,0,0,4,1,1,0,24,6,0,0,41,0,0,0,0,144,0,7,22,20,1,2,132,0,0,2,0,2,0,17,0,0,0,2,13,0,0,0,0,1,0,23,0,4,1,14,0,5,18,5,0,0,1,0,0,0,0,0,0,0,56,86,0,0,1,0,0,2,6,0,0,100,0,0,0,0,0,37,3,0,0,0,0,1,77,2,0,0,50,54
"521",0,0,0,0,0,0,20,0,0,0,0,0,1,0,1,1,0,0,0,0,41,70,0,0,0,743,0,1,2,15,0,4,0,171,0,0,0,123,0,3,0,0,0,80,0,139,0,1,0,0,0,0,0,0,61,0,0,0,0,89,0,10,0,0,0,3,0,0,0,0,0,2,1,5,0,68,0,0,0,0,0,7,0,0,0,1,0,0,0,764,115,2,0,0,0,0,5,0,0,0,0,0,0,0,0,0,0,0,6,0,1,34,0,1110,0,0,0,0,46,0,1,0,0,0,1137,0,0,0,8,1,0,0,0,0,0,0,0,0,0,0,0,0,0,0,0,0,5,0,0,1,0,31,0,0,0,0,0,0,0,0,0,0,0,0,0,1,0,0,0,3,0,11,1,0,0,0,0,118,0,0,0,0,0,0,1,0,0,0,0,1,0,214,0,0,0,0,0,0,1,0,0,0,0,1,1155,14,0,1,0,1,1,0,0,0,0,2,0,14,0,0,0,0,0,0,0,0,0,0,0,0,0,1,0,0,15,0,2,0,0,0,0,0,0,0,0,0,0,0,0,0,0,0,0,0,5,8,4,0,0,0,10,0,0,2,1,0,1,0,0,4,0,0,109,1,0,0,0,1,0,2918,0,0,261,0,12,0,0,0,0,38,0,0,0,0,144,0,0,0,0,0,0
"522",0,0,0,6,0,0,18,0,0,0,0,0,2,1,18,0,0,0,0,0,106,9,0,0,0,28,0,0,163,0,0,0,36,70,0,0,0,140,0,1,0,0,0,0,0,340,0,0,0,0,1,0,0,0,0,25,0,0,0,950,0,82,9,0,0,9,38,0,0,0,0,0,0,0,31,0,0,0,0,205,0,0,118,0,0,3,0,0,0,0,0,252,9,0,0,20,0,1,0,0,6,0,0,0,0,0,0,251,5,55,0,234,0,68,0,0,0,1,686,0,0,0,29,1,0,0,0,0,0,172,33,59,0,8,0,0,47,0,0,0,0,0,0,0,0,0,32,0,0,0,12,0,0,0,0,0,0,0,10,37,0,0,0,832,0,0,0,0,0,0,0,0,1,0,0,0,0,1,88,0,0,0,0,0,8,0,0,0,0,0,0,17,12,0,0,0,0,2,0,0,0,0,0,0,1,17,0,0,0,2,0,0,5,0,0,0,239,0,0,3,119,44,0,0,0,0,0,0,46,7,193,0,0,46,0,0,0,0,0,0,0,0,0,0,0,0,180,0,0,0,698,0,0,0,28,14,14,0,0,0,17,0,0,10,12,0,14,0,163,1357,37,0,59,0,5,0,3,0,1,0,0,0,132,0,0,0,0,0,126,13,0,0,0,1,0,5,0,0,0,41,0
"523",0,16,0,0,0,1,0,0,0,0,3,0,3,0,10,0,61,0,1,0,0,1,0,1,0,157,0,0,2,17,0,0,0,263,0,0,4,1,0,1,0,0,0,0,0,18,0,0,0,0,1,0,0,0,0,0,0,0,0,0,1,0,0,1,0,0,0,0,0,0,2,1,7,0,0,0,3,0,0,19,0,0,459,0,0,2,109,0,0,56,0,1,0,0,0,0,0,0,34,0,0,0,7,0,0,0,0,2956,0,0,0,66,0,0,0,0,0,0,41,0,0,0,0,1,109,0,0,0,0,0,0,278,0,1,0,0,6,2,0,0,1084,0,0,0,0,0,48,0,2,1,23,0,0,4,1,0,0,0,0,95,0,0,0,1,0,0,3,0,0,1,2,0,0,0,0,0,0,1,0,4,0,0,0,0,15,0,0,0,0,5,0,92,2,0,0,0,0,0,0,15,0,0,0,0,0,42,1,0,1,2,0,0,0,0,0,0,0,3,152,0,19,3,0,0,0,0,0,0,0,0,411,0,0,211,0,0,0,0,0,18,0,0,0,0,10,0,0,0,0,0,0,1,1,0,1,11,21,0,0,12,9,0,0,3,4,0,0,0,3,412,0,9,775,0,2,0,0,0,2,1345,0,0,138,0,0,0,0,1,19,74,0,0,0,0,0,0,161,0,0,1,0
"524",0,9,0,1,0,1,2,0,0,0,0,0,1,176,146,0,0,0,1,0,0,0,1,2,0,1013,0,0,210,10,2,0,0,120,0,0,80,1,0,4,1,0,0,0,0,156,0,1,0,0,2,0,0,0,0,0,0,0,0,0,1,39,0,0,0,0,13,0,4,0,0,0,0,0,31,630,0,0,0,3,0,0,0,0,0,3,0,0,0,0,0,4,45,0,0,0,0,0,0,0,0,89,0,0,7,0,0,2,0,0,1,0,0,0,0,1,0,1,49,0,5,0,0,0,950,0,0,0,0,0,0,0,0,0,0,1,273,0,0,0,1,0,0,0,0,0,0,0,0,0,5,0,1,0,0,0,0,1,0,45,6,0,0,0,0,1,1,0,0,0,2,0,916,0,0,0,0,10,67,0,0,0,0,0,6,0,0,0,0,0,0,76,4,0,10,0,0,1,0,0,0,0,0,0,0,5,0,0,0,0,0,0,0,0,0,1,10,0,8,0,0,0,0,0,1,0,0,1,0,0,0,1,0,186,0,0,1,0,0,11,0,0,0,0,0,0,0,0,0,2,0,1,15,0,1,2,2,5,0,0,1,0,0,1,3,0,0,0,15,20,1,0,1597,0,0,0,0,0,3,2359,0,0,267,0,0,1,0,0,6,85,0,0,0,5,110,0,11,0,0,32,0
"525",0,0,0,0,0,0,1,0,0,0,0,0,4,0,22,0,11,0,0,0,0,56,0,0,0,7617,0,0,45,0,0,0,0,74,0,0,0,0,0,0,3,0,0,0,0,144,0,0,0,1,0,0,0,0,0,0,0,0,0,0,0,0,0,0,0,0,0,0,0,0,0,0,0,0,0,0,0,0,0,0,0,0,0,0,0,1,851,0,0,50,0,28,92,0,0,216,0,0,0,0,0,0,0,0,0,0,0,0,0,0,0,0,0,127,0,25,0,0,101,0,0,0,102,2,2,0,0,0,0,0,0,0,0,4,0,0,344,0,0,0,2,0,0,0,0,0,12,0,0,0,1,0,0,0,0,0,0,0,0,35,0,0,0,0,0,1,0,0,0,0,0,0,1,0,0,0,0,0,0,0,0,0,0,0,0,0,0,0,0,0,0,65,5,0,0,0,0,0,0,0,0,0,0,0,0,3,1,2,1,32,0,0,0,0,0,1,0,0,0,0,0,0,0,0,0,0,0,0,0,0,0,0,0,852,0,0,0,0,0,0,0,0,0,0,0,0,0,0,0,0,0,0,0,0,0,19,1,0,0,0,25,0,0,2,1,0,0,0,0,16,0,0,398,0,1,0,0,0,0,9,0,0,395,0,0,0,0,0,0,0,0,0,0,0,33,0,5,0,0,58,0
"526",0,0,0,0,0,0,1,36,0,0,0,0,0,443,1,1,0,0,0,0,47,123,0,0,0,1831,0,0,0,0,0,0,0,35,0,0,2,36,0,0,0,0,0,0,0,0,0,5,0,0,0,0,0,0,14,0,1,0,0,242,0,9,0,1,0,50,249,0,0,0,36,0,0,11,0,0,0,0,0,166,0,0,202,0,205,0,0,0,0,7,0,3,1,0,0,0,0,0,19,0,0,0,0,0,0,0,177,178,0,0,0,0,0,0,0,0,0,1,172,1,0,0,0,1,50,0,0,0,0,19,0,265,0,0,0,0,4,0,0,0,4,0,0,0,0,0,0,0,0,0,28,0,0,2,1,0,0,0,0,20,0,0,0,2442,0,0,0,0,0,0,5,0,0,0,0,0,0,46,0,0,0,0,0,0,15,0,0,0,0,0,0,48,0,0,0,0,0,2,0,0,0,0,0,0,0,24,0,0,0,0,0,0,0,0,0,0,56,44,0,0,0,0,0,0,0,0,0,0,0,9,110,1,0,113,0,0,20,0,0,0,0,0,0,0,0,0,0,0,0,0,181,1,12,0,4,0,2,0,4,3,0,0,0,2,0,0,0,0,8,1,0,0,32,118,0,0,0,1,1,1790,0,0,174,0,0,0,0,0,31,0,0,0,0,0,1,2,2,0,0,0,0
"527",0,0,0,0,0,0,0,0,0,0,0,0,0,97,0,0,0,0,0,0,0,0,0,5,0,3988,0,0,0,0,710,0,0,0,0,0,960,888,0,0,0,0,0,0,0,439,0,0,0,0,0,0,0,0,0,0,0,0,0,191,0,0,0,0,0,0,26,0,1,0,0,0,0,0,0,0,0,0,0,0,0,0,138,0,0,0,0,0,0,0,0,9,0,0,0,0,0,0,0,0,0,0,0,0,0,0,0,361,0,0,0,0,0,58,0,0,0,0,211,0,6,16,0,1,0,0,0,0,0,0,0,0,0,0,0,0,0,0,0,0,0,0,0,0,0,0,0,0,0,11,59,0,1,0,0,0,0,0,0,0,2,0,0,0,0,0,0,0,0,0,0,0,0,0,0,0,0,0,76,0,0,0,0,0,0,0,0,0,0,5,0,140,0,0,0,0,1,0,0,0,0,0,0,0,0,0,0,0,2,0,0,0,0,0,0,0,0,0,0,0,367,0,0,0,0,0,0,0,0,0,0,0,0,0,16,0,0,0,0,0,0,0,0,0,0,0,0,0,0,0,0,0,0,0,0,0,0,0,0,0,0,0,0,0,324,0,0,0,0,0,16,0,0,0,0,0,0,0,0,366,1,0,0,0,0,0,0,0,66,0,0,0,0,0,0,0,0,0,0,445,0
"528",0,1,0,0,0,1,1,0,0,0,0,0,0,44,0,0,0,0,0,0,55,0,0,1,0,157,0,0,0,0,221,0,0,251,0,0,3,44,2,0,0,1,0,168,0,684,0,6,0,0,2,0,0,0,10,0,0,0,0,12,0,0,0,1,0,0,20,0,1,0,0,0,0,25,3,0,0,0,0,82,0,0,228,0,0,1,0,25,0,0,0,0,0,0,0,0,0,0,0,0,0,0,0,0,0,5,265,103,0,459,0,0,0,1110,0,0,0,0,158,0,0,0,0,1,22,0,0,0,0,27,90,191,0,0,0,0,0,0,0,0,6,0,0,0,0,0,4,0,0,0,0,114,0,0,0,0,0,0,0,214,0,0,0,875,0,0,0,0,0,0,2,0,1,0,0,0,0,40,0,4,0,0,0,0,38,0,0,0,0,0,0,15,1,0,0,0,0,0,0,699,0,0,0,0,0,0,2,0,0,1,15,0,0,0,0,0,0,44,0,0,0,31,0,0,0,0,0,0,645,10,0,1,0,16,0,0,1,0,0,19,0,0,0,0,1,0,0,0,0,2,405,0,12,0,10,0,4,0,0,0,0,0,0,4,1,0,0,0,0,0,0,0,73,1,0,0,0,3,0,1508,0,0,323,0,0,0,0,0,12,13,0,0,1,0,0,0,13,0,0,14,0
"529",0,0,0,0,0,0,5,40,0,0,0,0,0,772,483,0,0,0,0,0,0,0,0,3,0,2112,0,0,0,0,0,0,0,239,0,0,0,0,0,0,0,0,0,5,0,0,0,0,0,0,0,0,0,0,0,0,0,0,0,386,0,13,0,8,0,0,55,0,0,84,0,5,1,8,0,0,0,0,0,15,0,1,0,0,20,0,0,0,0,0,0,0,0,0,0,0,0,0,11,0,0,0,0,0,1,0,2,3,0,14,0,0,0,0,0,0,0,1,99,1,0,0,0,1,0,0,0,0,0,0,0,15,0,0,0,0,190,0,0,0,0,0,0,0,0,0,11,0,0,0,0,0,0,0,0,0,0,1,214,26,0,0,0,0,0,0,0,0,0,0,0,0,1,0,0,0,0,0,292,0,0,0,0,0,0,0,0,0,0,0,0,84,0,8,0,0,0,0,0,0,0,0,2173,0,0,181,0,0,0,0,0,0,0,0,0,1,60,1,0,3,0,12,0,0,0,0,0,0,34,0,16,0,0,647,0,0,0,0,0,118,0,0,0,0,0,0,0,0,0,0,1,0,0,0,0,258,0,0,0,0,0,0,0,19,0,0,0,0,13,549,0,0,196,0,0,0,0,0,4,16,0,0,336,0,0,0,0,0,0,0,0,0,0,0,25,0,110,0,0,0,0
"530",0,0,0,0,0,0,0,0,0,0,1,0,0,0,0,0,0,0,1,0,0,0,0,1,0,313,0,0,0,19,1,0,0,0,0,0,11,0,0,0,0,0,0,13,0,10,0,0,0,0,0,0,0,6,0,0,0,0,0,1,0,0,0,0,0,0,0,0,0,0,3,0,0,1,0,0,0,0,2,15,0,0,156,0,0,0,0,0,0,17,0,3,6,0,0,0,0,0,0,0,0,0,0,0,0,0,0,2695,0,0,0,0,0,0,0,1,0,0,102,0,0,0,0,17,122,0,0,0,1,0,0,64,0,0,0,1,0,0,0,0,67,0,0,0,0,0,0,0,1,0,7,14,0,0,0,0,0,0,0,11,0,8,0,3252,0,0,0,0,0,0,0,0,0,0,0,0,2,1,20,0,0,0,9,4,3,0,0,0,0,0,1,17,0,0,0,0,0,0,0,0,0,8,0,2,0,0,0,0,0,0,2,87,0,0,3,0,0,6,2,0,96,44,0,0,0,0,0,0,19,0,10,0,0,223,18,0,12,0,0,0,1,0,0,0,3,105,0,0,0,0,0,0,2,0,3,9,0,0,7,0,0,0,0,0,3,0,0,0,0,0,0,123,1023,0,0,0,0,0,2,1189,0,0,0,0,0,0,0,0,2,0,0,0,0,0,0,0,0,0,0,0,0
"531",0,7,0,0,6,0,0,0,0,1,1,1,0,0,23,0,0,2,0,0,6,0,0,1,0,3750,0,0,8,145,422,0,0,1,2,0,18,0,0,0,0,0,0,0,0,42,0,3,5,0,1,0,0,0,10,0,0,0,0,54,0,0,2,0,20,0,143,0,0,0,1,0,1,5,0,0,0,0,0,6,0,8,0,0,2,0,237,0,0,11,0,5,2,0,37,0,0,0,0,0,0,0,0,20,1,1,0,1539,0,0,0,0,0,264,0,1,0,4,147,0,0,5,0,1,77,10,0,0,4,0,1,206,0,1,0,0,0,0,0,0,110,4,0,0,0,0,8,1,0,14,9,4,0,29,1,0,0,0,0,0,0,0,0,0,0,0,0,0,1,0,16,0,0,1,0,0,1,0,0,2,42,0,0,0,8,0,0,13,2,0,0,94,1,0,0,0,0,0,5,0,0,0,0,1,0,32,0,0,1,3,0,0,0,5,1,0,82,2,459,0,0,0,2,0,0,0,0,0,38,0,83,0,1,13,0,0,0,19,0,2,1,0,0,7,0,2,0,0,1,0,0,1,5,0,1,6,32,2,4,0,8,0,0,2,0,0,0,0,0,0,0,56,0,0,1,0,0,4,3,858,0,0,2,0,0,0,0,0,0,18,0,0,7,0,34,1,1,10,0,17,9
"532",4,7,0,0,0,1,0,0,0,0,8,0,0,0,2,0,0,0,0,0,0,21,0,6,0,2451,0,0,36,2,3,0,0,133,0,0,40,0,0,0,0,0,0,0,0,1162,0,0,0,0,0,0,0,2,0,0,0,0,0,14,0,0,0,1,0,0,20,0,0,38,50,0,0,0,0,0,2,0,0,69,0,0,6,0,0,4,109,0,0,152,0,5,0,0,0,0,0,0,63,0,18,0,6,0,0,1,0,0,0,51,0,0,0,0,3,1,0,0,46,0,0,0,0,0,0,70,44,0,0,0,0,95,0,2,0,0,0,0,0,3,1,0,0,0,0,0,2,0,0,0,18,0,0,3,5,0,0,0,0,0,7,0,0,0,0,0,0,0,0,0,5,0,0,0,0,0,0,84,138,0,0,0,0,0,76,0,0,0,0,0,1,395,32,1,0,0,0,0,0,0,0,0,0,18,0,26,0,0,0,16,0,0,0,2,26,12,0,171,1,0,10,0,0,0,0,0,0,0,58,9,0,0,0,2133,0,0,6,0,0,18,0,0,0,0,2,1,0,0,0,0,0,0,26,0,30,160,1,0,0,220,2,0,0,6,0,0,0,0,0,1,0,64,13,0,0,0,0,0,0,708,4,0,682,14,0,0,0,0,0,44,0,0,0,0,0,12,32,0,0,120,0
"533",0,0,0,0,0,0,1,0,0,0,12,0,0,0,10,0,0,0,0,0,22,17,0,63,0,2,0,0,12,92,47,0,0,0,0,0,1,64,0,0,1,0,0,8,0,1227,0,0,0,0,0,0,0,0,0,0,0,0,0,149,0,3,0,0,0,0,143,0,14,0,26,0,0,33,0,549,0,0,0,198,0,0,0,0,0,0,0,0,0,0,0,7,1,0,0,0,0,0,25,0,0,0,0,1,0,0,0,587,0,32,0,0,0,16,0,0,0,0,220,0,0,0,0,1,27,0,0,12,0,0,0,0,2,0,0,0,0,0,0,0,0,0,0,0,0,0,0,0,0,1,0,0,0,0,1,0,0,0,5,0,0,0,0,0,0,0,0,0,0,0,0,0,5035,0,0,0,10,0,55,0,0,0,0,0,0,7,0,0,0,0,0,30,0,0,9,1,0,0,0,0,0,0,0,2,162,0,0,0,0,21,23,0,0,0,4,0,207,0,287,0,0,64,0,0,0,0,19,0,0,20,216,1,0,157,0,0,0,0,0,0,0,0,0,0,0,0,0,0,0,0,0,0,0,0,63,0,0,0,0,0,0,0,0,0,13,0,0,0,5,0,0,0,0,0,0,0,0,0,10,6,0,1,121,0,0,0,0,5,2,30,0,0,0,0,24,0,3,0,0,205,0
"534",0,0,0,0,0,0,0,0,0,0,0,0,0,0,369,0,0,0,0,0,0,0,0,3,0,4946,0,0,25,18,0,0,0,21,0,0,0,11,0,0,0,0,0,0,0,0,0,0,4,0,0,0,0,0,0,0,0,0,0,0,0,0,0,0,0,0,168,0,2,67,0,0,0,0,0,0,0,0,0,133,0,0,0,0,0,1,166,0,0,0,0,13,2,0,0,0,0,0,0,0,0,54,0,0,0,0,0,1034,0,0,0,0,0,0,0,0,0,1,35,3,0,0,0,1,0,0,0,0,0,0,0,0,0,0,0,1,273,0,0,0,392,0,0,0,0,0,1,0,0,0,42,0,0,8,0,0,0,0,0,0,1,0,0,0,0,0,0,0,0,0,0,0,1,0,0,0,0,0,0,0,0,0,0,0,0,0,0,0,0,0,0,0,0,0,0,0,0,0,0,0,0,0,0,0,0,103,0,0,30,0,0,0,0,0,0,1,0,0,136,0,0,0,0,0,0,0,0,0,0,0,0,0,0,335,0,0,0,0,0,2,0,0,0,0,3,24,0,0,0,0,0,0,0,0,0,8,0,0,0,0,0,0,0,4,0,0,0,0,2,28,0,0,15,0,0,0,0,0,0,1713,0,0,109,0,0,0,0,0,0,0,0,0,0,0,0,0,109,0,0,0,0
"535",41,0,0,0,0,0,0,0,0,0,0,0,0,0,0,0,0,0,0,0,6,0,0,0,0,1070,0,0,742,153,605,0,0,0,0,0,263,0,0,0,0,0,0,0,0,734,0,0,0,0,0,0,0,0,0,0,0,0,0,0,0,0,0,0,0,0,36,0,1,0,0,0,0,5,0,0,0,0,0,0,0,0,79,0,0,0,1194,0,0,23,0,111,209,0,37,24,0,0,0,0,0,54,0,0,0,0,0,3045,0,0,0,0,1,29,0,25,0,0,255,4,0,0,0,1,256,0,0,0,0,0,0,0,0,0,0,1,13,0,0,0,4,0,0,0,0,0,0,0,0,1,13,0,0,0,1,0,0,0,0,11,0,0,0,0,0,0,0,4,0,0,0,0,0,12,0,0,0,0,0,0,0,0,0,0,0,23,1,53,0,0,0,0,0,0,0,0,6,0,0,0,0,0,0,1,166,0,0,2,2,0,0,0,0,0,12,0,0,0,65,0,0,0,0,0,0,7,0,1,52,0,0,0,0,13,0,0,0,0,0,0,0,0,0,0,2,1,0,0,0,0,0,0,0,0,0,0,0,0,0,7,0,0,0,1,0,0,0,0,0,17,0,0,0,1,0,0,0,0,0,132,0,0,267,0,0,0,0,0,0,0,0,0,0,0,1,0,7,0,0,100,0
"536",3,0,0,0,0,0,1,0,0,0,0,0,1,0,45,0,0,0,0,0,0,1,0,22,0,0,0,0,150,33,0,0,0,16,0,0,0,1,0,1,0,0,0,0,0,1,0,0,0,0,4,0,0,0,0,0,3,0,0,3,0,0,0,0,0,0,0,0,2,0,0,0,0,0,0,0,0,0,0,1,0,1,32,0,0,11,0,0,2,0,0,263,2029,0,0,0,0,0,0,0,0,0,0,0,0,0,0,413,0,0,0,0,0,2,0,0,0,0,1,0,0,0,1,0,3,0,0,0,0,0,0,0,0,3,0,0,143,0,0,0,309,0,0,0,0,0,2,0,0,0,0,0,0,0,0,0,0,0,0,0,0,0,0,0,0,0,0,0,0,0,4,0,15,0,0,0,0,0,1,0,0,0,0,0,0,0,0,0,0,0,0,3,3,0,0,0,0,0,0,0,0,0,0,0,0,101,0,0,3,49,0,0,0,0,0,1,177,0,51,0,67,0,0,0,0,0,0,0,0,1,0,0,0,0,0,0,2,0,0,0,0,0,0,0,0,0,0,0,0,0,0,0,0,0,0,0,4,0,0,0,1,0,0,1,1,0,0,0,0,5934,0,0,37,0,0,0,2,1,0,0,0,17,1,2,0,0,0,1,0,0,0,0,0,0,0,0,17,0,0,5,0
"537",0,0,0,0,0,0,0,0,0,1,0,0,0,772,82,0,0,0,0,0,0,0,0,0,0,0,0,4,0,6,595,2,0,38,0,0,0,3,0,0,0,0,0,0,0,132,0,3,0,0,0,10,0,0,25,0,0,0,5,118,0,0,0,0,0,0,8,0,0,0,18,0,0,0,0,0,0,0,0,133,0,0,0,0,0,1,0,0,0,94,0,7,0,0,0,0,0,0,95,0,0,107,0,0,0,0,0,64,0,0,0,0,0,131,0,0,0,0,5,0,0,0,0,1,74,0,0,0,0,0,80,0,0,0,0,0,948,0,0,0,0,0,0,0,0,0,68,0,0,7,26,8,54,0,0,0,0,0,0,81,0,0,0,0,0,0,0,0,1,0,1,37,0,0,0,0,0,0,79,0,3,0,0,0,0,0,0,0,0,0,0,82,0,1,0,0,0,0,0,0,0,0,0,94,0,32,0,0,0,0,6,46,3,0,0,0,66,145,0,0,0,4,0,0,0,0,0,0,64,0,0,0,0,333,0,0,4,0,0,0,0,0,272,18,0,24,0,0,0,0,0,0,0,0,0,6,43,0,0,0,0,0,0,4,0,0,0,0,13,66,11,0,368,0,0,0,0,0,0,3279,0,0,46,0,0,0,0,0,0,23,108,0,0,0,0,0,18,145,5,0,0
"538",0,23,0,0,7,0,2,16,0,0,0,0,0,300,17,0,0,1,0,0,23,51,0,0,0,1746,1,0,1,9,96,1,0,11,0,0,0,29,0,0,0,0,0,9,0,40,0,1,0,0,6,0,1,0,13,0,0,0,0,260,0,1,0,0,0,7,12,0,0,82,74,0,0,0,3,0,0,2,0,43,0,18,3,0,33,2,0,0,0,25,432,1,0,0,0,0,0,0,25,0,0,0,0,0,3,0,255,314,0,23,0,1,7,245,0,0,0,0,87,1,1,0,2,0,4,0,48,0,3,1,8,43,0,0,0,0,9,3,2,0,0,0,0,0,0,0,0,0,1,1,0,0,0,0,0,0,0,0,0,15,0,4,0,436,0,0,1,0,0,3,4,0,0,1,0,0,0,9,22,1,0,0,3,15,0,0,11,0,5,0,20,23,0,0,0,0,11,0,0,741,0,0,0,321,0,4,0,0,2,0,8,89,0,0,1,0,70,19,0,0,0,0,13,0,0,53,0,0,33,1,146,0,0,47,0,0,1,0,0,2,0,0,51,0,1,0,0,0,0,0,0,5,0,1,10,4,15,0,5,2,13,0,0,2,1,0,20,47,0,11,2,0,454,3,0,0,0,0,1,2255,0,300,37,0,7,0,0,0,33,7,33,0,0,2,0,0,27,0,0,37,0
"539",15,0,0,0,0,0,0,0,0,0,0,0,7,0,13,0,0,0,0,0,0,0,0,20,0,2583,0,0,51,2,97,0,0,171,0,0,8,0,1,0,0,0,0,0,0,0,0,0,0,0,1,0,0,0,0,0,6,0,0,0,0,0,0,0,0,0,0,0,0,0,85,0,0,0,0,0,0,0,0,29,0,0,46,0,0,1,0,1,0,0,0,41,11,0,0,3,0,0,0,0,0,20,0,0,0,0,0,373,0,0,0,0,0,906,0,0,0,66,67,0,0,0,0,0,90,0,0,0,0,0,7,123,0,1,0,0,9,0,0,0,3,0,0,0,0,0,0,0,0,0,0,0,44,0,0,0,0,0,0,0,0,0,0,0,0,0,0,0,0,0,3,0,13,18,0,0,0,132,0,0,0,0,0,0,0,0,0,0,0,0,0,54,0,0,0,0,0,0,0,0,0,0,0,0,0,1,0,0,2,17,0,0,0,0,0,0,199,0,1,0,0,0,0,0,0,0,0,0,317,0,0,0,0,437,0,0,0,0,0,1,0,0,0,0,0,0,0,0,0,0,0,0,0,0,0,1,1,0,0,0,0,0,0,4,13,0,0,0,0,1,0,0,148,1,0,0,0,0,0,3610,0,0,87,0,0,0,0,0,0,0,0,0,0,0,0,0,8,0,0,34,0
"540",0,0,0,0,0,0,4,18,0,0,0,0,0,169,0,0,0,0,0,0,1,0,0,0,0,215,2,0,7,67,396,0,0,0,0,0,0,37,1,0,1,0,0,0,0,0,0,0,0,0,0,0,0,0,90,0,0,0,0,278,0,0,1,0,0,0,0,0,0,0,8,0,0,0,0,745,0,0,0,0,0,1,0,0,0,0,0,0,0,0,0,77,13,0,0,0,0,0,0,0,0,0,0,0,0,0,0,3540,0,0,0,0,0,0,0,46,0,1,84,0,0,0,0,1,0,0,0,0,0,0,0,0,0,0,0,0,0,0,0,0,4,0,0,0,0,0,0,0,0,0,0,1,0,6,1,0,0,0,0,0,0,0,0,0,0,0,0,0,0,0,2,0,0,0,0,0,1,0,0,2,0,0,0,0,0,0,0,0,0,0,0,0,0,0,0,0,0,0,0,0,0,0,0,0,0,56,0,0,0,1,0,0,0,0,0,0,104,17,333,0,0,0,0,0,12,0,0,0,0,2,0,1,0,0,0,0,0,0,0,0,0,0,0,0,0,0,0,0,1,0,0,0,0,0,0,0,0,0,0,0,0,0,0,3,0,0,0,0,0,5,0,22,21,552,0,0,83,0,0,2650,0,14,0,0,0,0,0,0,0,0,0,0,0,0,0,0,14,0,0,0,0
"541",0,0,0,0,0,0,0,0,0,0,0,0,0,0,14,0,0,0,0,0,0,2,0,0,0,1703,0,0,0,36,0,0,0,78,0,0,0,0,0,0,0,0,0,0,0,0,0,0,0,0,0,0,0,0,0,0,0,0,0,1,0,0,0,0,0,0,0,0,0,0,0,0,0,0,0,0,0,0,0,0,0,0,0,0,0,3,0,0,0,0,0,0,0,0,0,0,0,0,113,0,0,1,0,0,0,0,0,3540,0,0,0,0,0,36,0,0,0,0,15,0,0,0,0,1,0,0,0,0,0,0,0,0,0,0,0,0,27,0,0,0,14,0,0,0,0,0,0,0,0,0,0,0,3,8,0,0,0,0,0,0,0,0,0,0,0,0,0,0,0,0,5,0,4,0,0,0,0,0,0,0,0,0,0,0,0,0,0,0,0,28,0,0,0,0,0,0,0,0,0,0,0,0,0,0,0,6,0,0,0,0,0,0,0,0,2,0,0,0,28,0,0,0,0,0,0,0,0,0,208,0,0,0,0,725,0,0,2,0,0,0,0,0,0,0,0,0,20,0,0,0,0,0,0,0,17,10,1,0,0,13,0,0,0,3,0,0,4,0,0,15,0,0,1536,0,0,0,0,0,0,2730,0,14,0,0,0,1,0,0,0,0,0,0,0,0,0,0,9,0,0,5,0
"542",0,0,0,0,0,0,0,0,0,0,0,0,0,0,253,0,0,0,0,0,83,43,0,6,0,13,0,0,8,3,421,622,0,53,0,0,9,0,0,0,0,0,230,0,0,326,0,0,0,0,0,0,0,1,0,0,0,0,0,9,0,0,0,0,0,0,31,0,0,48,15,0,0,0,0,0,0,0,0,51,0,0,8,0,0,2,22,0,0,62,0,51,64,0,0,6,0,8,88,0,0,0,0,0,26,0,0,257,0,0,0,0,1,44,0,0,0,0,24,8,0,0,4,2,280,0,107,0,0,0,0,0,0,0,0,0,20,0,0,0,12,0,0,0,0,0,3,0,0,0,19,0,3,0,1,0,0,0,13,245,0,0,0,0,0,0,0,7,0,0,6,0,0,0,0,0,0,228,150,0,0,0,0,3,0,0,0,0,0,0,0,54,0,0,0,0,0,0,0,0,0,0,0,0,0,7,0,0,3,0,0,0,0,0,0,0,66,0,0,0,22,31,0,0,0,1,0,13,20,0,391,0,0,1651,0,0,0,0,0,0,0,0,0,0,1,1,0,0,0,0,0,0,0,0,0,8,7,0,0,77,0,0,0,2,0,0,29,0,0,57,0,65,573,0,4,0,0,0,0,2463,0,0,137,0,0,0,0,0,0,0,0,0,0,0,138,0,13,0,0,166,0
"543",0,0,0,0,0,0,0,0,0,0,0,0,0,0,11,0,0,0,0,1,0,1,0,13,0,5613,0,0,43,153,0,0,0,36,0,0,197,0,0,0,1,0,0,0,0,4,0,0,0,0,0,0,0,0,0,0,0,8,0,1,0,0,0,0,0,0,12,1,33,0,0,0,0,0,0,0,0,0,0,0,0,0,0,0,0,4,0,0,0,2,20,9,269,0,0,37,0,0,0,0,0,0,0,0,0,0,0,840,0,0,0,0,0,24,0,0,0,0,0,0,0,0,1,1,246,11,0,0,0,0,0,0,2,1,0,70,74,0,0,0,501,0,0,0,0,0,0,0,0,22,0,2,0,0,0,0,0,0,0,0,0,0,0,12,0,0,0,7,0,0,0,0,0,0,0,0,0,0,0,0,0,0,0,0,0,2,0,0,0,0,0,0,9,0,0,0,0,0,0,0,0,0,0,0,2,14,0,0,6,3,132,0,0,0,3,0,35,0,30,0,0,0,0,0,0,0,0,0,0,0,0,0,0,1011,0,0,0,0,1,0,0,0,0,0,0,0,0,0,4,0,5,0,0,0,0,0,1,0,0,0,0,0,0,1,0,0,0,0,0,41,0,0,807,0,0,0,0,0,0,0,0,0,20,0,0,12,0,0,2,0,0,0,0,0,40,0,3,0,0,54,0
"544",0,1,0,0,0,1,12,0,0,0,0,0,0,6,0,0,0,0,0,0,1,48,0,6,0,3914,0,0,10,0,0,0,0,1,0,0,112,11,11,0,0,0,0,17,0,60,0,0,0,0,1,0,0,0,0,0,0,0,0,10,0,0,0,0,0,0,28,0,2,0,29,0,25,63,0,0,0,0,0,36,0,0,80,0,55,0,0,0,0,100,0,1,1,0,0,0,0,0,25,0,0,0,0,0,2,4,0,667,0,55,0,0,0,16,1,0,0,91,40,0,0,0,0,1,193,0,0,0,0,0,0,4,0,0,0,0,119,0,0,0,29,0,0,0,0,0,0,14,0,0,5,1,0,47,151,0,0,0,112,9,0,0,0,0,0,1,0,0,0,146,0,0,0,0,0,0,8,2,44,0,0,0,0,0,0,0,0,0,0,0,0,66,1,25,0,0,0,4,0,0,0,0,0,0,0,0,0,0,0,0,0,0,0,0,44,0,108,19,0,10,0,0,120,0,0,0,3,0,31,0,10,1,0,279,0,0,0,0,0,0,0,0,0,0,0,2,0,0,0,0,74,0,0,0,28,0,0,0,13,0,0,0,5,0,1,0,0,0,40,0,0,0,71,0,0,0,0,0,0,2359,1,0,14,0,0,0,0,0,4,0,0,0,1,0,3,0,52,0,0,0,0
"545",0,0,0,0,0,0,14,0,0,1,0,0,0,0,28,0,0,0,1,0,0,46,1,0,0,1249,0,0,10,0,0,0,0,26,0,0,0,0,0,0,0,0,0,0,0,0,0,0,0,0,1,0,0,1,0,0,0,0,0,515,0,53,0,1,0,25,45,0,0,100,0,1,0,6,761,0,0,0,2,126,0,0,44,0,0,1,0,0,0,0,0,47,0,0,0,0,0,0,0,0,0,0,0,0,0,0,0,3,0,0,0,0,0,10,0,0,0,0,72,0,0,0,0,1,24,0,0,0,0,0,0,0,0,2,0,0,0,0,0,0,1,0,0,0,0,0,6,0,1,0,2,0,0,1,1,0,0,0,0,23,0,0,0,222,0,0,0,0,0,0,0,0,1493,0,0,0,0,12,0,0,0,0,2,5,19,0,0,0,0,0,4,0,0,0,0,0,0,0,0,814,0,0,0,39,0,130,0,0,0,0,67,0,16,0,0,0,28,0,0,0,0,3,0,0,0,0,0,0,12,0,151,0,0,437,0,0,8,0,1,24,0,0,0,0,2,0,0,0,0,0,0,0,0,1,3,89,30,0,0,0,3,0,0,1,0,0,0,0,53,1781,0,0,0,0,0,0,0,0,0,0,0,1,0,0,0,12,0,0,0,0,0,0,0,0,1,0,2,0,0,168,0
"546",0,0,0,0,0,0,0,19,0,1,0,0,0,311,0,0,0,0,0,0,50,1,0,0,0,1063,0,0,43,0,21,0,0,50,0,0,2,137,0,0,0,0,0,14,1,72,0,1,0,0,0,0,0,0,0,0,0,0,0,0,0,14,0,0,1,0,51,0,0,0,11,0,0,13,0,0,0,0,0,0,0,0,0,0,56,0,244,0,0,58,0,0,8,0,21,0,0,0,52,0,0,0,0,0,0,0,0,1787,0,0,0,0,0,15,2,0,0,0,75,0,0,0,0,1,24,0,0,0,0,0,0,247,0,4,0,0,2,0,0,0,1135,0,0,0,0,0,14,0,0,0,24,9,0,25,0,0,0,0,0,86,0,0,0,0,0,0,0,0,0,0,0,0,0,0,0,0,0,38,9,0,0,0,48,0,0,0,0,0,0,0,0,2,6,0,0,0,0,0,0,0,0,0,0,0,0,0,0,0,0,0,0,0,0,0,2,0,0,0,155,0,111,0,0,0,0,3,0,0,7,0,152,0,0,728,0,0,0,0,0,0,1,0,0,0,0,0,0,99,0,0,429,1,7,0,6,0,8,0,0,2,0,0,0,18,0,0,0,0,0,180,0,7,143,0,0,0,0,0,3,1952,0,0,77,0,0,0,0,0,0,5,0,0,0,0,29,0,0,0,0,11,0
"547",19,3,0,0,0,0,0,0,0,0,0,0,0,0,303,0,0,0,0,0,16,10,0,19,0,787,0,0,103,0,488,0,0,29,0,0,142,6,0,0,0,0,0,13,0,1,0,0,0,0,2,0,0,0,0,0,0,0,0,0,1,13,0,0,0,0,26,0,1,31,5,0,0,0,0,0,0,0,0,1,0,0,17,0,16,5,0,0,0,34,0,4,1779,0,0,0,0,0,0,0,0,23,0,0,1,0,0,458,0,0,0,0,1,63,0,0,0,0,12,0,0,0,0,0,1397,0,0,0,0,0,34,37,0,0,0,0,411,0,0,0,6,0,0,0,0,0,1,3,0,0,10,0,1,1,0,0,17,0,0,13,0,0,0,0,0,0,0,0,0,0,0,0,1,0,0,0,0,9,0,1,0,0,0,0,0,4,0,0,0,0,0,42,4,1,0,0,0,1,0,0,0,0,0,0,0,4,0,0,1,15,0,0,0,0,4,1,18,14,17,0,119,0,0,0,0,0,0,0,61,0,84,0,0,394,0,0,0,0,0,50,0,0,57,0,94,13,0,0,0,0,0,0,0,0,16,61,0,0,0,0,2,0,0,1,0,1,0,0,5,46,1,0,1763,0,0,0,0,0,26,258,0,0,152,0,0,0,0,0,0,0,0,0,0,0,193,0,18,0,0,94,0
"548",0,0,0,0,0,0,0,9,0,0,0,1,2,0,0,0,0,0,0,0,0,18,0,0,0,630,0,0,7,4,25,0,0,0,0,0,11,0,0,0,1,0,42,0,0,0,0,0,0,0,0,0,0,0,0,0,0,0,0,1,0,0,0,0,0,0,2,0,0,0,12,0,0,0,0,0,0,0,0,0,0,0,4,0,0,5,1,0,0,0,0,22,3178,0,0,0,0,0,0,0,0,16,0,0,0,0,0,0,0,0,0,0,0,0,0,0,0,0,16,0,0,0,0,1,282,0,0,0,0,0,0,0,0,0,0,0,12,0,0,0,9,0,0,0,0,0,0,0,0,0,0,0,0,3,0,0,0,0,0,5,0,0,0,0,0,0,0,0,0,0,1,0,0,0,0,0,0,0,10,0,0,0,0,0,0,0,0,0,0,0,15,0,1,0,0,0,0,0,0,0,0,0,0,0,0,1,0,0,6,8,2,0,0,0,0,0,31,0,0,0,0,0,0,0,0,0,0,0,0,0,0,0,0,0,0,0,0,0,3,4,0,0,0,0,3,0,0,0,0,0,0,0,0,0,0,10,4,0,0,0,0,0,0,1,114,0,0,0,0,2688,0,0,552,0,0,0,2,0,0,0,0,0,99,0,0,1,0,5,0,0,0,0,0,0,176,0,1,0,0,0,0
"549",0,0,0,1,0,0,1,0,0,0,0,0,0,0,753,0,0,0,0,0,0,0,1,3,0,2965,0,0,16,0,0,0,0,0,0,0,12,0,0,0,0,0,0,0,0,247,0,0,0,0,3,0,0,0,0,0,1,0,0,1,0,0,0,4,0,0,153,0,0,0,0,0,0,0,22,0,0,0,0,0,0,2,19,0,0,16,1,0,0,0,0,141,269,0,0,20,0,1,0,0,0,0,0,0,1,0,3,632,0,0,0,0,0,26,0,1,35,0,74,0,0,0,51,1,193,0,0,0,2,0,0,0,0,7,0,0,229,0,0,0,844,0,0,0,0,0,0,0,0,0,0,0,0,6,1,0,0,0,0,0,0,0,0,0,0,0,0,0,0,8,0,0,852,0,0,0,0,0,372,0,0,0,0,0,0,0,0,0,0,0,0,33,0,0,0,0,0,0,0,0,0,0,0,0,0,3,0,0,0,3,0,0,0,0,0,0,0,0,662,0,0,4,0,0,0,0,0,0,0,0,0,0,0,126,0,0,0,0,0,0,0,0,0,0,2,0,0,0,0,0,0,0,0,0,2,6,0,0,0,0,0,0,0,0,0,0,0,0,0,80,0,0,119,0,3,0,0,0,5,660,0,0,0,0,0,0,0,0,0,0,0,0,0,0,0,0,3,0,0,76,0
"550",0,0,0,0,0,0,21,136,0,0,0,0,0,1,1,0,0,0,0,0,60,75,0,8,0,675,0,0,33,0,0,0,0,63,0,0,0,174,0,0,0,0,1,124,0,90,0,0,0,0,0,0,0,0,0,0,0,0,0,0,0,0,1,0,42,0,268,0,0,0,0,0,0,0,0,0,0,0,0,0,0,0,503,0,0,1,0,0,0,22,871,6,0,0,0,0,0,0,37,0,0,0,0,0,0,0,267,258,0,0,0,0,0,183,0,0,0,0,68,0,0,0,0,1,9,0,0,0,0,0,9,414,0,0,0,0,24,0,0,0,11,0,0,0,0,0,0,0,0,8,0,0,0,0,1,0,0,0,0,184,0,0,0,1371,0,0,0,0,0,1,0,0,0,0,0,0,0,0,1086,0,0,0,0,0,0,0,11,8,0,0,0,94,0,0,0,1,0,0,0,0,7,0,0,0,4,0,0,0,2,6,0,0,186,0,0,0,0,0,162,0,0,0,0,0,0,0,76,0,35,0,193,0,1,484,0,0,0,0,0,0,0,0,1,0,0,0,20,0,0,0,0,108,0,1,0,0,0,0,0,0,0,0,0,0,0,0,0,6,0,5,0,0,485,0,2,0,0,0,35,430,0,1,361,0,0,0,0,0,0,0,0,21,0,0,14,0,33,21,0,79,0
"551",0,0,0,0,4,0,1,0,0,0,0,0,0,0,14,0,0,1,0,0,0,54,0,0,0,2761,0,0,2,0,0,0,0,52,0,0,3,5,1,0,0,0,0,0,0,47,0,0,0,0,0,0,0,0,0,0,0,1,0,125,0,0,1,0,0,0,279,0,0,84,0,0,0,0,0,0,0,0,0,40,0,2,0,0,1,0,67,0,0,23,4,6,0,0,7,59,0,0,18,0,0,0,0,0,1,0,0,474,0,36,0,0,0,22,0,1,0,0,315,0,0,1,0,2,200,0,0,8,5,0,0,30,0,1,0,0,6,2,0,0,18,0,0,0,0,0,16,0,0,1,14,0,0,0,1,0,0,0,7,2,0,0,0,18,0,1,0,0,0,0,4,10,0,1,0,0,0,0,161,0,0,0,0,0,20,0,0,1,0,0,16,78,1,0,0,0,44,0,1,676,0,0,0,74,281,302,0,0,0,8,0,0,3,0,3,0,72,0,93,0,0,0,0,0,0,31,0,0,12,1,58,0,0,1934,0,0,1,0,0,0,0,0,0,0,29,2,0,0,0,0,0,1,0,0,0,109,11,0,1,0,9,0,0,11,0,0,0,0,0,356,0,0,118,0,0,0,0,0,34,182,0,0,194,0,0,0,0,72,12,0,0,0,0,0,0,0,7,0,0,129,0
"552",0,0,2,6,15,0,0,18,0,0,0,0,0,0,30,0,0,0,0,0,149,3,0,134,0,2337,0,0,0,0,104,3,0,67,0,0,13,85,0,0,0,0,0,174,0,29,0,6,0,0,7,0,1,0,44,0,0,0,0,4,0,0,0,0,0,0,0,0,0,0,29,0,0,0,0,0,0,0,0,0,0,1,6,8,0,0,27,564,0,30,0,68,232,0,0,1,0,0,9,0,0,0,0,0,0,0,246,587,0,47,0,12,0,50,4,3,0,0,201,13,0,0,0,2,66,0,0,0,0,0,0,0,0,2,0,0,393,0,0,1,4,0,0,5,0,0,2,0,0,0,13,73,0,9,0,0,0,0,17,79,0,0,0,0,0,0,0,0,0,0,0,0,0,0,0,0,16,0,20,4,0,0,0,0,2,0,0,0,0,0,0,116,0,0,0,70,0,0,0,0,0,0,0,0,1,1,0,0,0,0,0,0,0,0,2,0,22,40,0,0,60,91,0,0,0,0,71,0,194,0,0,0,0,132,0,0,0,0,0,0,0,0,0,45,0,0,27,0,0,0,126,0,0,0,35,0,0,0,0,6,2,0,0,1,0,0,18,0,0,321,0,0,0,0,0,5,0,0,2,1088,2,0,267,0,0,0,1,0,0,28,0,0,0,0,0,4,0,26,0,129,0
"553",0,0,0,0,0,1,1,0,0,0,0,0,3,0,19,0,0,0,0,0,0,0,0,0,0,3057,0,0,34,2,0,0,0,70,0,0,0,12,0,0,0,0,0,0,0,0,0,0,0,0,0,0,0,0,0,0,1,0,0,0,0,0,0,18,0,0,70,0,0,0,0,1,0,0,0,212,0,0,0,0,0,46,0,0,0,4,0,0,0,0,0,13,2,0,0,0,0,0,5,0,0,0,0,0,0,0,0,1018,0,0,0,0,0,0,3,0,0,0,336,0,0,0,0,1,12,0,0,0,0,0,0,0,0,0,0,0,1,0,0,0,14,0,0,0,0,0,21,0,0,0,0,0,0,0,0,0,0,0,0,0,0,0,0,0,0,1,0,0,0,0,0,0,44,0,0,0,0,0,0,0,0,0,0,0,21,0,0,0,0,0,8,94,0,0,0,0,0,0,0,0,0,0,0,1895,0,32,0,41,0,23,0,0,0,0,0,1,0,0,0,0,0,0,0,0,0,0,0,0,0,0,0,1,0,1043,0,0,0,0,2,19,0,0,0,0,3,0,0,0,0,0,41,0,0,0,0,61,4,0,0,0,0,0,0,6,2,0,0,0,0,458,0,0,73,0,0,0,0,0,0,1,0,0,128,0,0,33,0,0,91,0,0,0,0,0,0,1,0,0,0,95,0
"554",0,0,0,0,0,0,4,0,0,0,0,0,13,0,6,0,92,0,0,0,0,26,0,4,0,447,0,0,90,188,605,0,0,52,0,0,0,61,1,0,0,0,0,0,0,89,0,0,0,0,0,0,0,0,20,0,0,0,0,0,0,0,0,0,0,0,312,0,1,0,0,0,0,0,0,0,0,0,0,0,0,0,467,0,42,0,278,0,0,2,0,16,2,0,0,1,0,0,0,0,0,7,0,0,0,0,0,1198,0,0,0,0,0,36,0,0,0,0,431,0,0,0,0,2,0,0,0,0,0,0,20,5,0,5,0,0,25,0,0,0,41,0,0,0,0,0,0,0,0,0,24,16,0,0,0,0,0,0,0,245,0,0,0,307,0,0,0,0,0,0,0,0,215,0,0,0,0,124,0,0,0,0,0,0,0,0,0,0,0,1,0,105,4,0,0,0,95,0,0,0,0,0,0,0,0,13,0,0,4,1,0,0,0,0,6,0,0,0,1,0,0,0,0,0,0,0,0,0,128,0,74,0,0,87,0,0,0,0,0,0,0,0,231,0,225,0,0,0,0,0,24,0,0,0,0,35,4,0,0,52,0,0,0,0,0,0,0,396,0,77,0,0,393,0,0,0,0,0,0,1615,0,0,724,0,0,0,0,0,2,7,0,0,0,0,6,0,4,0,0,0,0
"555",0,0,0,0,0,0,1,0,0,0,0,0,0,0,67,0,0,0,0,0,0,0,2,3,0,2479,0,0,15,34,0,0,0,0,0,0,0,0,1,1,0,0,0,0,0,0,0,0,0,0,0,0,0,0,389,0,0,0,0,0,0,0,0,0,0,0,167,0,0,0,0,0,0,0,0,77,0,0,0,0,0,0,0,0,106,1,0,138,0,0,0,1,6,0,0,0,0,0,0,0,0,4,0,0,0,0,0,0,0,0,0,0,0,0,0,0,4,0,0,1,0,0,0,2,558,0,0,0,0,0,0,0,0,0,0,0,119,2,0,0,9,0,0,0,0,0,0,0,0,0,1,0,0,0,0,0,0,1,0,14,0,0,0,0,0,0,0,0,0,0,0,0,0,0,0,0,0,10,0,0,0,0,0,0,0,0,0,0,0,0,0,91,1,0,0,1,0,0,0,0,0,0,0,0,0,0,2,0,0,0,0,0,0,0,18,0,135,0,0,0,1,0,0,0,0,0,0,0,0,0,0,0,0,539,0,0,0,0,0,2,0,0,0,0,0,0,0,0,0,0,0,0,0,0,0,2,0,0,0,0,0,0,0,8,0,0,0,0,2,582,2,0,226,0,0,0,0,0,0,4378,1,0,0,0,0,0,0,0,0,0,0,0,0,0,0,0,0,0,0,81,0
"556",0,0,0,0,0,0,31,0,0,0,0,0,0,0,599,42,0,0,6,0,0,0,0,4,0,1660,0,0,108,17,0,0,0,54,0,0,3,4,0,0,0,0,0,0,0,0,0,0,0,0,0,0,0,0,0,0,0,0,0,4,0,0,0,4,0,0,40,0,2,0,0,1,0,0,0,0,0,0,0,2,0,0,3,0,0,86,0,0,0,0,23,1584,0,0,0,0,0,0,0,0,0,0,0,0,0,0,0,1029,0,0,0,0,0,78,0,0,0,0,85,0,0,0,0,0,342,0,0,0,0,0,8,26,0,0,0,40,0,0,0,0,1814,0,0,0,0,0,31,0,0,0,0,0,0,0,0,0,0,0,0,0,0,0,0,0,0,0,0,0,0,0,0,0,0,0,20,0,0,0,0,0,0,0,0,0,3,0,0,0,0,0,0,0,0,0,0,0,0,0,0,0,0,0,0,220,0,25,0,0,0,0,0,0,96,0,6,0,0,0,126,0,0,1,0,0,0,0,0,0,0,0,74,1,0,0,0,0,15,0,0,71,0,0,231,0,0,0,34,0,0,0,0,0,0,0,13,0,0,0,7,0,0,0,8,0,0,0,0,0,0,875,0,0,84,0,0,0,0,0,35,6,0,39,0,0,0,0,0,0,33,0,0,0,0,0,180,0,0,0,0,69,0
"557",0,0,0,0,0,0,0,0,0,0,0,0,0,275,4,0,0,2,0,0,229,23,0,6,0,0,0,0,18,65,0,0,0,50,0,0,2,0,0,0,0,0,0,0,0,59,0,0,0,0,0,0,0,1,0,0,0,0,0,112,0,0,0,0,0,0,64,0,0,0,0,0,0,159,0,0,0,0,0,122,0,0,71,0,0,0,0,0,0,50,0,15,98,0,0,0,0,0,0,0,0,0,0,0,22,0,0,1280,0,0,0,0,0,0,0,0,0,0,231,0,0,0,0,2,0,0,0,0,0,0,0,0,0,0,0,2,2,0,0,0,15,0,0,0,0,0,0,6,0,1,9,0,0,0,0,0,0,0,0,97,0,0,0,0,0,0,0,0,0,0,0,0,67,0,0,0,0,0,0,1,0,0,0,0,0,0,0,0,0,0,0,207,0,0,0,0,0,0,0,0,0,0,0,0,0,0,0,0,2,0,0,0,0,0,0,0,0,0,253,0,0,0,0,0,0,0,0,0,23,28,13,3,0,0,0,0,0,0,0,6,0,0,167,0,0,26,1,0,0,0,0,0,0,0,0,1,2,0,0,0,4,0,0,0,0,0,0,0,0,267,0,0,938,0,0,0,1,0,0,4765,1,0,0,0,0,33,0,0,188,0,0,0,0,0,14,0,42,0,0,68,0
"558",0,1,0,0,0,0,2,47,0,0,0,0,0,0,177,0,0,0,0,0,81,217,0,0,0,20,0,0,17,0,0,0,3,0,0,0,36,0,0,1,0,0,0,0,0,272,0,0,0,0,1,0,0,0,0,0,0,0,0,505,0,3,0,0,0,64,111,0,0,0,246,0,1,0,0,0,0,0,0,168,0,0,0,0,88,1,91,0,0,96,0,0,150,0,0,0,0,0,81,0,0,4,0,0,0,0,0,1943,0,0,0,100,0,110,0,0,0,0,510,14,0,0,0,1,27,0,0,0,0,0,75,26,0,0,0,0,317,0,0,0,0,0,0,0,0,0,37,0,1,0,1,114,0,0,1,13,0,441,0,0,0,0,0,192,0,0,0,0,0,3,0,0,20,0,0,0,0,348,0,0,0,0,0,31,0,0,0,0,0,0,0,119,4,0,0,0,0,0,0,0,0,0,0,0,0,62,0,0,1,0,0,0,0,0,14,0,0,225,324,0,0,6,0,0,0,0,0,0,70,0,149,13,0,324,0,0,0,0,0,3,0,0,0,0,0,0,0,0,0,0,0,0,0,1,12,155,0,0,0,0,0,0,0,53,1,0,0,0,0,582,30,0,170,0,0,0,0,0,0,50,0,28,405,0,0,0,0,1,0,177,0,0,0,0,0,0,43,0,0,171,0
"559",0,0,0,0,8,0,0,0,0,0,0,0,0,0,111,0,0,1,0,0,0,33,0,0,0,1732,0,0,60,0,0,0,0,29,0,0,1,0,0,0,1,0,0,48,0,112,0,2,0,0,1,0,0,0,0,1,0,0,0,0,0,0,0,0,0,0,16,0,0,0,30,0,0,0,0,0,0,0,0,26,0,8,6,3,0,5,13,0,0,35,0,0,8,0,50,1,0,0,48,0,0,0,0,3,4,0,0,2745,0,54,0,0,0,11,0,0,0,0,57,0,0,49,0,0,29,79,0,0,2,0,160,0,0,2,0,0,1,0,0,0,0,0,0,0,8,0,6,8,0,0,4,104,3,0,1,0,0,0,0,17,0,0,0,214,0,0,0,0,0,0,9,0,1,0,0,0,0,30,0,0,36,0,0,0,0,0,0,0,0,0,3,0,0,0,0,0,0,0,0,0,0,0,0,240,0,13,2,0,0,0,5,0,0,0,3,0,0,26,130,0,0,12,0,0,0,0,0,0,25,7,18,1,0,135,0,0,3,0,0,0,0,0,72,0,0,47,0,0,0,0,0,2,22,0,5,1,0,0,4,0,1,0,0,1,0,0,0,0,0,0,0,8,994,0,0,0,0,2,4,2024,0,0,17,0,0,0,0,0,11,43,0,0,0,0,0,0,0,0,0,95,0
"560",0,0,0,0,0,0,11,0,0,0,0,0,0,0,55,0,0,0,0,0,0,45,0,12,0,215,0,0,90,0,5,0,0,1,0,0,55,68,0,0,0,0,0,0,0,1,0,0,0,0,0,0,0,0,0,1,0,0,0,11,0,21,12,1,0,0,71,0,0,0,17,0,0,0,0,0,0,0,0,17,0,0,2,0,1344,0,129,0,0,108,0,64,92,0,0,5,0,0,47,0,0,0,0,29,0,0,0,391,0,0,0,0,0,0,0,2,0,14,58,0,0,0,0,0,69,0,0,0,3,0,0,535,0,14,0,0,249,0,0,0,11,0,0,0,0,911,3,0,0,1,35,0,0,0,3,0,0,0,196,92,0,6,0,0,0,0,0,0,0,0,2,35,6,0,0,0,0,88,12,0,0,0,0,0,1,0,0,0,0,0,0,152,25,0,0,43,0,0,0,133,0,0,0,8,0,66,4,0,1,39,0,0,5,21,5,0,0,37,643,0,79,42,0,6,0,0,0,0,22,0,317,1,0,160,0,0,3,0,0,0,0,0,0,17,2,0,0,0,0,0,0,13,36,0,43,2,3,0,28,0,0,0,0,4,0,0,0,0,0,5,0,142,956,0,0,0,0,2,6,1409,0,4,25,0,0,0,0,0,28,13,0,0,0,0,92,0,13,0,0,85,0
"561",0,0,0,1,0,0,1,0,0,0,4,0,2,0,14,0,59,0,0,0,0,4,0,3,0,1,0,0,6,17,0,0,0,2,2,0,4,0,0,4,0,0,0,0,0,14,0,0,0,0,2,0,0,0,0,0,0,0,0,82,0,0,2,11,0,14,0,7,0,0,0,0,0,0,0,0,0,0,0,33,0,24,49,0,0,8,0,0,1,139,0,4,2,0,0,0,0,0,0,0,0,111,0,0,0,0,2,2995,0,0,0,0,0,0,0,0,0,114,29,0,0,0,51,38,0,0,5,0,0,0,0,0,0,2,0,0,31,0,0,0,37,0,0,0,0,1018,0,0,0,0,0,0,0,0,1,0,0,0,0,0,0,0,0,0,1,0,0,44,0,0,0,0,1,0,0,0,0,0,161,0,0,0,0,0,1,0,0,0,0,13,0,67,1,0,0,0,0,0,0,0,0,0,0,0,0,301,0,0,1,13,6,0,0,0,0,0,0,0,13,0,26,0,0,0,0,0,0,0,0,0,0,1,0,758,0,0,0,0,1,12,0,0,0,0,94,0,1,2,0,0,0,0,2,0,0,10,0,0,0,0,0,0,0,0,1,0,0,0,0,54,0,0,1669,0,19,0,1,14,0,1816,0,0,109,0,0,0,0,0,0,10,0,0,0,0,13,0,2,0,0,0,0
"562",0,0,2,0,0,0,0,0,0,0,0,0,0,0,38,0,0,0,0,0,0,8,0,3,0,1523,0,0,3,8,0,0,0,378,0,0,42,5,0,0,0,0,0,16,0,0,0,0,0,0,0,0,0,0,0,14,0,0,0,0,0,0,0,0,0,0,12,0,4,18,0,0,0,0,0,0,0,0,0,0,0,0,0,0,0,11,0,0,0,32,0,0,74,0,0,0,8,0,58,0,0,0,0,0,0,0,0,1029,0,0,0,0,0,0,0,0,0,0,299,0,0,0,0,1,27,0,4,0,0,0,0,39,0,0,0,0,597,0,0,0,10,0,0,0,0,0,26,0,0,0,1,0,0,0,1,0,0,0,0,2,0,0,0,0,0,0,0,0,0,0,0,0,0,0,0,0,0,0,546,0,0,0,0,0,2,0,0,0,0,0,0,83,2,0,0,0,0,0,0,0,0,0,0,0,0,78,7,0,0,0,0,0,0,0,1,0,521,0,643,0,69,0,0,0,0,0,0,0,0,0,0,0,0,142,0,0,0,0,0,2,0,0,0,0,4,0,0,0,0,0,0,0,0,1,0,14,20,0,0,0,0,0,0,5,1,0,0,0,0,16,0,0,110,0,0,0,0,0,0,3911,0,2,66,0,0,0,0,0,0,7,0,0,0,0,0,0,16,0,0,10,0
"563",0,0,0,0,0,0,0,0,0,0,0,0,0,0,9,0,12,0,0,0,0,0,0,0,0,3230,0,0,22,10,22,0,0,0,0,0,6,0,2,0,0,0,0,0,0,35,0,0,0,0,0,0,0,0,0,0,0,0,0,0,0,0,0,0,0,0,0,0,33,0,5,0,0,0,0,0,0,0,0,0,0,0,7,0,0,124,0,0,0,27,0,35,320,0,0,8,0,0,16,0,0,35,0,0,0,0,0,799,0,0,0,0,0,0,0,0,0,0,118,0,0,0,0,1,598,0,0,0,0,0,7,1,0,0,0,0,2,0,0,0,14,0,0,0,0,0,0,0,0,0,0,13,0,0,1,0,0,371,0,0,0,0,0,1,0,0,0,0,0,3,0,0,0,0,0,0,0,13,0,0,0,0,0,0,0,0,0,0,0,0,0,0,2,0,0,0,0,0,0,0,0,0,0,0,0,0,0,0,2,0,0,0,0,0,14,0,0,0,52,0,55,0,0,0,0,29,0,0,108,0,0,0,0,556,9,0,0,0,0,0,0,0,184,0,0,0,22,0,0,0,0,0,0,0,3,20,0,0,0,0,0,0,0,0,0,0,0,0,0,715,0,0,774,0,0,0,0,0,1,1047,0,0,275,0,0,12,1,1,4,0,0,0,0,0,43,0,9,0,0,166,0
"564",0,0,0,0,0,0,1,0,0,2,0,0,0,0,2,0,0,1,0,0,0,29,0,0,0,0,0,0,6,4,0,0,0,0,9,0,2,0,0,0,3,0,0,0,0,607,0,0,0,0,5,1,0,0,0,14,0,0,0,353,3,0,0,227,0,0,15,0,4,0,0,0,0,0,563,340,0,0,0,0,0,9,292,0,55,39,0,0,0,0,0,59,0,0,0,0,2,0,0,0,0,0,0,34,0,1,0,326,0,0,0,0,0,0,0,0,0,0,205,14,0,0,0,1,0,366,0,22,0,0,0,0,0,0,2,0,0,0,0,0,4,0,0,0,0,0,8,15,0,0,31,0,0,0,0,0,0,0,0,0,1,5,0,0,0,0,0,0,0,250,0,0,0,0,0,0,2,0,146,4,0,0,0,0,0,0,46,0,0,0,32,336,2,0,0,0,0,0,0,0,0,53,0,0,0,210,0,0,0,0,7,0,9,0,5,0,0,21,2,0,0,0,0,0,0,0,0,0,0,9,0,1,0,268,0,0,0,0,0,0,1,0,0,0,4,0,0,1,0,0,0,0,7,1,0,10,0,0,0,0,0,0,0,0,1,0,0,0,258,0,0,0,73,0,8,0,83,0,0,4140,0,0,102,0,0,0,0,0,16,10,0,0,0,0,0,0,44,0,0,156,0
"565",0,0,0,0,0,0,0,0,0,0,0,0,0,0,63,0,6,0,0,0,0,107,0,0,0,2218,0,0,136,210,0,0,0,0,0,0,88,254,0,0,0,0,0,0,0,684,0,0,0,0,0,0,0,0,0,0,0,0,0,143,0,0,0,0,0,0,0,0,0,0,0,0,0,0,0,0,0,0,0,37,0,0,0,0,0,13,0,0,0,0,34,0,0,0,0,0,14,0,0,0,0,0,0,0,0,0,0,41,0,0,0,0,0,0,0,0,0,0,343,0,0,0,47,0,222,0,0,0,0,0,0,0,0,0,0,0,0,0,0,0,10,0,0,0,0,0,0,0,0,29,0,0,0,0,0,0,0,0,0,75,0,0,0,1621,0,0,0,0,0,0,0,1,0,0,0,0,0,0,0,0,0,0,0,0,74,0,0,0,0,0,0,236,0,0,0,0,0,0,2,0,0,0,0,0,279,34,0,0,0,0,6,0,0,0,0,0,0,0,208,0,0,0,0,0,0,0,0,0,0,0,0,0,0,55,0,0,0,0,1,0,0,0,0,0,1,0,0,0,0,0,0,0,0,0,134,40,5,0,252,0,2,0,0,0,0,0,0,0,0,11,0,0,0,0,0,0,0,0,66,10,0,0,1886,0,0,0,0,0,0,0,0,0,0,0,0,0,0,0,0,302,0
"566",0,0,0,0,0,0,0,0,0,0,0,0,0,0,0,0,0,0,0,0,0,0,0,0,0,1974,0,0,0,0,0,1,0,95,0,0,0,0,0,0,0,0,0,308,0,93,0,0,0,0,0,0,0,0,0,0,0,0,0,325,0,3,0,0,0,0,0,0,0,0,0,0,0,6,0,0,0,0,0,88,0,0,0,0,0,0,0,0,1,0,0,0,0,0,0,0,0,0,105,0,0,0,0,0,0,0,0,435,0,0,0,0,0,20,0,0,0,0,37,0,0,0,0,0,36,0,0,0,0,0,0,0,0,0,0,0,0,0,0,0,0,0,0,0,0,0,0,0,0,27,0,0,0,0,0,0,0,0,1,0,0,0,0,832,0,0,0,0,0,0,0,0,0,0,0,0,0,72,99,0,0,0,0,0,0,0,0,0,0,0,0,48,0,0,0,0,0,0,0,0,0,0,0,0,2251,12,0,0,0,0,0,0,0,0,0,0,230,0,159,7,0,0,0,0,0,0,0,0,56,0,0,0,0,0,0,0,0,0,0,0,0,0,0,0,0,0,0,0,0,0,91,0,0,0,0,10,0,0,0,0,0,0,0,0,0,0,0,0,0,0,0,0,515,0,0,0,10,0,0,1763,0,0,0,0,0,0,0,0,0,0,0,0,0,0,237,22,0,6,0,25,0
"567",0,0,0,0,0,0,18,0,0,0,3,0,0,34,112,0,0,0,0,0,0,13,0,5,0,2189,0,0,233,0,2,0,0,46,0,0,1,233,0,0,0,0,0,0,0,462,0,0,0,0,0,0,0,0,0,0,0,0,0,0,0,0,0,0,0,0,0,0,8,0,0,0,0,0,0,0,0,0,0,24,0,0,21,0,6,1,191,0,0,58,0,0,2,0,0,0,0,0,2,0,0,0,0,0,1,0,0,339,0,0,0,0,0,1,0,0,0,1,0,0,0,0,0,0,20,0,0,0,0,0,8,190,0,1,0,0,41,0,0,0,28,0,1,0,0,0,0,1,0,0,5,0,0,0,1,0,0,0,0,1,0,0,0,0,0,0,0,0,0,0,0,0,3369,0,0,0,0,0,0,0,0,0,0,0,0,0,1,0,0,0,0,60,2,11,18,0,0,1,0,0,0,0,0,0,362,25,0,0,0,11,0,0,0,0,2,0,0,0,7,0,10,0,0,0,0,0,0,0,4,0,0,0,0,6,0,0,0,0,0,7,0,0,0,0,0,0,0,1,0,0,0,4,0,0,0,0,0,0,0,0,0,0,0,0,0,0,0,0,0,0,0,0,76,0,0,0,1,0,0,1430,0,0,28,0,0,0,0,0,0,41,0,0,0,0,0,0,59,0,0,169,0
"568",0,0,0,0,0,0,9,0,0,0,0,0,0,0,7,1,0,0,8,0,0,19,1,0,0,3342,0,0,52,0,0,0,59,50,0,0,0,168,0,0,0,0,0,0,0,1891,0,1,0,0,0,0,0,0,0,0,0,0,0,73,0,0,0,1,0,0,0,0,0,0,9,0,0,0,0,0,0,0,0,0,0,0,0,0,0,0,0,0,0,32,0,20,3,0,0,0,0,0,49,0,0,3,0,0,0,0,0,11,0,0,0,46,0,68,0,0,0,0,205,0,0,0,0,2,46,0,0,0,11,0,0,337,0,0,0,0,0,4,0,0,6,0,0,0,0,0,29,0,2,0,13,0,0,5,0,0,0,0,0,112,0,0,0,2,0,0,0,0,0,0,0,0,17,0,0,0,0,12,0,0,0,0,4,0,14,0,0,0,0,0,0,357,1,0,0,0,9,0,0,0,0,0,0,0,0,0,0,0,1,18,0,0,0,0,0,0,0,0,0,0,0,23,0,0,0,0,0,0,25,0,0,0,0,850,0,0,0,0,0,0,0,0,1,0,0,0,0,0,0,0,0,0,0,0,3,0,0,0,0,0,1,0,0,4,2,0,0,0,0,15,0,0,85,1,0,0,0,0,0,1372,0,0,210,0,10,0,0,0,0,0,0,0,0,0,13,0,1,0,4,250,2
"569",0,0,0,0,0,0,190,0,0,0,0,0,0,0,10,0,0,0,0,0,0,24,0,1,0,3657,0,0,3,0,0,0,0,67,0,0,0,47,0,0,1,0,0,0,0,0,0,0,0,1,0,0,0,0,101,0,0,0,0,228,0,0,0,0,0,0,6,0,0,16,0,1,0,0,0,0,0,0,0,126,0,0,0,0,0,0,2,0,0,0,0,4,98,0,0,1,0,0,0,0,0,0,0,0,0,0,0,17,0,0,0,0,0,0,0,2,0,0,18,0,8,0,0,0,42,0,0,0,5,0,90,206,0,0,0,0,33,0,0,0,23,0,0,0,0,0,0,0,0,0,0,0,0,0,0,0,0,0,0,257,0,0,0,0,0,0,0,0,0,0,2,0,0,0,0,0,0,247,0,0,0,0,0,0,12,0,0,0,0,0,0,0,1,1,0,0,0,0,0,424,0,0,0,608,1,4,0,0,0,1,0,0,0,0,0,1,0,0,0,0,0,0,0,0,1,0,0,0,0,0,256,0,0,159,0,0,2,0,0,2,0,0,0,0,0,0,0,0,0,0,0,2,6,1,0,30,16,0,5,8,29,0,0,4,0,0,29,0,0,4,0,12,32,1,0,0,0,0,2,2788,0,0,95,0,10,0,0,0,89,58,0,0,0,0,26,0,2,0,0,35,0
"570",0,1,1,0,0,1,12,3,0,0,2,0,0,4,54,0,37,1,5,2,0,6,1,0,4,1341,0,0,33,13,276,0,0,376,0,0,13,70,0,0,1,0,0,0,0,20,0,2,0,0,0,0,0,0,2,0,0,0,0,5,2,3,0,3,0,0,0,0,4,0,1,0,0,0,1038,0,0,0,0,16,7,0,76,1,0,1,0,1,0,20,0,12,48,0,0,0,0,0,5,0,0,6,0,0,0,0,0,632,0,28,0,34,0,30,0,1,0,2,174,0,0,0,0,8,122,0,1321,0,4,0,6,15,0,0,0,0,256,0,0,0,34,0,0,0,0,0,3,0,1,0,0,10,0,0,1,0,0,17,0,55,0,0,0,196,0,0,3,0,0,0,45,0,67,0,0,0,0,28,363,3,0,0,0,0,1,28,0,0,0,0,0,0,1,0,0,0,27,2,0,0,0,0,0,0,0,13,0,0,0,12,0,0,0,9,3,0,52,1,0,9,0,6,0,195,0,0,1,0,0,3,0,0,0,278,0,0,2,0,0,0,0,0,57,0,0,0,0,0,0,0,0,1,21,0,3,1,0,0,5,0,8,0,6,1,3,0,0,0,117,57,8,0,189,3,1,0,0,0,12,1646,0,0,75,0,0,0,0,1,4,0,93,0,0,0,6,0,11,0,0,42,0
"571",0,0,0,0,0,0,4,73,0,0,0,0,0,0,323,0,13,0,0,2,0,8,0,13,0,2311,0,0,59,79,0,0,0,100,0,0,65,0,0,1,0,0,0,0,0,60,0,11,0,1,0,0,0,0,0,0,0,0,0,364,0,0,2,0,0,0,0,0,0,0,0,0,0,0,0,483,0,0,0,14,0,0,186,0,0,0,0,0,0,0,0,134,6,0,0,5,8,8,0,0,4,12,0,0,0,0,0,1640,0,0,0,0,0,1,0,0,0,2,357,0,0,0,0,2,71,0,0,0,0,0,0,244,0,0,0,0,273,5,2,0,56,0,0,0,0,0,0,0,0,22,36,0,1,0,151,0,0,371,0,0,0,0,0,0,0,0,0,0,0,0,2,0,0,0,0,0,0,0,0,0,0,0,0,0,26,0,0,0,0,0,0,77,256,0,0,0,0,0,0,0,0,0,0,1,0,6,2,0,1,38,0,0,4,0,2,0,72,0,362,0,119,5,0,0,0,38,0,0,0,0,299,2,0,118,17,0,1,0,0,100,0,0,0,0,0,0,0,0,0,0,0,2,0,0,0,22,11,0,0,70,8,0,0,4,0,0,0,0,0,78,0,6,119,1,0,0,18,0,0,304,0,0,178,0,0,0,0,0,0,0,0,0,0,0,0,0,19,0,0,140,116
"572",0,0,0,0,0,0,40,0,0,0,1,0,0,0,0,0,0,0,0,0,0,0,0,0,0,2674,0,0,11,0,0,0,0,11,0,24,0,0,0,0,1,0,0,0,0,6,0,0,0,0,0,0,0,0,0,0,0,0,0,4,0,14,1,0,0,0,0,2,0,0,3,0,0,0,0,0,0,0,0,0,0,0,7,1,0,0,0,0,0,0,0,13,98,0,0,0,0,0,0,0,0,71,0,0,14,0,0,3540,0,0,0,0,0,0,0,0,0,0,2,0,0,0,0,0,0,0,107,0,0,0,2,1,0,1,0,0,25,0,0,0,0,0,0,0,0,0,22,0,0,0,0,0,0,0,0,0,0,0,1,0,0,0,0,0,0,1,0,0,0,0,12,0,1,1,0,0,0,0,14,2,0,0,0,0,7,0,0,0,29,0,0,0,1,0,0,0,0,0,0,0,0,0,0,0,0,80,0,0,0,5,0,0,1,0,0,0,48,0,0,3,0,88,0,0,0,0,0,0,0,7,0,0,0,412,0,0,0,0,0,0,0,0,0,0,0,0,0,1,0,0,3,2,0,0,1,0,133,0,2,0,1,9,0,1,0,0,0,0,0,1927,0,0,0,0,0,0,0,0,1,0,0,0,0,0,0,0,0,0,20,0,0,0,0,0,0,6,7,0,0,44,0
"573",0,0,0,1,0,0,1,0,0,0,0,0,9,0,0,0,0,0,0,0,0,20,0,28,0,2001,0,0,15,22,215,1,0,46,0,0,57,164,0,0,0,0,0,0,0,0,0,0,0,0,2,0,0,0,21,0,0,0,0,48,0,0,0,0,0,0,12,0,0,0,44,1,0,0,0,768,0,0,0,82,0,14,173,0,0,5,0,0,0,0,2,12,0,1,0,0,0,0,0,0,0,16,0,0,5,0,0,0,0,0,0,0,0,0,0,0,0,0,229,13,0,0,0,1,424,0,0,0,0,0,8,0,0,0,0,4,28,1,0,0,13,0,0,0,0,0,0,2,0,0,0,0,0,0,1,0,0,0,0,0,0,0,2,0,0,0,0,0,0,0,3,0,1,0,0,5,0,18,0,0,0,0,0,0,15,0,0,0,0,0,0,115,0,0,0,0,0,1,0,0,0,0,0,0,1,127,3,0,2,0,0,0,0,0,2,2,106,0,619,0,0,49,0,4,0,0,0,0,0,8,0,12,0,0,21,0,2,0,0,85,0,0,0,0,3,0,17,0,0,0,0,2,0,0,18,20,12,1,11,0,0,0,0,0,1,0,23,0,0,0,0,0,515,0,0,1,2,0,0,2150,0,0,109,0,711,456,0,0,0,0,0,0,0,2,65,4,3,0,0,162,0
"574",0,1,0,0,0,0,0,20,0,0,0,0,0,0,0,0,0,0,0,0,0,0,0,178,0,3323,0,0,0,0,434,16,0,0,0,0,0,0,0,0,0,0,0,0,0,1,0,0,0,1,0,0,0,0,0,0,0,0,5,94,0,0,0,0,0,0,24,0,0,92,8,0,0,0,0,0,0,0,0,49,0,0,0,0,0,0,166,0,0,0,0,0,0,0,0,0,0,0,0,0,0,1,0,0,0,0,0,1412,0,0,0,0,0,26,2,1,0,0,36,0,0,0,0,0,0,0,0,0,0,0,0,0,0,0,0,0,0,0,0,1,10,0,0,0,179,0,26,0,0,0,0,0,0,118,0,2,0,0,0,48,0,0,0,0,0,1,0,0,0,0,1,0,0,0,0,0,0,0,99,0,0,0,0,2,1,0,0,0,0,0,0,146,0,0,0,0,0,0,0,0,0,0,0,965,0,22,0,0,0,0,2,65,0,0,0,0,34,0,0,0,188,149,0,0,0,0,0,0,0,0,0,0,0,234,0,0,6,1,0,0,0,0,0,0,5,7,0,0,0,0,0,0,0,0,8,0,2,0,0,0,1,0,0,2,1,0,0,0,0,161,0,0,90,0,3,0,0,0,0,1498,0,0,104,0,0,0,0,1,0,0,0,0,0,0,0,46,2,0,0,0,0
"575",0,0,0,0,0,0,1,3,0,0,0,0,0,2,0,0,0,0,5,1,23,24,0,0,0,1190,0,0,15,0,0,1,0,45,0,0,0,30,0,0,0,0,1,39,0,45,0,0,0,0,0,0,0,0,0,0,0,0,7,97,0,0,0,0,24,0,41,0,0,0,8,0,0,7,0,0,0,0,0,36,0,11,0,0,3,1,0,1,0,139,0,4,0,0,0,0,0,0,79,0,0,0,0,0,0,0,275,2535,0,7,0,0,0,99,0,1,0,0,162,1,0,0,0,1,139,0,0,0,6,0,18,62,0,1,0,0,1,0,0,2,2,0,0,0,0,0,4,0,0,0,16,0,18,22,0,0,0,0,0,8,0,0,0,0,0,0,0,0,0,0,0,0,0,0,0,0,0,0,10,3,0,0,0,0,0,0,0,0,0,0,0,46,2,7,0,0,0,0,0,0,1,0,0,8,0,5,0,0,0,0,0,0,1,0,30,0,9,0,130,0,0,0,0,0,0,0,0,0,59,0,198,0,0,2036,0,0,11,0,0,0,0,0,0,0,0,0,1,0,0,0,154,4,0,0,0,3,0,0,0,0,7,0,0,0,0,0,0,0,0,10,0,0,345,4,1,0,3,0,0,1304,1,0,68,0,0,0,0,3,0,0,0,0,0,0,0,0,5,0,0,272,0
"576",0,0,0,0,0,2,0,0,0,0,2,0,0,0,14,0,0,0,0,0,0,0,0,1,0,112,0,0,1,5,81,0,0,422,0,0,0,0,0,0,0,0,0,0,0,0,0,2,0,0,0,0,0,0,0,0,0,0,0,20,4,0,1,0,0,0,2,0,0,0,30,0,0,0,0,0,0,0,0,16,0,0,0,0,0,0,13,1,0,26,0,1,0,0,0,0,0,0,0,0,0,0,0,0,0,0,139,364,0,0,0,0,0,14,0,2,0,0,196,0,0,0,0,1,36,0,0,0,2,0,0,206,0,1,0,0,0,0,0,0,313,0,0,0,0,0,31,20,0,0,0,0,0,6,0,0,0,0,160,0,0,0,0,0,0,0,0,0,0,0,0,0,0,0,0,0,0,9,29,2,0,0,0,0,0,0,0,0,0,0,0,287,1,0,0,0,0,0,0,0,0,0,0,0,0,6,16,0,0,1,0,117,0,0,0,0,0,469,13,0,31,24,0,0,0,0,0,0,285,0,179,0,0,18,0,0,2,0,0,6,0,0,0,0,0,22,0,0,0,0,0,0,19,0,0,30,62,0,16,0,1,0,0,6,0,3,0,0,17,113,0,0,1386,0,0,0,0,4,8,4498,0,0,122,0,0,0,0,1,0,3,0,0,0,0,154,0,9,0,0,32,0
"577",0,0,0,0,0,0,2,0,0,0,0,0,0,0,42,0,4,0,0,0,0,166,0,1,0,0,0,0,4,0,413,0,0,52,0,0,155,110,0,0,0,0,0,58,0,4,0,6,0,0,0,0,0,0,0,0,0,0,0,138,0,0,0,0,0,0,0,0,2,0,0,0,0,0,0,0,0,0,0,0,0,31,2,0,1155,2,101,0,0,38,0,0,107,0,0,0,0,0,0,0,0,7,0,0,0,0,13,380,0,38,0,0,0,0,0,0,0,491,42,9,0,0,0,0,487,0,0,0,0,0,0,46,0,0,0,0,1,0,0,0,12,0,0,0,0,0,34,0,0,0,10,28,0,0,0,0,0,0,0,31,0,0,0,0,0,0,0,0,0,0,0,21,0,0,0,0,0,0,144,0,0,0,0,0,0,0,3,0,0,0,0,100,1,0,0,2,0,0,0,0,0,0,0,0,519,218,2,7,0,1,10,0,106,0,50,0,138,0,271,0,0,0,0,0,0,0,0,0,0,0,84,0,0,0,0,0,0,0,0,46,0,0,0,0,0,0,180,0,0,0,342,2,39,0,0,8,0,0,0,77,0,0,0,0,0,0,0,52,31,12,0,79,242,0,2,0,0,0,22,891,0,0,750,0,0,0,0,0,43,0,0,0,0,0,13,0,1,0,0,386,0
"578",0,0,0,27,0,0,0,0,0,0,0,0,0,0,0,0,0,0,0,0,0,0,0,34,4,5,0,0,0,35,0,0,0,0,0,0,0,243,0,0,0,0,0,0,0,0,0,0,0,0,0,0,0,0,0,0,0,0,0,0,0,0,0,0,0,0,317,1,145,0,0,0,17,0,2199,2,0,0,0,0,0,0,0,0,0,0,0,6,0,0,81,0,0,0,0,0,0,1,0,0,0,0,0,0,93,0,0,0,0,34,0,0,0,277,0,0,0,0,0,6,0,0,0,0,0,0,0,0,0,71,0,0,0,0,0,31,0,9,0,0,1090,0,0,0,0,0,0,0,0,0,0,0,0,0,0,0,0,0,9,0,0,0,9,0,0,0,0,0,0,0,10,0,0,0,0,0,0,0,89,0,0,0,0,0,0,0,0,0,0,0,0,0,4,0,0,0,0,0,0,0,0,0,0,0,0,0,0,0,0,0,0,0,0,0,0,0,0,0,0,0,0,0,0,0,2,0,0,0,0,8,0,0,0,0,0,0,0,0,0,0,0,0,0,0,0,0,0,0,0,0,0,0,0,0,0,0,460,0,0,0,0,0,0,0,0,0,0,0,12,1049,0,0,1344,0,0,0,0,0,0,562,0,851,846,0,0,0,0,0,0,0,0,0,0,0,0,0,15,0,0,0,0
"579",0,0,0,0,0,0,0,0,0,0,0,0,14,0,4,0,0,0,0,0,0,0,1,0,0,2230,0,0,7,189,0,0,4,0,0,0,0,64,0,0,0,0,0,0,0,0,0,0,0,0,6,0,0,0,71,0,0,0,0,0,0,0,0,0,0,0,0,0,77,0,0,0,0,0,0,0,0,0,0,0,0,0,0,0,0,3,0,1,0,0,0,24,0,0,0,0,0,0,0,0,0,12,0,0,1,0,2,0,0,0,0,0,0,397,0,0,0,0,231,0,0,0,0,5,0,0,0,0,0,0,20,169,0,0,0,0,33,1,0,0,1418,0,0,0,0,0,0,0,0,0,0,0,0,0,2,0,0,0,0,129,0,0,0,0,0,0,0,0,0,0,0,0,1,0,0,0,0,0,0,0,0,0,0,0,0,0,0,0,0,0,0,0,3,0,0,0,0,0,0,0,0,0,0,0,0,459,23,0,0,1,0,0,0,0,0,0,0,0,478,0,0,0,0,0,0,0,0,0,0,0,0,0,0,222,0,0,0,0,0,105,0,0,0,0,0,0,0,0,0,0,0,0,0,0,0,127,31,5,0,0,0,0,0,0,0,0,0,0,0,3,0,0,451,0,0,0,0,0,1,2539,0,14,307,0,0,0,0,32,0,0,0,0,0,0,70,0,16,0,0,0,0
"580",37,0,0,9,0,0,1,0,0,0,0,0,0,0,4,0,0,0,0,0,0,0,0,5,0,2360,0,0,3,2,0,0,0,0,0,0,23,0,0,0,0,0,0,0,0,0,0,0,0,0,1,0,0,0,0,0,0,1,0,0,0,0,0,1,0,0,25,0,22,0,0,0,0,0,0,18,0,0,0,68,0,0,82,0,19,3,0,1,0,0,0,1,0,0,0,0,0,1,0,0,0,68,0,0,0,0,0,764,0,0,0,0,0,0,0,0,0,3,96,0,0,0,3,1,1119,0,0,0,0,0,0,0,0,0,0,22,0,0,0,0,23,0,0,2,0,3,0,0,0,1,16,0,0,0,1,0,19,0,0,0,0,0,0,0,0,0,0,2,0,0,0,4,11,1,0,0,0,0,0,0,0,2,0,0,1,1,0,0,0,0,0,60,1,0,0,2,0,0,0,0,0,0,0,0,0,5,0,0,4,1,0,0,0,0,0,0,0,0,235,0,25,0,0,0,0,0,0,0,0,0,0,3,0,1033,17,0,0,0,0,2,0,0,0,0,81,0,0,0,0,0,11,0,0,0,15,5,14,0,0,7,0,0,0,0,0,0,0,0,0,0,0,0,1536,0,0,0,0,1,0,1725,0,0,0,2,0,10,0,0,0,0,0,0,0,0,76,0,232,0,0,51,0
"581",0,0,0,0,0,0,0,0,0,0,0,0,0,0,65,0,0,4,0,0,129,43,0,6,0,0,0,0,8,0,1058,0,0,334,0,0,0,75,0,0,2,0,0,0,0,191,0,1,0,0,1,0,0,0,0,0,0,0,0,124,0,0,0,0,0,0,103,27,42,0,0,0,0,0,0,0,0,0,0,0,0,0,232,0,0,0,2,0,0,0,23,3,74,0,0,11,0,0,0,0,0,107,0,0,0,0,163,1101,0,20,15,0,0,43,0,7,0,1,245,0,0,0,0,1,188,0,0,0,0,0,0,0,17,1,0,15,9,0,0,0,13,0,0,2,0,0,0,0,0,0,12,0,0,13,0,0,0,0,0,0,0,0,0,0,2,0,0,0,0,0,33,0,0,1,0,0,0,0,317,1,0,0,0,0,16,7,0,0,0,0,23,63,1,23,0,1,1,0,0,0,0,2,0,136,0,28,0,0,1,2,0,0,0,0,0,1,111,75,53,0,0,0,0,0,0,0,0,0,128,0,0,0,0,424,0,0,13,0,3,0,0,0,61,0,197,0,0,20,0,0,16,0,0,0,0,24,0,0,0,220,4,0,0,0,3,0,0,47,0,678,1,106,631,0,1,0,0,0,0,1758,1,0,0,0,0,0,0,2,17,0,0,0,0,0,0,45,19,0,0,156,0
"582",0,0,0,0,0,0,1,17,0,0,2,0,0,59,2,0,0,0,0,0,45,39,0,0,0,2168,0,0,11,8,1,0,0,1,0,0,21,31,0,0,0,0,0,94,0,19,0,0,0,0,0,0,0,0,0,0,1,0,0,157,0,8,0,0,0,0,106,0,2,0,18,1,2,264,0,0,0,0,0,3,1,24,1,0,507,9,25,0,0,57,0,0,1,0,0,0,0,0,5,0,0,0,0,9,1,0,139,1,0,0,0,0,0,187,1,0,0,0,62,0,3,0,0,0,37,0,0,0,0,0,0,6,0,1,0,0,1260,1,0,0,1,0,0,0,0,0,0,0,0,22,3,1,0,0,0,0,0,0,0,16,0,0,0,1,0,0,0,0,0,0,0,0,0,0,0,0,1,33,293,0,0,1,0,0,2,0,0,0,0,0,7,300,2,0,0,0,0,1,1,0,0,0,0,0,2,13,0,0,0,0,0,0,0,0,54,1,189,21,1,3,1,0,0,0,0,4,0,0,71,0,78,0,1,419,0,0,0,0,0,0,0,0,0,0,0,0,0,0,3,0,0,5,3,0,2,0,0,1,12,0,0,0,1,14,1,1,0,0,0,1,0,13,114,0,0,0,0,1,1,2195,0,0,32,0,0,0,0,0,118,0,0,0,0,0,161,0,101,0,0,265,0
"583",0,0,0,0,11,0,0,43,0,0,5,0,0,0,6,0,0,1,0,0,0,15,0,0,4,3,2,0,63,12,300,0,0,110,0,27,57,19,0,0,0,0,0,0,0,5,58,1,0,0,0,0,2,2,3,2,0,0,0,32,0,0,0,0,0,7,58,0,33,0,3,0,0,0,0,0,0,0,0,1,0,1,332,0,19,0,920,0,0,0,0,30,142,0,0,0,0,0,20,0,0,1,0,1,1,1,0,981,37,0,0,42,0,0,5,0,0,2,118,0,0,15,0,1,0,99,0,0,1,1,6,0,0,0,0,0,28,0,0,2,9,0,0,0,0,0,0,0,0,0,0,15,75,0,0,0,0,0,13,130,0,0,0,1011,0,0,0,0,0,0,2,0,4,14,0,0,0,0,138,1,44,0,0,0,2,0,0,0,0,0,1,0,4,0,178,0,0,0,0,0,0,0,0,1,0,257,4,0,0,6,0,0,16,2,15,0,1,79,1,0,0,0,0,0,0,0,86,0,20,22,172,0,0,1346,0,0,1,0,0,26,0,0,0,0,52,0,0,0,0,0,0,0,0,0,14,200,2,0,13,43,21,0,0,2,0,0,0,52,0,997,41,0,144,0,0,0,0,0,5,0,1,0,109,0,0,0,0,0,2,0,0,0,0,0,1,5,0,0,0,81,0
"584",0,0,0,1,0,0,11,0,0,0,0,0,0,523,0,0,0,0,0,0,0,32,0,0,0,324,0,0,0,0,0,0,0,17,3,0,6,258,0,0,2,0,0,13,0,139,0,0,0,0,43,0,0,0,28,0,0,0,0,300,0,23,0,6,0,0,92,0,0,236,33,0,0,2,658,0,0,0,0,153,2,8,79,0,88,0,23,0,0,0,23,22,1,0,0,0,0,0,0,0,0,0,0,9,1,1,31,314,6,0,0,0,0,0,0,0,0,0,58,0,6,0,0,0,0,0,97,24,0,59,0,3,0,0,0,0,0,2,0,0,0,0,0,0,3,0,42,0,0,0,16,0,0,0,1,0,0,0,6,0,0,0,0,737,0,1,0,0,0,0,12,0,0,1,0,0,0,111,538,0,0,0,0,0,49,0,0,0,5,0,0,33,0,0,0,0,0,0,0,0,0,0,0,220,0,154,0,0,0,0,0,0,3,0,1,0,422,104,0,0,501,24,3,0,12,0,0,0,0,2,91,0,0,0,0,0,10,1,0,0,0,0,0,0,2,0,0,1,0,0,0,4,19,1,30,24,6,0,0,6,0,0,0,0,0,0,0,0,96,6,0,24,0,0,0,0,0,0,1,1628,0,0,103,0,0,0,0,1,31,0,0,0,0,0,0,0,24,0,0,66,0
"585",0,0,0,0,0,0,0,0,0,0,0,0,4,192,522,0,0,0,1,0,0,0,2,0,1,0,0,0,15,8,0,0,0,0,0,27,4,6,0,0,1,0,0,0,0,106,127,0,0,0,2,3,1,0,37,0,0,0,0,0,0,0,0,6,0,2,171,4,0,92,6,0,0,0,1153,228,0,0,0,0,0,0,71,1,14,4,0,1,0,0,0,5,0,0,0,0,0,0,0,0,13,0,1,0,1,0,0,0,0,0,0,40,0,0,0,0,0,0,124,0,0,0,7,0,0,0,0,0,0,42,0,0,0,0,0,0,29,0,0,0,700,0,0,0,0,0,17,0,0,0,6,0,0,0,0,0,0,1,47,1,0,0,0,0,0,0,0,0,0,6,0,0,5035,0,0,44,0,1,5,0,37,0,0,0,0,0,0,0,182,1,0,0,0,0,1,0,0,0,0,0,0,24,0,2,0,70,1,0,0,1,182,0,2,0,0,0,38,7,0,22,15,2,1,1,1,0,0,0,1,4,0,1,0,18,0,0,3,0,0,72,0,0,114,0,0,0,0,0,0,0,0,0,0,0,0,11,8,0,0,0,1,0,0,0,0,0,5,0,6,18,3,0,119,1,7,0,0,1,0,0,0,0,0,0,4,0,0,1,0,0,0,0,0,1,0,0,0,0,28,57,0
"586",0,0,0,0,39,0,0,1,0,0,0,0,0,0,15,0,0,0,0,0,0,15,0,0,0,2392,0,0,126,52,0,0,0,13,0,0,56,489,1,0,0,0,0,174,0,50,0,0,0,0,0,0,0,0,8,0,0,0,0,318,0,0,0,0,0,0,0,0,0,0,40,0,0,0,0,0,0,0,0,20,0,0,0,0,0,0,244,0,0,0,0,565,7,0,12,0,0,0,94,0,0,2,0,0,0,0,0,196,0,47,0,0,0,0,0,0,0,0,22,0,0,0,0,2,24,0,0,0,0,0,69,200,0,0,0,0,26,0,0,0,110,0,0,0,0,0,0,0,0,0,5,0,0,0,3,0,0,0,0,344,0,0,0,549,0,0,0,0,0,0,22,63,1,0,0,0,0,0,0,0,0,0,0,0,0,0,0,0,0,0,0,7,0,0,0,0,0,0,0,0,0,0,0,0,0,0,0,0,1,36,0,0,0,0,3,0,422,0,162,0,192,0,0,0,0,0,0,0,67,0,151,0,0,118,0,0,0,0,0,0,0,0,0,0,3,1,0,0,0,0,0,0,0,0,0,0,0,0,5,10,0,0,0,3,0,0,0,0,0,29,0,137,0,0,0,0,0,0,0,1790,0,0,141,0,0,0,0,0,0,38,0,0,0,0,0,0,13,0,0,58,3
"587",0,31,1,0,0,0,0,14,0,0,0,0,0,0,27,1,0,0,0,2,0,5,0,77,0,3216,0,0,91,1,15,0,0,0,0,0,24,0,0,1,3,0,0,0,0,0,0,1,0,0,0,0,0,1,1,0,0,0,0,12,0,0,0,0,0,0,180,0,0,51,18,1,0,0,0,0,2,0,0,11,0,11,0,0,0,1,1,0,0,0,0,47,0,0,0,0,0,0,0,0,0,2,0,0,0,0,0,2253,0,0,0,0,0,0,0,0,0,0,0,0,0,0,0,0,90,0,0,0,0,0,0,0,0,8,0,0,74,0,0,0,4,0,0,0,0,0,2,1,3,7,15,10,0,19,1,0,0,0,0,0,0,0,0,0,0,0,0,0,0,10,0,0,0,0,0,0,0,5,0,2,0,0,0,0,1,0,0,0,0,0,0,56,1,1,0,0,0,0,0,0,0,0,0,182,0,69,1,0,1,9,0,0,0,0,0,0,0,7,43,0,44,0,0,0,0,0,0,0,0,0,0,0,0,725,0,0,5,1,0,0,0,0,0,0,0,23,0,0,0,0,0,3,0,1,6,4,1,0,5,0,3,0,5,1,1,0,0,0,0,0,21,0,189,0,3,0,51,0,0,1900,0,0,156,0,0,5,0,0,0,0,0,0,0,0,0,0,1,0,0,126,0
"588",0,0,0,0,0,0,12,0,0,0,0,0,1,0,14,0,0,0,0,0,0,10,0,0,0,4668,0,9,0,198,0,0,0,0,0,0,0,0,2,0,0,0,0,36,0,77,0,0,0,0,9,0,0,0,35,0,0,0,0,0,0,0,0,0,0,0,0,0,0,0,14,0,0,0,0,0,0,1,0,0,0,0,186,0,0,0,192,0,0,0,0,12,8,103,0,0,0,0,95,0,0,0,0,0,0,0,0,1018,0,0,0,0,1,120,0,3,138,0,158,0,0,0,0,1,0,0,0,0,0,0,58,12,0,0,0,0,0,0,0,0,7,0,0,0,0,0,0,0,0,0,5,0,1,24,0,0,0,0,0,23,0,2,0,0,0,0,6,0,0,0,0,0,72,0,0,0,10,372,0,0,0,0,0,1,0,0,0,0,0,0,93,320,0,0,0,0,0,0,0,0,0,0,0,0,0,0,0,0,1,0,0,91,0,0,6,0,0,91,276,0,0,0,0,0,0,0,0,0,0,0,0,0,0,0,0,0,4,0,0,0,2,0,0,0,7,0,0,0,0,0,0,0,0,1,29,4,3,0,0,25,0,0,0,2,3,0,0,0,0,0,0,0,124,2,0,2,0,0,0,512,0,59,615,0,0,0,0,0,0,0,0,0,0,0,0,7,4,0,0,0,2
"589",0,0,0,0,0,0,1,0,0,0,0,0,0,0,49,0,0,0,0,0,0,4,0,0,2,2573,0,0,14,3,0,0,0,16,0,0,40,24,0,0,0,0,0,0,0,0,0,0,0,0,0,0,0,0,0,0,0,0,0,4,0,0,0,0,0,0,16,0,0,0,0,0,0,0,0,0,0,0,0,2,0,12,21,0,0,0,0,3,0,6,0,5,0,0,0,139,17,0,0,0,0,0,0,18,0,0,0,1844,0,54,0,0,0,24,0,0,0,0,1,0,0,0,20,0,137,0,0,0,1,0,100,190,0,0,0,0,0,0,0,2,8,0,0,0,0,0,0,0,0,0,0,0,3,0,0,0,0,0,0,40,0,0,0,0,0,0,0,0,0,49,0,10,31,0,0,0,0,0,0,1,0,0,0,0,1,0,0,0,0,0,4,7,14,0,0,0,0,0,0,0,0,0,0,0,0,7,1,0,0,0,0,0,0,0,0,0,2,0,352,0,135,0,0,0,0,0,0,0,0,0,8,0,0,41,30,0,1,0,0,2,0,0,0,0,0,0,0,0,0,0,0,3,0,0,0,0,4,0,0,0,4,0,0,1,3,0,0,0,0,687,0,14,481,0,0,0,0,3,2,1920,0,0,328,0,0,0,0,5,0,48,0,0,0,0,0,5,0,0,0,35,0
"590",0,0,0,0,0,0,6,0,0,0,0,0,0,0,0,0,0,0,0,0,0,114,0,1,0,1092,0,0,0,4,0,0,0,0,0,0,17,0,0,1,0,0,0,151,0,95,0,0,0,0,0,0,0,0,0,0,0,0,0,0,0,0,0,0,0,0,0,0,0,0,0,0,0,0,0,0,0,0,0,0,0,0,1,0,0,0,29,0,0,0,0,0,0,0,0,0,0,0,0,0,0,2,0,0,0,0,0,0,0,0,0,0,0,0,0,0,0,3,0,0,0,0,0,1,97,0,0,0,0,0,0,0,0,0,0,0,157,0,0,0,15,0,0,0,510,0,0,0,0,6,0,0,0,0,1,0,0,0,0,0,0,0,0,0,0,0,0,0,0,0,5,11,0,0,0,0,0,0,0,0,0,0,0,0,13,0,0,0,0,0,0,0,10,0,0,0,0,0,0,0,0,0,0,0,0,11,1,0,0,2,0,0,0,0,10,0,0,0,118,0,0,27,0,0,0,0,0,0,0,0,0,0,0,0,0,0,0,0,0,0,0,0,0,0,0,0,0,0,0,0,0,0,0,0,0,5,3,0,0,209,0,0,0,14,0,0,0,0,0,0,0,393,20,0,0,0,0,0,0,6248,0,16,0,0,0,25,0,0,244,0,0,0,0,0,255,0,31,0,0,29,0
"591",0,4,0,0,0,0,4,0,0,0,0,0,0,0,53,0,0,1,0,0,0,2,0,0,0,0,0,0,176,0,0,0,0,0,0,24,0,3,0,0,0,0,0,0,0,0,0,0,0,0,0,0,0,0,76,2,0,0,0,34,0,0,0,1,0,0,0,0,0,74,0,0,0,0,0,0,0,0,0,0,0,0,0,2,0,8,0,0,0,38,0,0,0,0,108,0,0,0,0,0,0,261,0,2,0,0,0,1787,0,0,0,111,0,0,0,0,0,0,39,1,0,0,0,1,0,0,0,0,9,0,22,0,0,0,0,0,123,0,0,0,3074,0,0,0,0,0,29,0,0,0,26,0,0,0,0,0,0,0,16,0,0,0,0,0,0,0,0,6,0,0,16,0,1,0,0,9,0,8,0,0,0,0,0,0,0,0,0,129,0,0,0,27,0,0,0,0,0,0,0,0,0,0,0,0,519,459,35,0,0,0,2,3,26,0,0,0,225,246,0,0,0,49,0,262,0,119,0,1,4,0,114,0,0,388,0,0,0,1,0,0,0,0,0,0,16,2,0,0,0,0,0,1,12,1,0,90,12,0,0,0,0,0,0,23,0,2,0,0,0,195,0,18,758,0,0,0,0,0,8,0,0,0,26,0,0,0,0,0,4,9,0,0,0,0,0,0,0,0,0,0,0
"592",0,0,0,0,0,0,1,30,0,0,0,1,1,0,1,0,0,1,1,10,55,9,4,1,0,880,0,0,1,1,2,0,0,16,0,0,9,88,1,0,1,0,0,98,0,38,84,6,0,1,2,0,2,1,107,2,0,2,0,0,1,0,1,0,0,50,0,1,0,18,366,0,0,8,0,0,0,0,0,30,0,0,7,0,36,1,129,0,0,0,0,0,5,0,21,39,0,0,6,0,0,0,0,0,1,0,475,12,4,0,0,0,0,24,0,1,0,0,0,0,0,10,0,0,0,319,0,0,2,76,192,26,2,1,0,0,0,0,0,0,43,0,0,0,0,0,3,0,0,1,16,33,0,0,1,0,0,0,0,37,0,0,0,2887,1,1,0,7,0,49,12,0,1,9,0,0,2,13,0,0,11,0,0,0,8,0,0,0,0,0,0,79,1,0,36,0,0,0,0,0,0,0,0,379,0,1,0,0,2,1,0,0,0,22,5,1,0,267,136,12,19,0,7,0,1,0,0,0,104,22,68,12,0,0,0,2,2,0,1,0,0,0,0,10,0,0,0,0,0,0,8,1,42,0,8,15,1,0,13,62,2,0,0,0,0,0,0,0,0,0,0,270,99,1,2,2,0,1,1,1,0,0,355,0,0,0,0,0,18,0,0,0,0,0,0,2,5,0,0,0,0
"593",0,0,0,0,0,0,0,0,0,0,0,0,0,0,6,0,34,0,0,0,0,279,0,0,0,4062,0,0,8,2,0,0,0,0,0,0,0,0,0,0,0,0,0,0,0,0,0,0,0,0,0,0,0,0,0,0,0,1,0,0,0,0,0,1,0,0,0,0,0,42,0,0,0,0,0,0,0,0,0,0,0,0,169,0,0,4,0,0,0,0,0,0,0,0,0,0,419,0,77,0,0,0,1,0,0,0,0,14,0,0,0,0,0,0,0,0,0,0,38,0,0,0,0,0,0,0,1468,0,0,0,0,150,0,0,0,0,0,0,0,0,9,0,0,0,0,0,13,0,1,0,0,0,0,0,0,0,7,0,14,0,0,0,0,0,0,0,0,0,0,3,0,0,0,0,0,0,0,0,0,0,0,0,0,0,11,0,0,0,0,0,0,96,0,0,0,0,0,0,0,0,0,0,0,0,0,183,0,0,0,0,0,0,0,0,0,0,105,0,0,0,97,0,0,0,0,0,0,0,0,0,0,0,0,274,0,0,0,0,0,0,0,0,0,0,1,0,1,0,0,0,0,0,0,0,0,0,0,0,27,0,0,0,0,1,0,0,0,0,4,10,0,0,279,0,0,0,0,0,12,1109,0,0,971,0,0,0,0,1,0,0,0,0,0,0,0,0,0,0,0,0,0
"594",0,0,0,0,0,0,1,0,0,0,0,0,0,0,34,0,4,0,0,0,0,15,0,1,0,0,0,0,6,0,22,0,0,0,0,0,0,30,0,0,0,0,0,0,0,22,0,0,0,0,0,0,0,0,0,7,0,0,0,124,0,0,0,46,0,0,26,0,0,33,0,0,0,0,0,0,0,0,0,10,0,0,332,0,0,0,0,0,0,27,0,1,0,0,0,0,0,0,0,0,0,0,0,0,0,0,0,6392,0,0,0,0,0,0,0,0,2,0,367,0,0,0,0,1,13,0,11,0,4,0,0,1,0,0,0,0,21,0,2,0,1031,0,0,0,0,0,43,0,0,0,10,0,0,14,0,0,0,0,0,0,0,0,0,0,0,0,0,0,0,0,0,0,0,0,0,0,0,249,125,0,0,0,0,0,0,0,0,0,0,0,0,59,1,0,0,0,0,0,0,0,0,0,0,0,0,29,2,0,1,0,0,0,0,1,0,0,72,267,0,0,59,26,0,0,0,0,0,0,0,0,0,0,0,0,0,0,11,0,0,2,0,0,0,0,0,0,0,0,0,0,0,0,0,0,0,0,0,0,0,0,0,0,0,0,0,0,0,0,0,498,0,0,266,0,0,0,0,0,0,4,0,0,0,0,0,0,0,1,0,0,0,0,0,0,87,0,2,0,0,73,0
"595",0,0,0,0,0,0,0,4,0,0,0,0,1,1,7,0,0,0,0,0,1,0,0,0,0,2491,0,0,2,25,472,0,0,54,0,0,197,0,0,0,0,0,0,7,0,31,0,0,0,0,1,0,1,0,0,0,0,0,0,24,0,0,0,0,0,0,1339,0,0,0,1,0,0,18,0,0,0,0,0,30,1,0,245,0,5,9,0,0,0,3,0,0,2,0,0,0,0,0,0,0,0,3,0,0,1,0,1,579,0,0,0,0,1,28,0,0,0,0,55,0,0,0,0,1,164,0,0,0,0,0,1,5,0,0,0,0,17,1,0,0,37,0,0,0,0,0,0,0,0,5,3,3,0,6,1,0,0,0,0,144,0,0,0,0,0,0,0,0,0,0,0,0,1,0,0,0,0,1,0,1,0,0,0,0,7,0,0,0,0,0,0,67,0,0,0,0,0,2,0,0,0,0,0,1196,0,112,14,0,1,1,0,0,0,0,0,0,168,2,193,0,42,14,0,0,0,1,0,0,12,0,80,0,1,1239,0,0,0,0,1,35,0,0,0,7,91,0,0,0,0,0,1,0,0,0,2,10,22,0,0,0,3,0,0,1,1,0,0,0,0,6,0,0,49,0,0,0,1,1,0,99,0,0,114,0,0,23,1,0,110,0,0,0,0,0,176,0,9,0,0,64,0
"596",0,0,1,0,0,0,0,0,254,0,0,0,0,0,194,0,2,2,11,0,2,14,0,0,0,164,0,0,0,0,72,0,0,301,5,0,0,0,1,0,0,0,0,8,0,75,0,7,0,0,4,0,2,0,10,5,0,0,0,0,0,0,0,0,1,3,0,0,0,0,8,0,0,0,0,0,0,0,0,36,0,1,44,0,0,0,0,0,0,52,0,20,3178,0,0,0,0,0,0,29,0,21,0,0,0,0,0,0,0,0,0,7,30,51,0,0,0,0,25,0,0,0,0,0,104,0,0,0,0,0,2,0,0,0,0,0,0,0,0,0,0,16,0,0,11,0,11,0,0,1,1,3,73,0,0,0,0,0,0,268,0,0,0,0,0,0,0,0,1,0,0,1,18,1,0,0,0,9,79,0,3,0,0,4,0,0,1,0,0,0,0,10,0,0,0,0,0,0,0,0,0,2,0,2,0,0,0,0,0,2,0,0,6,0,2,0,0,6,332,0,1,0,0,2,0,38,0,0,70,0,58,0,0,0,0,0,2,0,0,146,0,0,198,0,0,0,0,0,0,0,0,0,0,0,0,0,0,0,0,11,2,0,0,3,0,0,16,0,0,0,0,29,0,0,9,0,0,0,0,3500,0,0,123,0,0,0,1,0,0,6,95,0,0,41,0,0,5,0,0,29,2
"597",0,0,2,0,5,4,0,0,0,1,1,2,13,0,69,0,0,9,3,14,0,23,6,0,3,3,0,0,210,70,1035,0,0,50,0,0,1,254,1,0,0,3,0,49,0,12,0,2,0,0,4,0,2,0,26,2,0,0,0,259,1,0,0,1,0,4,50,0,0,0,6,1,2,2,658,0,1,0,0,16,2,4,0,0,15,15,1,0,0,116,0,263,0,23,12,32,0,0,12,0,0,0,12,0,2,1,69,0,0,0,0,30,0,48,3,0,0,66,29,0,0,12,0,84,19,6,0,0,4,117,12,2,0,0,0,0,948,4,0,1,62,0,0,0,0,0,3,8,0,12,0,1,0,0,1,0,0,0,10,58,0,3,0,0,0,0,0,0,1,22,2,0,4,0,0,0,3,4,1239,1,102,0,6,0,1,0,0,1,67,0,1,48,0,0,0,0,0,0,0,0,0,0,0,0,0,103,0,0,0,0,0,8,13,9,0,1,283,3,755,0,0,4,7,106,0,0,5,0,0,18,0,1,1,394,0,4,1,0,2,4,4,0,0,0,1,2,0,0,0,0,0,5,42,0,2,10,5,0,16,0,3,0,0,2,1,0,0,0,40,0,0,12,338,118,0,5,0,4,5,0,5,0,49,0,0,0,0,0,26,0,0,0,17,0,24,2,11,0,0,87,0
"598",0,0,0,0,0,1,4,1,0,0,0,0,0,0,0,0,92,0,2,0,2,26,0,15,0,0,0,0,16,29,6,0,0,46,0,0,4,2,0,0,0,0,0,0,0,149,0,0,0,0,0,0,0,0,1,5,0,0,0,10,1,0,0,0,0,0,185,0,0,0,0,0,0,0,0,0,0,0,0,7,0,0,39,0,0,0,0,0,0,24,0,15,0,0,0,0,0,0,34,0,0,0,0,0,0,0,222,1472,0,0,0,0,0,46,3,1,0,0,141,1,0,0,8,2,66,0,0,0,0,0,3,10,0,0,0,0,144,0,0,0,1523,4,0,0,0,0,27,3,5,0,10,13,0,55,0,0,0,0,0,0,0,0,0,1011,0,0,1,0,0,0,5,0,0,0,1,0,3,0,0,2,0,0,0,0,20,0,0,3,0,0,0,57,3,0,0,0,0,0,0,0,42,0,0,0,0,77,0,0,0,0,0,120,0,6,2,0,0,0,322,0,64,15,0,0,0,0,0,0,0,0,119,0,0,0,0,0,5,0,0,0,7,0,0,0,0,0,4,0,0,0,0,3,6,3,14,491,56,0,1,0,0,0,0,5,0,0,0,0,0,0,26,18,1764,0,0,0,0,0,0,1003,1,60,26,0,0,0,0,0,0,27,0,8,2,0,0,0,36,0,0,87,0
"599",0,0,0,0,0,0,2,46,0,0,5,0,0,0,0,3,84,0,0,0,0,1,0,0,0,2746,0,0,7,333,144,0,0,0,0,0,40,0,0,0,0,0,0,0,0,0,0,1,0,21,0,0,1,0,0,2,0,0,0,16,0,0,0,3,0,0,87,0,0,0,40,7,0,25,0,0,1,0,0,0,0,24,0,0,0,8,0,0,0,27,73,0,741,0,0,0,17,0,4,0,0,0,31,5,0,0,0,424,0,0,0,0,0,27,0,0,0,73,306,0,4,0,0,1,125,0,0,0,0,0,0,224,0,0,0,0,663,0,0,0,0,0,0,8,0,0,14,0,3,0,6,7,1,79,0,0,0,0,0,0,0,0,0,0,0,0,0,0,0,4,5,0,0,0,0,0,0,2,0,0,0,0,0,0,12,0,0,0,0,0,61,15,0,0,30,0,0,0,1,0,0,0,0,12,0,81,0,0,0,8,0,0,0,22,0,0,0,0,302,0,0,0,0,0,0,0,0,0,140,0,0,1,0,912,0,0,0,0,0,0,0,0,0,0,0,0,0,0,9,0,0,0,0,0,9,0,43,0,0,0,1,0,0,6,0,0,0,0,0,440,0,0,481,33,0,0,0,0,0,726,0,0,47,0,0,0,0,0,40,8,0,0,0,0,22,0,0,0,0,15,0
"600",0,0,0,2,0,0,2,4,88,0,0,0,4,58,32,0,0,10,0,0,0,4,0,3,1,2746,0,0,58,2,0,0,0,0,0,0,3,0,11,2,0,0,2,27,0,164,0,1,0,0,0,0,0,0,3,0,0,0,0,2,0,4,1,3,1,0,647,0,0,131,30,0,0,2,0,0,0,0,0,28,0,0,0,0,6,0,0,0,0,0,2092,13,0,0,0,0,0,0,0,1,0,2,0,0,0,0,0,298,0,28,0,0,0,40,0,0,138,0,24,0,0,0,0,1,0,153,0,0,1,0,2,42,0,1,0,0,0,0,0,0,49,0,0,0,0,0,8,0,0,1,1,0,25,0,6,0,0,0,5,0,0,0,0,0,0,0,0,0,0,0,5,0,0,0,0,0,0,3,1,1,0,0,0,0,8,0,0,0,0,0,0,27,5,4,0,0,0,0,0,0,0,0,0,220,0,1,0,0,0,22,0,0,2,1,0,0,0,179,1,3,0,0,0,0,0,0,0,0,71,0,9,0,0,104,0,0,1,0,0,0,0,0,0,0,0,0,0,0,0,0,67,1,0,0,1,34,4,0,1,2,1,0,0,5,1,0,0,28,0,2,8,0,938,0,1,0,0,0,1,4,0,0,0,0,1065,0,0,0,16,0,0,0,0,0,1,0,11,0,0,0,0
"601",0,0,0,0,0,0,321,31,0,0,0,0,0,155,24,0,52,0,0,0,19,14,0,0,0,0,0,0,90,0,0,0,0,60,0,0,0,94,1,0,0,0,0,0,0,300,0,0,0,0,0,0,0,0,0,0,0,0,0,129,0,0,10,0,0,0,647,0,107,61,8,0,0,0,0,0,0,0,0,248,0,0,498,0,62,0,0,0,0,0,0,8,90,0,0,5,0,1,1,0,0,0,0,0,2,0,0,3232,0,0,0,0,0,0,0,0,0,0,431,0,0,0,0,3,0,0,0,0,0,0,58,95,0,0,0,0,0,0,0,0,64,0,0,0,0,0,0,0,0,0,0,2,0,0,0,0,0,0,0,97,0,0,0,0,0,0,0,0,0,0,0,0,0,0,0,0,0,0,187,0,0,0,0,0,102,0,0,0,0,0,0,60,0,0,0,2,0,0,0,245,0,0,0,0,0,56,0,0,0,9,0,0,0,0,0,0,126,0,0,40,0,0,0,0,0,11,556,0,6,0,211,0,0,340,0,0,0,0,0,0,0,0,0,0,0,0,0,0,0,0,0,0,0,0,0,0,0,0,0,28,0,0,0,10,0,0,0,0,0,838,11,14,119,0,22,0,0,0,0,0,0,0,288,0,0,0,0,0,0,0,0,0,0,0,0,0,18,0,0,0,0
"602",0,0,0,0,0,0,8,31,0,0,0,0,0,386,4,0,0,4,0,0,0,6,0,0,0,457,0,0,20,0,100,0,0,0,0,0,3,238,0,0,2,0,0,0,0,38,0,0,0,0,0,0,0,0,3,0,0,0,0,292,0,0,1,8,74,0,478,0,0,370,6,0,0,0,0,212,0,0,0,544,0,18,0,0,0,0,46,0,0,4,0,34,0,0,0,0,0,0,70,0,0,0,0,0,0,0,0,251,0,0,0,0,0,1,0,1,0,0,55,0,0,0,0,1,0,0,0,0,0,0,8,452,0,0,0,0,6,0,0,0,56,0,0,0,60,0,98,0,0,0,7,12,0,29,1,0,0,0,48,0,0,0,0,701,0,0,0,0,0,0,5,0,0,0,0,0,0,0,192,2,0,0,0,0,16,0,0,0,0,0,0,11,17,0,0,0,0,0,0,0,7,0,0,190,362,75,17,0,0,6,0,0,0,9,12,0,98,19,0,15,0,41,0,0,0,0,19,0,0,7,103,0,0,61,0,0,2,0,0,72,0,0,0,0,0,10,0,0,0,0,0,4,0,0,0,0,12,0,9,0,0,0,13,49,0,1,0,0,0,39,0,45,0,0,0,0,0,0,4,1418,0,4,0,0,0,0,0,134,0,1,0,0,0,0,24,0,4,0,0,0,0
"603",0,0,0,0,0,0,1,1,5,0,0,0,0,0,38,0,33,0,0,0,0,51,0,0,0,4304,3,0,989,0,0,0,0,192,0,0,0,44,0,0,6,0,0,0,0,0,0,0,0,0,0,0,0,0,0,0,0,3,0,0,0,0,7,0,0,0,239,27,0,0,0,0,0,0,0,0,0,0,43,0,0,0,0,0,0,0,0,0,0,0,0,1281,9,0,0,0,0,0,0,0,0,50,0,0,0,0,0,942,0,0,0,0,0,0,0,0,0,0,0,0,0,0,0,0,470,0,0,0,0,0,0,1,0,3,61,1,61,0,0,0,0,0,0,0,0,0,0,0,0,1,7,0,0,0,1,0,19,0,0,0,0,0,0,2,0,0,0,0,0,0,0,0,0,0,1,0,0,6,0,0,0,0,0,0,0,2,0,0,0,0,0,0,5,6,0,0,0,0,0,0,0,8,0,0,0,0,0,0,1,42,0,0,0,0,0,0,32,0,0,2,0,0,151,0,0,0,0,0,1,0,24,0,0,0,0,4,0,1,0,0,0,0,0,0,0,0,1,28,0,0,24,0,0,0,0,0,0,0,30,0,0,3,0,0,0,0,0,0,9,107,0,0,238,0,0,0,1,0,2,0,0,0,0,0,0,0,0,0,0,0,0,0,0,0,0,0,11,0,0,46,0
"604",0,0,0,0,0,0,24,0,0,0,0,0,0,0,870,0,0,0,0,0,28,26,0,48,0,2291,0,0,124,2,131,0,0,52,0,0,149,130,0,0,0,0,0,0,0,23,0,11,0,0,0,0,0,1,0,0,1,0,0,4,0,0,0,1,0,0,17,0,0,0,0,0,1,9,0,0,0,0,0,67,0,0,0,0,0,0,1,0,0,54,0,0,0,0,0,0,0,0,0,0,0,0,0,0,2,0,0,125,0,0,0,0,0,21,0,0,0,0,29,1,1,0,0,0,48,0,0,0,0,0,0,203,0,0,0,0,256,0,0,0,1,0,0,0,0,0,1,0,0,0,1,0,0,0,1,0,0,0,0,39,0,0,0,0,0,0,1,0,0,1,5,0,0,0,0,0,0,8,0,0,0,0,0,0,0,0,0,0,0,0,1,17,6,1,0,0,0,38,0,0,0,0,0,0,390,5,0,0,62,0,0,0,0,0,37,1,43,0,228,0,0,0,0,0,0,0,0,0,8,0,0,0,0,874,0,0,1,1,0,0,0,0,0,0,0,4,0,0,0,0,0,8,14,0,4,0,4,0,5,0,1,0,0,1,0,0,0,0,0,102,0,0,427,0,0,0,0,0,4,2727,0,2,71,0,0,0,0,0,12,0,0,0,0,0,0,0,3,0,0,96,0
"605",0,0,0,0,0,0,3,0,0,0,0,0,0,0,79,0,0,0,0,0,0,8,1,2,0,1854,0,0,13,61,0,0,0,99,0,0,0,82,0,0,0,0,0,0,0,159,0,0,0,0,0,0,0,0,0,0,0,0,0,0,0,8,0,18,0,0,107,0,1,25,0,0,0,0,0,0,0,0,0,130,0,0,201,0,0,1,0,0,0,52,0,9,6,0,0,0,0,0,8,0,0,0,0,0,1,0,0,587,0,0,0,0,0,150,0,0,0,0,367,0,0,0,0,1,8,0,0,0,0,0,0,0,0,0,0,0,318,0,0,0,4,0,0,0,0,0,9,0,0,0,0,0,0,0,0,0,0,0,0,1,0,0,0,0,0,0,0,0,0,0,2,0,2653,0,0,0,0,61,326,0,0,0,0,0,34,0,0,0,0,0,0,94,0,0,0,0,0,0,0,0,0,0,0,0,1195,16,0,0,0,1,0,0,0,0,5,0,89,0,74,0,0,0,0,0,0,0,0,0,0,0,217,0,0,128,0,0,0,0,0,2,0,0,0,0,2,0,0,0,0,0,0,0,0,0,34,13,0,0,0,0,0,0,0,1,0,0,0,0,0,75,0,0,6,0,0,0,0,0,3,493,0,0,28,0,0,0,0,0,4,22,0,0,0,0,14,0,3,0,0,36,0
"606",28,47,0,0,0,0,4,0,0,0,0,0,0,0,527,0,0,0,0,0,0,79,0,7,0,2573,0,0,40,0,55,0,0,77,0,0,317,90,0,0,0,0,0,0,0,0,0,0,0,0,0,0,0,0,0,0,0,0,0,253,0,0,0,1,0,0,0,0,0,0,0,0,1,0,0,0,0,0,0,57,24,0,0,0,0,0,0,0,0,58,0,0,376,0,0,180,0,0,0,0,0,0,0,0,0,0,0,418,0,55,0,0,0,0,5,0,0,0,0,0,0,0,0,0,0,0,0,0,0,0,0,0,0,8,0,2,4,0,0,0,123,0,0,0,0,0,2,0,0,0,13,0,0,0,0,0,0,0,0,0,0,0,0,0,0,1,0,0,0,0,0,0,0,0,0,0,0,0,69,0,0,0,0,0,0,0,0,0,0,0,0,37,1,1,0,0,0,0,0,0,0,0,0,0,0,4,23,0,0,19,0,0,0,0,0,0,59,0,0,0,0,0,0,0,0,0,0,0,0,0,0,0,0,185,0,0,0,19,0,0,0,1,0,0,0,0,0,9,0,0,0,9,0,0,128,0,0,0,0,162,0,0,0,1,0,0,0,0,0,356,0,0,1028,0,14,0,0,0,0,0,0,0,891,0,0,0,0,0,0,0,0,0,0,0,209,0,16,0,0,425,0
"607",0,0,0,0,0,0,1,0,0,0,0,0,1,0,19,0,0,0,0,0,0,0,0,6,0,4,0,0,4,8,1417,0,0,13,0,0,4,0,1,0,0,0,0,21,0,0,0,0,0,0,0,0,0,0,0,0,0,0,0,0,0,0,1,0,0,0,0,0,0,0,0,0,0,0,0,0,0,0,0,0,0,0,0,0,0,0,0,0,0,0,0,3,30,0,0,41,0,0,0,0,0,5,0,0,0,0,0,187,0,0,0,0,0,0,0,1,0,2,0,1,0,0,0,1,0,0,0,0,0,0,0,0,0,0,0,22,0,0,0,0,2,0,0,0,0,0,0,0,0,0,0,0,0,0,1,0,0,0,0,22,0,0,0,0,0,0,0,0,0,0,0,0,0,2,0,0,0,0,0,0,0,0,0,0,0,0,0,0,0,0,0,0,2,3,0,0,0,0,0,0,0,0,0,0,0,1,0,0,0,3,0,0,0,0,0,0,0,0,1,0,10,0,0,0,0,0,0,0,3,0,0,0,0,324,0,0,0,0,0,4,0,0,0,0,1,0,0,0,0,0,0,0,0,0,0,0,0,0,0,0,0,0,0,0,0,0,0,0,0,6440,0,0,33,0,1,0,0,0,0,562,0,0,0,0,0,0,0,0,0,0,0,0,0,0,44,0,5,0,0,12,0
"608",0,0,4,2,0,0,1,0,0,0,0,0,0,0,96,0,0,0,0,0,0,9,0,4,0,2504,0,4,6,9,0,0,0,45,0,0,19,0,0,0,0,0,0,0,0,10,0,0,0,0,0,0,0,0,0,0,1,1,0,0,1,0,0,1,0,3,45,0,0,81,0,0,0,0,0,0,0,0,0,0,0,1,217,0,14,1,0,0,0,0,0,3,0,0,0,0,11,0,0,0,0,76,1,0,1,2,0,1560,0,0,0,0,0,0,0,0,0,0,11,0,0,0,0,1,227,0,0,0,0,0,0,0,0,1,0,0,597,5,0,0,627,1,0,0,0,0,0,0,0,16,1,0,0,3,0,0,0,0,0,48,0,0,0,0,0,0,0,0,2,0,9,0,1,0,0,0,0,4,129,0,0,0,0,0,0,0,0,0,0,0,23,0,0,0,0,0,0,0,1,21,0,0,0,440,0,0,0,0,0,1,0,0,0,0,0,1,0,23,0,0,57,19,0,0,0,0,0,0,0,0,0,1,1,739,0,0,0,0,1,2,0,0,0,0,6,0,0,0,0,0,0,0,0,0,0,0,14,0,0,0,2,0,0,1,0,0,0,0,0,321,0,0,737,0,0,0,0,1,3,922,0,0,28,0,0,0,0,0,43,24,0,17,0,0,0,0,0,0,0,21,0
"609",0,0,0,0,0,0,20,0,0,0,0,0,0,6,39,0,0,0,1,0,8,18,0,1,0,1830,0,0,11,71,0,0,0,92,0,0,0,37,0,0,1,0,0,8,0,9,0,0,0,0,0,0,0,0,19,0,0,0,0,0,0,8,0,0,0,0,13,0,0,0,0,0,0,0,0,556,0,0,0,3,0,0,0,0,14,11,2,0,0,0,0,2,3,0,0,0,0,0,0,0,0,0,0,1,1,0,13,395,0,0,0,0,0,7,0,0,0,0,16,0,3,0,0,0,0,0,0,0,0,0,8,14,0,0,0,0,0,0,0,0,6,0,0,0,0,0,22,1,0,0,2,0,0,0,0,0,0,0,0,11,0,0,0,0,0,0,0,0,0,0,1,0,0,0,0,0,0,0,0,0,0,0,0,0,14,0,0,0,0,0,0,86,1,0,0,0,0,0,0,0,0,0,0,0,0,39,3,0,0,5,0,0,0,0,0,0,55,4,0,0,0,1,0,0,1,0,0,0,0,0,10,1,0,268,0,0,1,0,0,1,0,0,0,0,0,0,0,0,0,0,0,1,0,0,0,61,4,1,2,19,0,0,0,3,1,0,0,0,0,3907,0,13,684,0,0,0,0,0,2,1433,0,0,66,0,0,0,0,1,0,13,0,0,0,0,0,0,4,0,0,19,0
"610",0,0,0,0,4,1,2,46,0,0,0,0,0,0,0,0,2,2,0,2,56,143,0,1,0,1228,2,0,11,13,137,0,0,218,0,0,0,0,0,0,0,0,0,0,0,237,0,1,1,1,0,0,1,0,0,0,0,0,0,10,0,0,0,0,24,0,10,1,0,41,137,0,0,6,0,0,0,1,0,0,0,0,76,1,0,0,1,0,0,764,0,13,1,0,0,1,0,0,0,0,18,0,0,0,0,0,0,233,0,0,0,0,0,334,0,1,0,0,77,0,0,0,0,0,0,0,44,0,4,0,35,143,0,0,0,0,6,0,0,0,14,0,0,0,0,0,10,0,0,0,12,21,0,3,0,0,0,0,0,59,0,0,0,0,1,0,0,0,0,130,1,0,0,0,0,0,1,165,319,1,0,0,15,0,9,0,0,0,0,0,1,77,20,13,0,0,0,0,1,1,70,0,1,9,0,2,1,3,0,17,0,0,0,9,115,0,58,14,253,0,63,0,0,0,1,0,0,1,108,3,78,0,0,41,0,0,0,0,0,0,0,0,0,10,0,1,0,4,0,0,0,3,11,0,0,1,3,0,16,0,1,13,0,1,0,0,0,0,0,1,1,60,266,0,4,0,0,0,3,3147,1,0,91,0,0,0,1,3,35,0,0,0,0,0,0,2,0,0,0,517,0
"611",0,0,0,0,4,0,0,2,0,1,1,0,0,0,6,0,7,1,0,0,1,0,0,0,0,2841,0,0,5,12,0,0,0,86,0,0,0,104,0,0,0,0,0,0,0,467,0,3,0,0,1,0,2,0,2,0,0,0,0,81,1,0,0,2,0,1,169,0,0,0,9,0,0,0,0,0,0,0,0,49,0,18,235,1,0,14,63,0,0,27,0,18,0,0,0,0,0,0,84,0,0,5,0,0,0,0,0,1586,0,339,0,0,0,79,0,3,0,0,72,0,0,0,0,1,41,13,0,0,2,0,0,70,0,3,0,0,13,0,0,0,0,1,0,0,0,0,15,3,0,0,5,6,1,13,0,0,0,0,0,0,0,0,0,2,0,0,0,0,0,20,3,0,10,0,0,0,0,28,546,3,0,0,22,0,0,0,0,0,0,0,38,0,0,5,0,0,95,0,0,0,0,0,0,670,0,15,4,0,0,3,0,0,18,1,1,0,401,3,0,0,0,0,0,0,0,7,0,0,0,0,83,0,0,220,0,0,4,0,0,1,0,0,0,0,0,19,0,0,0,0,0,1,12,0,0,5,3,0,8,0,0,0,0,1,0,0,0,0,0,43,2,0,65,0,1,0,0,0,0,748,1,0,263,0,0,0,0,0,0,17,0,0,0,0,0,0,1,0,0,23,0
"612",0,0,0,18,0,0,2,0,0,0,1,0,0,361,3,0,15,1,0,0,0,2,0,0,0,898,0,0,8,0,0,0,0,16,0,0,688,196,2,0,1,0,0,0,0,0,0,0,0,0,0,0,0,0,0,0,0,0,0,9,0,1,0,55,0,0,30,0,4,0,44,1,1,0,0,167,1,0,0,7,2,0,0,0,19,1,0,0,0,56,81,4,17,0,0,86,0,0,0,0,0,1,0,1,1,0,6,1198,0,0,0,11,0,22,0,0,0,0,0,18,0,0,0,1,157,0,0,0,1,0,0,18,2,0,0,9,34,0,0,0,1,0,0,0,0,0,0,0,0,0,0,0,0,35,0,0,0,1,0,11,0,8,0,0,0,0,0,0,0,0,4,0,4,0,0,0,0,1,0,0,0,0,0,0,0,0,0,0,0,0,0,146,0,0,0,2,11,0,0,928,0,0,0,15,1113,0,0,0,0,18,0,0,0,0,2,0,0,10,0,0,0,44,0,0,0,0,0,1,25,0,32,0,0,273,0,0,0,0,1,0,0,0,114,0,1,0,0,0,0,0,0,6,0,0,0,0,1,0,0,0,0,0,2,8,0,0,0,0,0,2,0,0,185,0,0,0,0,0,9,1433,0,0,220,0,0,0,0,1,36,50,0,0,0,0,70,0,9,0,4,85,0
"613",0,32,0,0,2,0,1,13,0,0,0,0,0,0,191,0,0,0,0,0,0,0,0,0,0,515,0,0,136,12,0,0,0,0,0,0,0,0,0,0,1,0,0,0,0,0,0,0,0,0,0,0,0,0,0,0,0,8,0,31,0,0,0,0,0,0,19,1,0,0,0,0,0,0,0,0,0,0,0,0,0,0,0,0,0,0,48,0,0,0,0,0,105,0,0,5,0,0,0,0,0,0,13,0,0,0,0,0,0,0,0,0,0,11,0,0,0,491,0,0,0,0,0,3,0,0,0,0,0,0,0,0,0,0,0,0,766,0,0,0,1,1,0,0,138,0,0,0,0,19,0,0,0,0,0,0,0,0,0,0,0,0,0,0,0,0,0,5,0,4,0,0,118,0,0,0,0,0,0,0,0,0,0,0,0,0,0,0,0,0,0,0,1,0,0,0,0,0,0,0,0,0,0,0,0,0,0,0,0,66,0,0,0,0,0,0,0,0,0,21,0,0,0,0,0,0,0,0,0,0,0,0,0,908,0,0,0,0,0,103,0,0,0,0,0,336,0,0,0,0,0,0,0,0,0,0,4,0,0,0,6,0,0,0,0,0,0,0,0,3914,0,0,106,0,0,0,0,0,0,1838,0,0,0,0,0,0,0,6,0,0,0,0,0,0,0,0,0,0,0,0,0
"614",0,0,3,0,0,0,0,0,0,0,0,0,0,0,0,0,0,0,0,0,0,48,1,3,1,3,0,0,0,0,1157,0,0,111,0,0,0,103,0,0,3,0,0,0,0,5,0,1,0,0,0,0,0,0,0,4,0,0,1,81,0,0,1,0,0,0,24,0,0,0,0,0,0,0,423,0,0,0,0,20,0,0,0,1,3,0,0,1,0,0,1,3,0,0,0,6,0,0,38,0,1,0,0,0,0,0,0,2438,0,3,0,0,0,1013,0,0,0,3,419,0,0,2,0,0,0,0,44,8,0,0,0,0,0,1,0,0,0,0,0,1,10,0,0,0,0,0,3,0,0,0,0,0,0,0,1,0,0,0,0,18,0,0,0,0,0,0,0,0,1,0,4,0,0,1,0,0,0,0,228,0,37,0,0,0,34,0,0,0,24,0,0,100,1,0,0,0,0,0,0,0,0,0,0,1125,0,0,0,0,0,0,0,0,0,0,5,0,50,27,0,4,0,0,0,0,0,0,0,0,180,3,99,2,0,0,0,0,6,0,0,0,0,0,3,0,0,96,0,0,0,0,0,2,0,0,0,0,1,0,30,0,1,0,0,0,0,0,0,0,0,0,0,0,573,2,1,0,0,0,6,994,0,0,346,0,0,0,0,0,2,0,0,0,0,0,0,6,0,0,0,95,0
"615",0,0,0,0,0,0,1,0,0,0,0,0,1,0,13,0,0,0,0,0,0,0,0,9,0,2230,0,0,20,9,1,0,0,0,0,0,0,0,0,0,0,0,0,0,0,16,0,0,0,0,0,0,0,0,0,0,0,0,0,0,0,0,0,86,0,0,20,0,0,0,0,0,0,0,0,0,0,0,0,0,0,0,0,0,0,88,0,0,0,0,0,77,0,0,0,0,0,0,0,0,0,32,0,0,0,0,0,474,0,0,0,0,0,0,0,0,0,0,42,6,0,0,0,1,205,0,0,0,0,0,0,0,0,0,0,0,170,0,0,0,50,0,0,0,0,0,0,0,0,0,0,0,0,0,1,0,0,0,0,0,0,0,0,0,0,0,3,0,0,0,0,0,20,0,0,0,0,0,0,0,0,0,0,0,0,0,0,0,0,0,0,72,0,0,0,0,0,0,0,0,0,0,0,0,0,0,0,0,3,0,1,0,0,0,0,0,0,0,99,0,0,0,0,0,0,0,0,0,4,0,0,0,0,188,0,0,0,0,1,86,0,0,0,0,0,1,0,0,0,0,0,0,0,0,0,31,16,0,0,0,0,0,0,0,1,0,0,0,2,4641,0,0,149,0,0,0,0,0,0,258,0,17,0,0,0,1,0,0,0,0,0,0,0,0,0,0,275,0,0,40,0
"616",0,0,0,0,0,0,0,0,0,0,0,0,0,0,30,0,0,0,0,0,229,56,0,0,0,1190,0,0,10,0,0,0,0,1,0,0,13,0,0,0,0,0,0,67,0,0,0,1,0,0,0,0,0,0,2,0,0,0,0,0,0,0,0,0,0,0,148,0,22,0,24,0,0,0,0,0,0,0,0,62,0,20,0,1,62,0,1,1,0,42,136,3,0,0,0,0,0,0,63,0,0,0,0,0,0,0,246,0,0,0,0,46,0,140,0,0,0,0,29,49,0,0,0,11,571,0,0,0,0,0,0,298,0,0,0,0,569,0,0,0,0,0,0,0,0,0,0,3,0,0,1,0,0,0,1,0,0,0,387,12,0,0,0,0,0,0,0,0,0,0,0,0,0,0,0,0,0,0,0,1,0,0,0,0,1,0,0,0,0,0,0,40,1,0,0,0,0,0,0,0,0,0,0,7,0,8,4,0,0,2,0,0,30,0,8,0,276,3,0,10,0,0,0,0,0,0,0,0,94,0,172,0,0,1909,0,0,8,0,0,14,0,0,0,0,0,0,0,0,0,0,289,1,0,0,5,16,1,0,1,0,0,2,0,1,0,0,0,0,0,87,0,0,1042,0,0,0,0,0,0,1304,0,0,28,0,0,0,0,1,4,5,0,0,0,0,0,1,0,23,0,40,0
"617",0,0,0,0,0,0,0,0,0,0,0,0,0,0,1,0,0,0,0,0,1,25,0,6,0,3389,0,0,42,17,15,0,0,70,0,0,0,0,0,0,0,0,0,0,0,88,0,1,0,0,0,0,0,0,0,0,0,0,0,57,0,64,0,0,0,0,0,0,0,0,0,0,0,0,0,0,0,0,0,0,0,0,0,0,0,0,0,0,0,0,787,0,9,0,0,0,0,0,52,0,0,20,0,0,0,0,0,12,0,0,0,0,0,26,0,0,0,0,0,1,2,0,0,128,1029,0,0,0,0,0,37,26,0,0,0,0,12,0,0,0,34,0,0,0,0,0,1,0,0,0,0,0,0,0,0,0,0,0,0,0,0,0,0,0,0,0,0,0,0,0,0,0,0,0,0,0,0,0,0,0,0,0,0,0,0,0,0,0,0,1,0,42,0,0,0,0,0,0,0,0,0,0,0,0,0,4,0,0,1,0,0,0,0,0,0,0,58,0,0,0,0,0,0,0,0,0,0,0,180,0,17,1,0,69,0,0,0,0,0,0,0,0,0,0,0,0,0,0,0,0,0,0,0,0,1,3,2,0,0,0,0,0,0,0,0,0,0,0,0,3,0,0,820,0,0,0,0,0,0,2788,1,0,134,0,0,0,0,0,8,0,0,0,0,0,54,0,0,38,0,0,0
"618",0,0,0,0,0,0,0,0,5,0,0,0,0,334,2,0,0,0,0,0,0,0,0,0,0,3914,0,0,0,0,0,504,0,0,0,0,0,0,0,0,1,0,143,0,0,184,0,0,0,0,0,0,0,0,0,0,0,0,0,0,0,2,0,0,0,0,20,0,0,0,50,0,0,0,0,0,0,0,0,25,0,0,0,0,26,0,0,0,0,0,1322,0,0,13,0,0,0,0,41,0,0,0,0,0,0,0,0,0,0,0,0,0,0,0,0,0,0,0,36,0,0,0,0,0,0,0,0,0,0,0,0,0,0,0,0,0,8,4,0,0,6,0,0,0,0,0,0,0,0,0,0,0,0,0,0,0,0,0,0,0,0,0,0,701,0,0,0,0,0,0,0,0,0,0,0,0,0,979,0,0,0,0,0,0,0,0,0,0,0,0,0,0,0,0,0,0,0,0,0,0,0,0,0,0,0,0,0,0,1,0,0,0,0,0,0,0,0,0,0,0,0,0,0,5,0,0,0,0,193,0,0,0,0,0,0,0,0,0,0,18,0,0,0,0,0,0,0,0,0,0,8,0,0,1,0,0,1,0,0,29,0,0,0,0,0,0,0,396,0,0,0,0,1015,5,0,0,0,0,0,0,0,0,0,0,0,0,0,0,0,0,0,0,0,0,0,0,10,0,0,0,0
"619",0,0,0,0,0,0,18,90,0,0,1,2,0,203,1,0,0,1,1,0,25,148,0,0,0,1553,2,0,0,3,305,0,1,96,0,0,34,223,2,0,0,0,0,45,0,15,0,2,0,0,1,0,1,0,0,0,0,0,0,238,4,8,0,0,0,0,1556,0,6,0,30,0,0,3,0,0,0,2,0,259,11,1,282,1,35,0,0,1,0,22,0,1,18,23,0,0,0,0,0,0,0,0,0,2,1,0,97,908,0,0,0,12,0,61,0,0,0,0,108,0,0,0,0,1,20,0,0,0,1,27,46,624,51,0,1,0,7,0,0,0,164,0,0,0,0,0,34,0,0,0,9,21,0,30,0,0,0,0,0,31,0,2,0,0,0,0,0,0,0,0,19,0,0,0,0,0,1,8,17,2,3,0,5,0,18,0,0,0,0,0,0,101,0,0,0,0,27,31,1,0,0,0,0,52,0,171,0,0,1,0,0,44,4,0,6,1,6,145,8,3,85,33,0,10,0,38,37,0,33,0,65,0,0,62,0,0,3,0,1,0,5,0,76,7,0,0,0,0,0,29,2,6,12,1,2,0,0,2,14,230,3,0,3,5,1,0,0,0,20,1,0,87,60,0,0,0,0,1,2,169,0,0,378,0,0,0,0,0,36,6,171,0,0,0,0,3,60,0,0,42,0
"620",0,0,1,0,0,0,0,0,0,0,5,0,0,0,1,0,6,0,0,0,0,26,0,0,0,1752,0,0,3,0,140,0,3,153,9,0,20,0,0,0,0,0,0,0,0,200,0,0,0,0,0,0,0,0,0,0,0,1,0,16,2,0,1,1,2,0,0,0,0,29,0,0,0,4,0,0,0,0,0,275,0,2,0,0,1,1,0,0,0,50,0,3,0,0,0,0,0,0,105,0,9,0,0,0,0,0,0,1787,0,0,2,0,0,70,0,1,0,2,38,0,0,0,0,1,146,152,0,0,11,0,0,64,25,1,0,0,1,0,0,0,0,0,1,0,0,0,16,8,0,0,2,0,0,24,0,0,0,0,9,0,0,0,0,0,0,0,0,0,0,0,0,37,1,0,0,0,0,0,209,0,0,0,0,0,0,0,0,0,0,0,0,195,0,0,0,0,0,0,1,0,0,0,0,0,281,130,0,0,1,8,0,0,68,0,6,0,0,0,322,4,0,0,0,0,0,0,0,0,6,0,107,0,0,467,0,0,1,0,0,0,0,0,0,0,0,0,20,6,0,0,0,0,0,0,0,8,32,0,34,0,0,0,0,3,0,0,0,0,7,161,14,137,87,0,0,0,0,0,0,1352,0,0,494,0,0,0,0,0,0,48,0,0,0,0,0,0,0,0,0,113,0
"621",0,0,0,2,0,0,0,23,0,0,0,0,1,224,24,0,0,0,0,0,0,0,0,6,0,3338,0,0,21,18,0,0,0,55,0,0,18,0,0,0,1,0,0,0,0,0,0,0,0,1,0,12,0,0,0,0,0,3,0,80,0,62,0,0,0,0,39,6,0,0,28,0,0,171,0,0,1,0,0,0,0,0,0,0,1154,0,0,0,0,0,0,72,3,0,0,180,0,0,0,0,0,8,0,0,2,0,0,436,0,0,0,0,0,0,0,1,0,1,86,0,8,0,0,1,0,0,0,0,0,0,0,182,0,0,0,0,10,0,0,0,56,0,0,0,0,0,18,0,0,0,27,0,0,0,0,1,0,2,0,0,0,0,0,186,0,0,0,7,0,0,31,0,1,0,0,0,0,0,0,0,0,0,0,0,0,0,0,0,0,0,0,0,3,8,0,0,0,0,3,0,0,0,0,0,0,34,0,0,1,0,49,0,0,0,18,0,196,6,0,24,0,32,0,0,1,0,0,0,399,0,0,0,0,73,0,0,0,0,2,0,0,0,0,0,0,0,0,1,0,0,0,0,0,0,1,13,39,0,0,43,2,0,0,0,1,0,0,0,0,7,0,0,368,1,4,0,0,0,2,1615,0,0,310,0,0,0,1,0,24,0,0,0,0,0,18,0,10,0,0,86,0
"622",0,0,0,3,5,0,66,0,0,0,10,0,0,0,0,2,0,0,0,0,55,56,0,3,0,2099,1,0,285,117,428,0,0,225,0,0,17,359,1,0,0,0,0,0,0,0,0,0,0,2,0,0,0,0,0,0,1,0,0,322,0,0,2,0,0,0,38,0,6,0,0,0,0,0,0,174,2,0,0,0,0,0,33,0,0,0,0,0,0,25,439,13,2,0,0,0,0,0,0,0,0,0,0,0,0,0,0,73,0,0,0,0,0,1,0,1,0,4,0,0,0,0,0,1,34,0,9,0,0,0,0,34,0,2,0,0,619,0,0,0,7,0,0,0,0,0,0,0,1,7,0,143,0,0,0,0,0,0,0,199,0,8,0,0,0,0,0,0,1,4,8,0,0,0,0,0,0,33,528,0,0,0,0,0,49,0,0,0,0,4,0,0,3,0,0,0,0,0,0,928,0,0,0,0,0,0,0,0,0,38,0,0,0,0,2,0,52,267,323,0,0,0,0,0,0,0,0,0,0,0,0,0,0,134,0,0,0,0,0,0,0,0,0,0,0,0,1,1,0,0,0,4,35,0,6,0,4,0,0,0,0,0,0,10,78,0,0,0,0,57,0,0,0,1,95,0,0,0,10,361,0,0,810,0,0,0,0,0,27,0,0,0,0,0,1,0,1,0,0,193,0
"623",0,0,1,1,0,0,0,0,0,0,12,0,0,0,0,0,0,0,0,15,0,125,0,44,0,665,0,0,0,128,274,0,0,0,0,0,0,196,0,0,0,0,0,35,0,0,0,0,0,0,0,0,0,0,76,0,0,0,0,515,1,0,0,0,0,0,0,0,0,0,0,0,0,0,2122,0,0,0,0,278,0,5,0,0,0,1,0,26,1,0,0,250,0,0,0,0,0,0,0,0,0,1,0,0,0,0,0,973,0,391,0,0,0,0,0,0,0,0,86,0,0,0,0,1,0,0,84,0,0,0,0,0,0,0,1,0,0,0,0,0,7,0,0,0,0,0,41,6,0,0,0,0,0,3,1,0,2,0,0,0,2,0,0,0,0,0,0,0,0,0,0,0,0,0,52,55,0,0,514,0,0,0,0,0,3,0,0,0,0,0,0,155,0,9,0,0,0,0,0,0,0,0,0,0,611,241,0,0,0,0,0,0,0,0,0,0,357,0,0,0,0,24,0,0,0,0,0,0,0,0,0,0,0,217,0,0,0,50,0,0,0,0,167,0,1,34,1,0,0,0,0,0,51,0,28,20,6,0,0,11,0,0,0,0,0,0,0,0,38,293,0,0,0,0,0,0,0,0,15,221,0,0,57,0,0,0,0,0,0,20,85,0,0,0,143,5,0,0,0,151,0
"624",0,0,0,0,0,0,4,0,0,0,0,0,0,0,753,2,1,0,0,0,0,0,0,0,0,4130,0,0,1,59,488,0,0,263,0,0,0,0,0,0,0,0,0,0,0,10,0,0,0,0,0,0,0,0,0,0,0,1,0,0,0,0,0,0,0,0,0,0,0,0,0,0,0,0,0,0,0,0,0,0,0,0,0,0,0,1,313,0,0,0,0,0,0,0,0,0,0,0,21,0,0,3,0,0,0,0,0,115,0,0,0,0,0,2,0,0,0,0,0,0,0,0,6,1,598,0,0,0,0,0,0,0,0,0,0,0,18,0,0,0,50,0,0,3,0,0,0,0,0,0,0,0,0,0,0,2,18,0,0,0,0,0,0,0,0,1,0,0,0,0,0,0,10,0,10,0,0,0,0,0,0,0,0,0,0,0,0,0,0,0,0,0,0,0,0,0,0,0,0,0,0,0,0,0,1,0,0,0,6,1,0,0,0,2,0,0,0,0,94,0,0,0,0,0,0,0,0,0,0,0,0,0,0,292,0,0,0,0,0,0,0,0,0,0,2,0,0,0,0,0,0,0,0,0,0,5,1,0,0,0,0,0,0,1,0,0,0,0,0,169,0,0,709,0,0,0,9,0,0,1102,0,1,4,3,0,0,0,0,0,0,0,3,0,0,82,0,18,0,0,0,0
"625",0,0,0,0,0,1,1,0,0,0,2,0,0,0,32,0,0,0,0,0,26,20,0,30,0,0,0,0,49,34,97,0,0,0,0,0,17,6,1,0,0,0,0,0,0,0,0,0,0,0,6,0,0,0,0,0,0,0,0,0,0,5,1,0,0,0,103,0,0,11,6,3,0,0,0,0,0,4,0,0,0,0,0,0,2,0,0,0,0,20,224,15,208,0,0,0,0,0,20,0,0,0,0,22,22,0,1,2386,0,0,0,0,10,0,0,1,0,0,0,3,0,0,0,178,0,0,0,0,0,0,0,8,0,0,0,0,106,0,0,0,17,0,0,0,0,0,12,0,0,0,3,0,0,2,6,0,0,0,17,0,0,0,0,0,0,0,0,0,0,0,7,0,2131,0,0,0,0,39,0,0,0,0,0,0,14,0,0,0,0,0,0,9,0,0,0,0,0,0,0,0,0,0,0,21,0,10,13,0,3,103,0,0,0,0,0,0,28,27,268,0,0,21,0,0,4,1,0,0,0,0,0,0,0,519,0,0,0,0,0,2,0,0,0,0,2,0,0,0,0,0,9,0,39,0,63,5,53,0,0,0,0,0,0,1,0,0,0,0,9,794,0,0,257,0,0,0,0,9,10,5,0,0,20,0,0,0,0,0,0,15,0,33,0,0,92,0,1,0,0,131,0
"626",0,0,0,0,0,0,1,8,0,0,0,0,0,43,42,0,0,1,0,0,3,53,1,0,0,1561,0,0,4,0,0,6,1,55,12,30,13,8,0,0,0,0,1,13,0,20,0,1,0,0,0,0,0,0,0,0,0,0,0,81,0,1,0,0,0,0,20,0,131,0,0,0,0,6,0,0,0,0,0,13,0,1,0,6,0,14,0,0,0,39,1,5,426,0,0,6,0,0,12,0,0,156,0,11,2,0,4,494,0,6,0,2,0,184,0,0,0,0,36,3,0,0,0,0,1242,10,0,0,2,1,32,3,11,0,0,1,365,0,0,0,0,0,0,0,0,0,3,0,0,14,4,0,0,0,1,0,0,0,1,39,0,0,0,1,0,0,0,0,0,0,0,0,6,0,0,0,0,0,13,0,0,0,0,0,1,5,0,0,0,13,0,76,0,0,0,0,4,0,0,0,0,0,0,1,0,0,0,0,0,0,15,1,4,0,1,0,58,1,0,0,0,22,0,0,0,1,0,0,54,0,99,0,0,180,0,0,0,0,0,0,0,0,53,0,0,0,0,0,0,0,3,0,0,0,1,2,0,0,0,0,0,5,0,0,0,0,0,0,2,18,0,0,695,0,105,0,0,0,0,2787,0,0,297,0,0,0,0,1,1,52,5,0,0,0,69,0,32,14,0,41,0
"627",0,0,3,0,0,0,34,0,0,0,0,10,0,0,10,0,0,2,0,0,0,266,0,3,0,775,0,0,35,0,0,0,3,13,0,48,29,307,0,0,1,0,0,95,0,34,0,1,0,0,0,0,0,0,6,2,0,0,0,295,0,0,0,2,0,7,4,1,0,0,22,0,3,0,0,0,0,0,0,0,0,0,0,10,0,1,0,0,0,223,0,9,1,0,0,2,0,0,10,0,0,0,3,0,3,0,0,0,0,44,3,0,0,227,0,1,1,0,59,1,0,0,0,0,0,0,0,0,9,0,0,0,0,2,0,1,6,0,0,5,5,0,0,0,0,0,10,0,0,0,10,2,0,0,4,0,0,0,0,88,0,0,0,1,0,0,0,0,0,0,9,0,14,2,0,0,0,16,99,0,6,6,0,0,0,0,0,0,9,0,0,0,34,0,36,0,0,0,4,0,0,0,0,0,0,8,18,0,0,24,8,0,28,0,14,1,74,25,0,7,0,0,2,0,0,0,0,0,38,5,0,1,0,506,0,0,1,0,0,6,0,0,0,0,0,0,0,0,0,0,0,0,19,0,6,2,25,0,0,12,2,0,0,3,0,0,1,0,128,145,0,0,587,0,3,0,0,0,7,4832,0,0,117,0,0,0,0,2,0,84,0,0,0,10,24,0,162,0,0,81,0
"628",0,0,0,0,0,0,1,0,0,0,0,0,0,0,91,2,3,0,0,0,0,0,0,3,0,827,0,0,3,0,18,0,0,0,2,0,0,0,0,0,0,0,0,0,0,5,0,0,0,0,1,0,0,0,0,0,0,1,0,0,0,0,0,8,0,0,334,0,0,48,22,0,0,0,423,0,0,0,0,0,0,20,21,0,0,4,0,0,0,0,1,111,0,0,0,0,0,0,0,0,0,0,0,0,0,0,0,2438,0,0,0,0,0,0,0,0,0,0,269,0,0,0,0,1,0,0,0,224,0,0,0,0,0,1,1,0,27,0,0,0,0,0,0,0,0,0,0,0,0,5,0,0,0,0,0,0,0,0,48,0,0,6,0,2,0,0,0,0,4,49,0,0,20,2,0,0,0,0,414,0,0,0,0,0,0,0,1,0,0,0,18,0,0,0,0,0,1,0,0,0,0,0,0,10,0,112,4,0,0,3,0,0,134,0,0,0,92,0,0,0,45,59,0,0,0,0,0,0,0,16,0,0,1,0,0,0,2,0,0,24,0,0,63,0,0,45,0,0,0,0,0,0,0,1,9,13,75,0,0,0,4,0,0,0,0,0,0,0,0,3399,37,0,0,0,8,0,0,0,3,0,0,0,0,0,0,0,0,0,33,0,0,0,0,0,0,0,0,0,8,0,0
"629",0,0,0,1,0,0,1,1,0,0,0,0,0,0,0,0,12,0,0,0,0,0,0,2,0,1241,0,0,3,14,0,0,0,0,0,0,8,0,0,0,1,0,0,0,0,0,0,0,0,1,0,0,0,0,0,0,0,2,0,1,0,3,0,0,0,0,103,0,0,0,0,0,0,0,0,0,0,0,0,0,0,0,0,0,0,12,0,0,0,0,0,9,6,0,0,0,0,0,0,0,0,71,0,0,0,0,0,967,0,90,3,0,0,0,0,2,0,0,99,1,0,0,0,1,0,0,0,0,0,0,0,7,0,1,0,0,0,0,0,0,8,0,0,0,0,0,3,0,0,0,0,0,0,6,0,0,0,0,0,0,0,0,0,0,0,0,0,0,0,0,1,0,9,0,0,0,0,0,208,0,0,0,0,0,0,0,0,0,0,0,0,37,1,18,0,0,0,0,0,0,0,0,0,0,0,131,0,0,4,0,0,0,0,0,0,0,0,0,0,0,0,0,0,0,0,0,0,0,0,0,0,1,0,2133,0,0,0,0,0,19,0,0,0,0,130,19,0,0,0,0,0,0,0,0,0,3,15,0,0,0,0,0,0,2,0,0,0,0,3,3549,0,0,13,0,0,0,1,0,0,916,0,0,0,0,0,0,0,6,25,0,0,0,0,0,0,0,17,0,0,66,0
"630",0,0,0,0,0,0,2,24,0,0,0,11,0,118,6,0,0,1,0,0,0,0,0,0,0,0,2,0,18,0,187,0,0,50,0,0,33,1,0,0,0,0,62,94,0,0,0,8,0,1,0,0,0,0,0,0,0,0,0,10,0,0,0,0,13,14,0,0,0,0,13,0,0,17,0,0,0,0,0,2,0,0,31,1,0,3,1,2,0,65,0,0,0,0,74,26,0,0,0,0,9,0,0,0,2,0,0,3955,6,19,0,2,0,0,1,0,0,0,36,0,0,10,0,2,13,37,0,19,2,108,2,4,0,0,0,0,34,0,0,1,8,0,0,0,0,0,1,0,0,0,1,2,0,0,0,0,0,0,0,8,0,0,0,2,0,0,0,0,0,0,4,0,1,0,0,0,0,1,84,4,10,0,0,0,3,0,0,0,0,0,0,12,0,0,26,0,0,0,1,0,0,0,0,0,0,5,1,0,0,5,0,72,3,2,0,3,103,4,870,10,0,5,0,0,0,0,36,0,1,4,1,1,0,0,0,0,0,0,0,0,0,22,0,4,0,0,0,0,3,0,47,1,26,0,33,1,0,0,1,0,2,30,0,2,0,0,0,0,0,582,0,1,533,0,0,0,0,0,6,2045,4,0,32,0,0,0,0,1,4,6,143,0,0,0,237,0,0,70,0,0,0
"631",0,0,0,0,0,1,0,0,0,0,0,0,1,0,7,0,0,0,0,0,0,0,0,0,0,1792,0,0,8,21,0,0,0,39,0,0,2,0,0,0,0,0,0,0,1,49,0,0,0,0,0,0,0,0,0,0,0,0,0,0,0,0,0,0,0,0,16,0,0,0,0,0,0,1,0,0,0,0,0,1,0,0,26,0,0,15,50,0,0,0,0,1,16,0,0,0,0,0,2,0,0,132,0,0,0,0,0,188,0,0,0,0,0,0,1,1,0,1,40,0,0,0,2,1,49,0,0,0,0,0,0,25,0,1,0,0,4,0,0,0,10,0,0,0,0,0,0,0,0,0,2,0,0,0,1,0,0,0,0,0,0,0,0,0,0,0,0,0,0,0,0,0,2131,0,4,0,0,0,0,0,0,0,0,0,0,0,0,0,0,0,7,35,1,0,0,0,0,0,0,0,0,0,0,0,0,4,0,0,0,1,0,0,0,0,0,0,0,0,1,0,0,0,0,0,0,0,0,0,0,0,0,1,0,58,0,0,0,0,0,0,0,0,0,0,1,0,0,0,0,0,0,0,0,0,0,200,27,0,0,0,0,0,0,0,0,0,0,0,0,4529,0,0,391,0,0,0,0,0,0,12,0,0,76,0,0,0,0,1,0,0,0,0,0,0,1,0,14,0,0,7,0
"632",0,0,2,0,4,0,97,0,0,0,0,0,0,0,1,0,0,0,0,0,0,0,0,0,0,3230,0,6,9,16,0,0,0,0,0,0,0,78,1,0,1,0,0,0,0,1891,0,0,0,0,0,0,0,0,0,2,0,0,0,27,0,0,1,0,0,0,38,0,0,236,0,0,0,0,0,0,0,0,0,25,0,0,21,0,0,1,0,0,0,0,3,1,0,0,0,0,3,1,21,0,0,1,0,0,1,0,0,930,0,0,0,0,0,0,0,1,0,0,40,0,0,0,0,1,0,18,0,0,11,0,2,60,0,0,0,0,0,4,2,0,22,1,0,0,0,0,8,0,0,0,15,14,0,0,1,0,0,0,0,7,0,0,0,389,0,0,0,0,0,4,7,0,32,0,0,0,0,0,44,0,0,0,0,0,84,0,1,0,0,0,0,38,1,1,0,0,1,0,0,543,0,0,0,745,0,13,4,0,1,17,0,0,0,0,0,0,0,8,0,0,85,27,0,0,1,2,0,0,0,0,41,0,0,96,0,0,0,0,0,9,0,0,0,16,4,70,0,0,0,0,0,0,0,0,0,3,10,0,6,0,13,0,0,18,0,0,0,0,0,12,0,0,0,1,0,0,0,0,1,969,0,0,174,0,0,0,0,0,0,0,0,0,0,0,0,0,7,0,0,10,47
"633",0,0,0,0,0,0,1,0,0,0,0,0,0,63,29,0,0,0,0,0,0,0,0,1,0,398,0,0,3,0,441,0,0,85,0,0,0,61,0,0,0,0,0,45,0,0,0,0,1,0,0,0,0,0,0,0,0,0,0,278,0,36,0,0,18,0,4,0,0,0,0,0,0,28,0,0,0,0,0,0,0,0,0,0,0,0,0,0,0,155,0,13,7,0,0,0,0,0,71,21,0,0,0,0,0,0,4,50,0,0,0,0,0,219,0,0,0,0,29,0,5,0,0,1,1390,0,0,0,0,0,0,0,0,0,0,0,34,0,0,0,0,0,0,0,0,0,0,0,0,3,0,38,0,0,0,0,0,0,0,112,0,0,0,196,0,0,0,0,0,0,0,7,0,0,0,0,0,0,16,0,0,0,0,0,0,0,0,0,0,0,0,0,0,0,0,0,0,0,0,0,0,3,0,1196,0,0,0,0,0,1,0,0,21,0,0,0,0,0,159,0,0,0,0,0,0,0,0,0,0,0,199,0,0,30,0,0,0,0,0,0,0,0,0,0,0,0,0,1,0,0,0,0,0,0,0,0,0,0,0,7,0,0,0,2,0,0,0,0,0,0,0,0,681,0,0,0,0,1,10,2700,0,0,0,0,0,0,0,0,58,86,0,0,1,0,255,0,0,0,0,171,0
"634",0,1,0,0,0,0,24,0,0,0,0,0,0,0,34,0,0,0,0,0,0,30,0,0,0,371,0,0,3,0,0,0,4,3,0,0,0,0,0,0,0,0,0,19,0,37,0,0,0,0,0,0,0,0,0,0,0,0,0,443,0,136,0,0,0,1,527,0,0,0,24,0,0,0,0,0,0,0,0,53,0,0,0,0,0,1,0,0,0,0,0,90,3,0,0,0,17,0,3,0,0,83,0,0,0,0,0,2608,0,3,0,0,0,55,0,0,1,0,419,0,0,0,0,62,29,0,121,0,0,0,34,42,0,0,0,0,0,0,0,1,20,0,0,0,0,0,27,0,0,0,18,0,7,0,0,0,0,0,0,27,0,0,0,0,0,1,0,0,0,0,0,0,0,0,0,0,0,128,471,0,0,0,0,0,0,0,0,0,0,0,0,162,0,8,0,0,0,0,0,0,0,0,0,4,0,77,0,0,1,0,0,0,0,0,0,1,141,0,0,0,0,0,0,0,0,0,0,0,0,0,0,0,0,810,0,0,0,0,0,6,0,0,0,0,0,0,1,0,0,0,1251,0,17,0,45,0,0,0,0,0,2,0,0,2,1,0,0,0,0,30,0,0,16,0,1,0,18,0,0,1102,0,0,28,29,0,30,0,0,34,0,0,0,0,0,57,0,1,0,0,146,0
"635",0,0,0,0,0,0,0,0,0,0,0,0,0,0,12,0,0,0,0,0,0,0,0,0,0,2509,0,0,16,0,0,0,0,401,0,0,151,0,18,0,0,0,0,0,0,0,0,0,6,0,0,0,0,0,0,0,0,0,0,0,0,0,0,0,0,0,0,0,0,0,0,0,0,0,0,0,0,0,0,0,0,0,0,0,0,0,0,0,0,285,0,0,83,0,0,0,0,0,0,0,0,0,0,0,0,0,0,0,0,0,0,0,14,43,0,0,0,0,0,0,10,0,0,1,0,0,0,0,0,0,0,63,0,0,0,0,119,0,0,0,0,0,0,0,0,0,45,0,0,28,30,0,0,0,0,0,0,0,0,0,0,0,0,0,0,0,0,9,0,0,0,0,1,0,0,1,0,0,0,0,0,0,0,0,0,0,0,0,0,0,0,0,0,0,0,0,0,0,0,0,0,0,0,123,0,0,0,0,1,1,0,0,0,0,0,0,0,0,0,0,0,0,0,0,0,0,0,0,133,0,0,0,0,0,0,0,0,0,0,0,0,0,0,0,0,0,0,0,0,0,0,0,0,0,0,0,0,0,0,0,0,0,0,9,0,0,0,0,0,13,0,0,44,0,10,0,0,0,0,5805,0,0,0,0,0,0,0,0,0,0,0,0,0,0,0,0,19,0,0,0,0
"636",0,0,0,0,0,0,7,11,240,0,0,1,4,468,35,0,0,0,0,0,8,0,0,2,0,2045,0,0,3,0,100,2,0,36,0,0,19,13,2,0,2,0,0,67,0,255,0,0,0,0,0,0,0,0,25,0,0,0,0,64,0,2,1,0,0,0,92,0,0,0,27,0,0,2,0,0,0,0,0,0,18,0,34,0,45,0,920,0,0,62,56,3,9,75,108,1,0,0,71,0,0,0,0,0,2,4,4,391,0,0,0,0,0,64,0,0,0,0,1,0,0,0,0,2,177,0,0,0,0,182,20,82,0,0,0,48,17,0,0,0,39,0,0,0,0,0,0,0,0,0,3,3,0,0,0,0,0,0,0,15,2,0,0,563,0,0,0,0,0,0,0,0,0,0,0,0,0,16,16,0,0,0,0,0,2,0,0,0,0,25,0,133,1,0,0,0,0,0,0,0,0,0,0,0,0,8,0,39,0,4,0,0,0,0,2,0,62,31,0,5,62,0,151,106,0,0,0,0,165,11,179,0,0,265,0,2,0,0,0,0,0,0,0,0,0,0,0,0,0,54,17,3,26,0,3,30,0,10,3,95,0,0,9,5,0,0,0,52,0,585,0,45,311,0,1,0,0,1,1,660,0,0,120,0,0,0,0,0,16,70,0,0,0,0,42,0,0,0,2,3,0
"637",0,0,0,0,0,4,2,0,0,0,7,0,4,0,23,0,0,0,0,0,0,105,0,0,0,0,0,0,28,0,0,3,0,791,0,0,0,258,0,2,0,0,0,0,0,695,0,0,0,0,3,0,0,0,0,0,0,13,0,0,0,50,0,0,0,25,157,0,0,0,0,0,2,0,0,94,0,0,0,0,0,0,0,0,2,9,0,0,0,0,0,28,428,0,0,0,0,0,0,0,0,0,0,0,0,0,0,0,0,0,0,111,0,0,0,0,2,0,625,2,0,0,0,10,129,0,0,0,0,0,0,0,0,0,0,0,0,0,284,0,29,8,0,0,0,0,5,0,0,2,0,4,377,0,0,0,0,0,0,0,0,0,0,0,0,0,0,0,0,0,0,0,144,0,0,0,0,47,0,4,0,0,0,6,0,0,0,0,0,0,0,307,0,0,0,0,0,0,0,0,0,0,0,0,0,76,0,0,0,3,0,0,0,0,0,0,0,0,294,0,0,0,0,0,0,0,0,0,0,0,0,0,0,0,40,0,0,0,0,2,0,0,0,0,0,0,7,0,0,0,128,0,0,0,83,36,64,0,0,0,0,0,19,0,4,0,0,0,0,78,0,0,0,0,29,0,0,0,0,0,0,0,221,0,3614,0,0,0,0,0,235,33,0,0,26,0,0,0,12,170,0
"638",0,0,0,0,0,0,12,0,0,0,8,1,0,0,2,0,0,0,0,0,7,15,0,6,0,1848,0,0,43,0,363,0,44,34,0,0,25,23,0,0,0,0,0,0,0,23,0,1,0,0,3,0,0,0,3,1,0,0,0,292,0,42,1,21,0,0,19,0,5,0,6,0,0,0,22,0,0,0,0,21,0,0,0,0,0,0,0,0,0,29,7,7,4,5,0,0,0,0,16,0,0,0,0,0,1,0,3,230,0,25,0,0,0,0,0,0,5,0,26,0,0,0,0,1,0,0,0,0,0,32,0,13,0,2,0,26,1,0,0,0,5,0,0,0,0,0,12,0,0,0,16,0,0,7,1,0,0,0,0,289,0,0,0,3,0,0,1,0,0,160,4,0,0,0,0,0,0,11,902,0,0,0,0,1,21,0,0,0,0,0,0,33,11,0,0,0,67,5,0,0,0,0,0,85,0,135,0,0,0,0,0,0,0,0,7,0,136,18,0,0,10,4,0,0,0,0,0,0,21,16,0,0,0,1909,0,0,3,0,0,26,0,0,0,0,0,0,0,0,0,0,1,0,16,1,6,106,3,3,9,3,12,0,0,2,1,0,0,0,163,7,9,0,844,0,0,0,0,0,52,905,0,0,277,0,0,1,0,3,11,0,0,0,0,0,269,0,0,0,0,58,0
"639",0,0,2,0,14,0,0,0,0,2,0,0,0,0,0,0,0,3,0,0,47,24,0,0,0,0,0,0,544,0,0,0,0,130,0,0,0,0,0,0,0,0,0,119,0,29,0,0,0,0,0,0,0,0,0,1,0,0,0,0,0,0,0,6,0,0,179,0,0,8,68,0,0,0,0,0,0,0,0,19,0,0,100,0,55,0,30,0,0,46,819,0,0,0,0,84,0,0,43,0,0,13,0,0,0,0,213,2567,0,13,0,272,0,0,0,0,0,5,0,0,0,0,0,11,74,9,0,0,4,0,0,42,0,3,0,0,0,0,0,0,0,0,0,0,0,0,0,0,0,0,3,0,0,0,2,0,0,5,10,43,0,0,0,0,0,0,0,0,0,7,0,0,0,0,0,0,0,0,119,0,18,0,0,0,0,0,0,0,0,0,0,0,13,0,0,0,0,0,0,0,0,0,0,10,0,23,0,0,0,49,0,0,6,0,1,0,103,192,0,0,0,0,0,0,0,0,0,0,0,0,0,0,0,675,0,0,0,0,0,0,0,0,0,0,0,0,0,0,0,0,0,0,19,2,21,7,0,0,0,0,0,0,0,0,0,0,0,69,71,0,0,0,0,0,0,0,0,0,0,2533,0,0,189,0,0,0,0,0,2,16,0,0,0,0,0,0,0,0,0,0,196
"640",0,0,0,0,0,0,2,0,0,0,0,0,0,0,6,0,0,0,0,0,0,266,0,0,0,0,0,0,61,0,835,0,0,394,0,0,80,309,6,0,2,0,0,0,0,684,0,0,0,1,0,0,0,2,169,0,0,0,0,143,0,0,0,0,0,0,18,0,0,0,135,0,0,0,0,0,0,0,0,0,0,0,277,8,0,0,1,0,0,0,0,9,48,0,0,8,0,0,0,0,0,0,0,0,2,4,0,1514,0,0,0,0,0,140,0,8,0,0,87,0,0,0,0,1,0,0,0,0,0,0,307,2,0,2,0,2,0,0,0,0,26,0,0,0,0,0,14,0,0,0,26,108,0,0,0,0,0,0,0,125,0,0,0,249,0,1,0,0,0,0,5,0,0,0,0,0,0,46,952,0,0,5,0,0,102,0,0,0,0,0,9,466,6,4,0,0,0,0,1,0,0,0,0,0,0,54,17,0,2,0,0,0,0,0,72,0,69,59,10,0,0,65,0,0,0,0,0,0,189,0,0,0,0,401,0,0,0,0,0,0,0,0,0,0,0,0,0,0,0,0,0,53,0,0,0,146,0,0,60,87,0,0,0,8,0,0,0,0,0,4,0,81,393,0,6,1,0,0,0,169,0,0,0,0,0,0,0,0,0,0,0,0,0,0,159,0,96,0,0,382,0
"641",0,1,0,0,0,0,0,1,0,0,0,0,0,0,36,0,0,0,1,0,3,22,1,0,0,1780,0,0,38,0,0,0,0,74,0,0,19,56,0,11,0,0,0,43,0,151,0,1,0,0,0,0,0,0,0,0,9,2,0,1,0,1,1,0,1,0,71,0,97,48,3,0,0,0,0,0,0,0,0,1,0,5,0,0,11,0,0,0,0,22,0,22,672,0,0,0,0,0,33,0,0,135,0,0,0,0,0,780,0,0,0,0,0,88,0,3,0,0,29,0,0,0,0,0,590,0,0,0,0,0,0,60,0,0,0,0,3,0,0,0,12,0,0,0,0,0,1,0,0,0,8,9,0,3,0,5,0,0,0,55,0,0,0,0,0,1,0,0,0,0,0,0,40,0,0,0,0,1,1,0,0,0,0,0,2,0,0,0,0,0,0,26,3,0,0,2,0,0,0,0,0,0,0,0,0,8,0,0,3,0,0,0,0,0,13,1,45,0,26,5,49,39,0,0,0,0,0,0,4,0,172,0,0,2897,0,0,1,2,0,5,0,0,0,0,0,0,0,0,0,0,0,0,0,0,5,10,0,0,1,42,1,0,1,1,33,0,0,0,0,106,0,0,1046,0,0,0,0,0,5,1,0,0,185,0,0,0,0,0,1,0,0,0,0,0,51,0,2,0,0,149,0
"642",0,0,0,0,0,0,1,0,0,0,0,0,0,294,3,0,0,0,0,0,131,0,0,0,0,1354,0,0,0,0,0,0,16,0,0,0,6,140,0,0,0,0,0,112,0,8,0,0,0,0,0,0,0,0,0,0,0,0,0,619,0,1,1,0,3,0,18,0,2,0,0,0,0,0,0,77,0,0,0,0,0,20,0,0,0,0,0,0,0,28,0,0,1,0,0,0,0,0,0,0,0,0,0,9,0,0,15,882,0,0,0,0,0,108,0,0,0,0,115,3,0,0,0,1,0,0,0,0,0,0,0,0,0,2,0,0,3,0,0,0,0,0,0,0,0,0,0,0,0,0,2,12,0,0,1,0,0,0,0,45,0,0,0,0,0,0,0,0,0,0,0,0,1,0,0,0,0,0,240,0,0,0,0,0,0,0,1,0,0,0,0,3,1,0,0,2,0,0,0,0,0,0,0,0,0,0,0,0,0,0,0,0,0,0,0,0,0,0,0,0,0,0,0,0,0,0,0,0,0,0,7,1,0,487,0,0,0,0,0,12,0,0,0,0,0,0,0,0,0,0,154,0,0,0,0,17,0,0,0,0,0,0,0,0,0,0,0,0,0,838,0,0,0,0,0,0,1365,0,0,2817,0,0,0,0,0,0,0,0,0,5,0,0,0,0,0,0,0,0,0,1,0
"643",0,0,0,0,0,0,1,0,0,0,0,0,0,0,28,0,0,0,0,0,0,0,0,0,0,1781,0,0,9,5,422,0,0,0,0,0,29,0,1,0,0,0,0,0,0,23,0,0,0,0,0,0,0,0,0,0,0,0,0,161,0,0,0,0,0,0,0,0,0,0,0,0,0,0,0,0,0,0,0,0,0,0,19,0,0,0,0,0,0,0,0,19,2029,0,5,0,0,0,0,0,0,0,0,0,5,0,0,564,0,0,0,0,0,148,0,0,0,0,81,0,0,0,0,1,191,0,0,0,0,0,5,4,0,0,0,0,74,0,0,0,11,0,0,0,0,0,0,0,0,0,1,105,0,0,0,0,0,0,0,16,0,0,0,0,0,0,0,0,0,0,1,0,1,0,0,0,0,13,0,0,0,0,0,0,0,0,0,0,0,0,0,30,1,1,0,0,0,0,0,0,0,0,0,1,0,0,0,0,1,1,0,0,0,0,8,0,1,0,74,0,52,36,0,0,0,31,0,0,208,0,0,0,0,0,0,0,0,0,0,0,0,0,0,0,1,12,0,0,0,0,0,0,0,0,0,0,0,0,0,0,0,0,0,0,0,0,0,0,0,0,0,0,1669,118,1,0,0,0,22,484,0,0,323,0,0,0,0,0,0,5,0,0,0,0,0,0,1,0,0,24,0
"644",0,0,0,0,0,0,1,0,0,0,0,0,0,0,1,0,0,0,0,0,0,0,0,1,0,1760,0,0,3,113,0,0,0,53,0,0,0,103,0,0,0,0,0,0,0,0,0,0,0,0,0,0,0,0,0,0,2,0,0,3,0,0,0,0,0,0,2,0,0,2,0,0,0,0,0,0,0,0,0,0,0,0,0,0,0,0,0,0,0,15,0,6,13,0,0,0,0,0,0,0,0,16,0,0,0,0,0,763,0,0,0,0,0,0,0,0,0,0,176,9,5,0,0,2,57,0,0,0,0,0,0,0,0,0,0,0,0,0,0,0,6,0,0,0,0,0,12,0,0,0,0,0,0,0,0,0,0,0,0,0,0,0,0,0,0,0,0,0,0,0,0,0,24,0,53,0,0,0,0,0,0,0,0,0,15,0,0,0,0,0,0,76,1,1,0,0,0,0,0,0,0,0,0,0,0,70,0,0,1,0,0,0,0,0,0,0,0,0,0,0,0,0,0,0,0,0,0,0,0,0,0,0,0,247,0,0,0,0,0,0,0,0,0,0,0,0,0,0,0,0,0,0,0,0,0,63,0,0,0,0,0,0,0,0,0,0,0,0,0,6209,0,0,75,0,0,0,0,0,0,8,0,0,86,0,0,0,0,0,0,0,0,0,0,0,0,0,10,0,0,40,0
"645",0,0,0,0,0,0,0,19,0,0,0,0,2,0,255,0,0,0,0,0,106,0,0,0,0,706,0,0,9,0,335,0,0,23,0,0,0,0,0,0,1,0,0,0,0,0,0,0,0,0,0,1,0,0,169,0,0,3,0,298,0,39,0,0,0,0,334,0,0,0,20,0,0,0,0,0,0,0,0,0,0,0,0,0,0,1,0,0,0,0,23,59,72,0,0,0,0,0,22,0,0,1,0,0,1,0,0,1280,0,37,0,0,6,88,0,0,0,3,0,0,0,0,0,1,48,0,0,0,0,0,150,10,0,0,0,0,42,0,0,0,1135,0,0,0,0,0,88,0,0,0,0,0,0,0,0,0,0,0,0,2,0,0,0,687,0,0,0,0,0,0,0,0,1,0,0,0,0,0,0,0,0,0,0,0,0,0,0,0,0,0,0,50,0,9,0,0,0,0,0,0,0,0,0,0,0,65,0,0,1,0,23,0,0,0,0,0,60,0,0,0,0,0,0,0,0,0,0,0,113,0,0,1,0,278,0,0,0,0,0,0,0,0,0,0,0,0,0,0,0,0,1,0,0,0,0,90,108,0,0,23,0,0,0,7,1,0,0,0,71,99,0,0,16,0,0,0,536,0,0,1713,0,0,19,2,0,25,0,0,47,0,0,0,0,0,37,0,2,0,0,42,0
"646",1,0,0,0,0,0,0,0,0,0,0,0,0,0,10,0,1,0,0,0,0,32,0,0,0,1499,0,0,4,70,413,0,2,255,0,0,0,0,0,0,0,0,0,0,0,9,0,0,0,0,0,0,0,0,109,0,0,1,0,0,0,0,0,0,0,0,0,0,0,23,0,0,0,0,0,0,0,0,0,22,0,0,428,0,0,2,184,0,0,39,0,0,118,0,0,0,8,0,58,0,0,8,0,0,1,0,0,671,0,0,0,0,11,124,0,0,0,0,482,0,0,0,0,0,330,0,0,0,0,0,114,42,0,0,0,0,30,0,0,0,28,0,0,0,0,0,4,0,0,0,23,0,0,0,0,0,0,0,0,0,0,0,0,0,0,0,0,0,0,0,0,0,1,0,0,0,0,347,0,0,0,0,0,0,9,0,0,0,0,0,0,42,0,0,0,0,0,6,0,0,0,0,0,0,0,1,0,0,1,0,67,0,0,0,9,1,0,0,95,0,625,15,0,6,0,119,0,0,0,0,259,0,0,1,0,0,0,0,0,17,0,0,0,0,1,0,0,0,0,0,5,10,0,0,0,2,6,0,0,0,19,0,0,1,0,0,1,0,0,83,0,0,135,0,0,0,0,0,0,1737,0,41,1025,0,0,14,0,0,52,0,0,0,0,0,39,0,2,0,0,52,0
"647",0,0,0,0,0,0,0,0,0,0,0,0,0,0,0,0,0,0,0,0,0,0,0,0,0,3750,0,0,0,0,35,0,0,0,0,0,0,0,0,0,0,0,0,0,0,0,0,0,0,0,0,0,0,0,0,0,0,0,0,0,0,0,0,0,0,0,0,0,0,0,0,0,0,0,0,0,0,0,0,39,0,0,0,0,0,0,0,0,0,0,0,0,0,0,0,0,0,0,0,0,0,0,0,0,5,0,0,763,0,0,0,0,0,51,0,0,0,0,0,31,0,0,0,0,0,0,0,0,0,0,0,0,0,0,0,0,0,0,0,0,0,0,0,0,0,0,0,0,0,0,164,0,0,0,0,0,0,0,0,0,0,0,0,0,0,0,0,0,0,0,0,0,306,0,0,0,0,0,0,0,0,0,0,0,0,0,0,0,0,0,0,0,0,0,0,0,0,0,0,0,0,0,0,11,0,0,0,0,0,0,0,0,0,0,0,0,0,0,0,13,0,0,0,10,0,0,0,0,0,0,0,0,0,0,0,0,0,0,0,0,0,0,187,0,0,7,0,0,0,0,0,0,0,0,0,0,0,0,0,37,0,0,0,0,0,0,0,0,0,28,0,0,0,4524,0,0,0,0,0,0,0,2,0,0,0,0,0,0,0,26,0,0,0,0,0,0,0,10,0,0,0
"648",16,0,0,0,0,0,0,0,0,0,0,1,0,0,0,0,0,0,0,0,23,200,0,0,0,1798,0,0,10,0,0,65,4,5,0,0,0,31,1,0,0,0,0,13,0,206,0,0,0,0,0,0,0,0,8,0,0,0,0,10,0,8,0,0,0,0,453,0,0,0,3,1,0,25,0,0,0,0,0,50,0,0,0,0,36,56,0,0,0,17,0,4,6,0,0,0,0,0,3,0,0,1,0,0,1,0,88,167,0,0,0,0,0,245,0,0,0,0,110,0,0,0,1,1,0,0,0,0,0,0,6,4,0,0,0,1,230,2,0,0,4,0,0,0,0,0,0,0,0,1,7,0,0,0,0,0,0,0,0,18,0,0,0,0,0,0,0,0,0,0,0,0,0,0,0,0,0,0,546,0,0,0,0,0,7,0,0,0,0,0,0,116,1,0,0,0,0,0,0,0,0,0,0,0,0,28,2,0,0,0,6,0,30,0,12,0,521,0,1,95,0,0,0,0,0,0,0,0,8,0,86,0,1,1547,0,0,0,0,0,0,0,0,4,0,0,0,7,0,0,0,0,0,0,0,10,51,0,0,9,11,0,0,0,4,0,0,0,281,13,27,0,60,110,0,0,0,0,0,1,1585,0,41,207,0,0,0,0,0,5,0,0,0,0,0,9,0,5,0,0,28,0
"649",0,0,0,0,0,0,1,47,0,0,0,0,0,151,13,0,0,0,0,25,107,14,0,3,0,1,0,0,3,67,140,0,0,29,0,0,0,65,0,0,0,0,0,0,0,13,0,0,0,0,0,0,0,0,25,0,0,0,0,228,0,0,0,0,0,0,36,0,0,0,0,0,0,34,0,0,0,0,0,113,0,0,231,0,27,0,0,0,0,135,0,20,79,0,7,11,0,0,74,0,0,0,0,0,0,0,246,2535,0,22,0,0,0,51,0,0,1,0,0,0,0,0,0,0,139,0,0,0,1,0,31,225,17,1,0,0,2,0,0,0,0,1,0,0,0,0,0,3,0,3,0,53,0,0,1,0,0,0,0,2,0,0,0,0,0,0,0,0,0,0,1,0,1,0,0,0,0,0,0,0,0,0,0,0,1,0,0,3,0,0,0,146,1,0,0,0,0,0,2,0,0,0,0,0,0,72,0,0,0,1,0,0,0,0,0,0,34,3,235,0,501,0,0,0,1,0,0,0,38,0,166,0,1,30,0,0,0,0,0,41,0,0,0,0,0,0,0,0,0,0,1398,0,0,0,0,0,0,0,9,82,0,0,2,0,1,0,0,28,5,20,0,1,19,0,1,0,0,0,0,2045,0,0,3,0,0,0,0,44,0,7,0,0,0,0,0,0,33,0,0,68,20
"650",0,0,0,0,0,2,13,18,0,0,12,1,0,72,6,0,0,0,0,2,53,58,0,4,0,0,0,0,9,10,718,0,16,41,0,0,9,70,1,0,0,0,0,106,0,1,0,6,0,0,1,0,0,0,54,2,0,0,0,300,1,50,1,0,0,0,1,0,0,0,246,0,0,264,0,0,0,0,0,223,0,1,3,0,56,1,1,0,0,62,0,1,7,0,0,0,0,0,25,0,0,0,2,0,31,0,47,65,0,0,0,0,0,43,5,1,0,0,28,0,0,0,0,10,54,0,0,0,17,0,0,38,0,0,0,0,0,0,0,0,1,0,0,0,0,0,18,1,1,0,3,9,0,47,1,0,0,0,48,132,0,0,0,2,0,0,0,0,0,0,4,0,118,0,0,0,0,166,350,1,0,0,4,0,6,0,0,0,0,0,11,86,1,4,0,0,0,1,1,0,0,0,0,707,0,7,0,0,0,0,0,0,0,9,5,0,37,53,230,54,625,26,0,0,0,2,1,0,64,0,86,8,0,46,0,0,1,0,0,0,0,0,0,0,4,0,0,0,0,0,208,1,13,0,45,4,2,0,15,220,1,0,0,2,0,0,0,0,0,2,0,14,228,0,5,0,9,0,76,2598,1,0,275,0,0,0,0,0,18,70,0,0,0,0,113,4,2,0,0,247,0
"651",0,0,0,0,0,0,1,0,0,0,0,0,0,0,9,0,0,0,0,0,0,0,0,6,0,2168,0,0,12,0,0,0,0,0,0,27,0,0,0,0,0,0,0,45,0,0,0,0,0,0,0,0,0,0,0,0,0,2,0,0,0,102,0,0,0,0,0,0,6,0,0,0,0,0,0,0,0,0,0,0,0,0,0,0,0,0,0,0,0,0,517,0,4,0,0,17,0,0,0,0,0,102,0,0,0,0,0,930,0,0,0,0,0,0,0,0,0,0,0,0,0,0,0,0,0,0,0,0,0,0,44,216,0,2,0,62,6,0,0,0,0,0,0,0,0,0,0,0,0,31,0,0,0,0,1,0,0,0,0,150,0,0,0,0,0,0,0,0,0,0,0,0,0,0,0,0,0,0,0,0,0,0,0,0,0,32,0,0,0,0,0,0,0,0,0,0,0,0,0,0,0,0,0,0,0,0,0,0,0,9,0,0,0,0,0,0,0,0,0,0,0,0,0,0,0,0,0,0,0,0,0,0,0,1363,24,0,0,0,0,0,0,0,0,0,0,0,0,0,0,0,0,0,0,0,0,0,0,0,0,0,0,0,0,0,0,0,0,0,0,102,0,0,0,0,0,0,0,0,7,4140,0,0,0,0,0,10,0,0,0,0,0,0,0,0,0,0,0,0,0,0,0
"652",0,0,0,16,0,0,0,0,0,0,2,0,0,0,84,0,0,1,0,0,0,62,0,10,0,3455,0,0,0,4,25,0,0,160,0,0,40,0,2,1,0,0,0,0,0,260,0,0,0,0,4,0,0,0,0,0,0,0,0,0,0,0,0,223,0,0,148,0,0,0,0,0,0,0,0,0,0,0,0,58,0,0,0,0,0,0,0,0,0,41,0,53,26,0,0,0,0,0,0,28,0,1,0,0,5,0,0,352,0,0,0,0,0,31,0,0,0,0,93,0,0,0,0,1,111,0,0,0,0,0,0,138,0,37,0,0,344,0,0,0,9,0,0,0,0,0,0,0,0,4,0,0,0,0,0,0,0,0,17,0,0,0,0,0,0,1,0,0,0,0,0,0,0,1,0,0,0,0,298,0,0,0,0,0,0,0,0,0,0,0,0,43,0,0,191,0,0,0,0,0,0,0,0,0,0,10,0,0,0,0,0,0,0,0,0,0,72,0,7,0,0,0,0,0,0,0,0,0,198,2,299,0,0,340,0,0,0,0,0,0,0,1,0,0,0,0,0,0,0,0,0,0,0,0,0,0,0,0,0,0,0,0,0,0,0,0,0,0,0,13,0,0,681,0,0,0,0,0,50,1646,1,0,0,0,0,0,0,0,0,0,0,0,0,0,133,0,4,0,0,163,0
"653",0,0,0,18,0,0,0,0,0,0,0,0,0,720,26,0,0,0,0,0,0,25,0,0,0,4259,0,0,0,0,199,0,0,0,0,0,2,19,2,0,0,3,0,0,0,0,0,0,0,0,0,0,0,2,24,0,0,0,0,0,0,0,0,0,0,0,0,0,0,0,0,0,0,0,0,0,0,0,0,0,2,0,0,0,80,0,147,0,0,42,0,0,0,0,0,0,0,0,19,0,0,0,0,0,1,0,0,0,0,0,0,0,0,0,18,0,0,0,0,0,0,0,0,2,0,0,0,0,0,27,37,0,0,0,0,1,132,0,0,0,560,0,0,0,0,0,0,0,0,0,19,0,0,0,1,0,0,0,307,20,0,0,0,0,0,0,0,0,0,0,0,0,0,0,0,0,0,0,0,0,0,0,0,0,0,0,0,0,0,0,0,0,0,0,0,0,0,1,0,0,0,0,0,0,0,0,0,0,0,0,0,0,0,0,0,0,126,0,0,0,0,17,0,0,0,0,0,0,125,11,178,0,0,127,0,0,0,0,0,0,0,0,0,0,0,0,0,0,0,19,0,0,0,0,0,0,0,0,9,0,0,0,0,6,0,0,0,0,0,321,0,35,185,0,0,0,0,0,3,2028,0,0,0,0,0,0,0,0,68,0,0,0,0,0,28,0,0,0,0,0,0
"654",0,0,0,16,0,0,2,0,0,0,0,0,0,0,0,0,1,0,0,0,0,32,0,0,0,2719,0,0,8,5,19,0,0,5,0,0,5,0,1,0,0,0,266,13,0,233,0,0,0,0,0,0,0,0,0,0,0,1,0,256,0,0,0,0,0,0,801,1,7,0,0,0,0,540,0,0,0,0,0,54,0,1,154,0,0,7,67,0,0,22,0,8,0,0,0,1,0,0,4,0,0,71,0,0,2,0,0,15,37,41,0,0,0,0,0,1,0,1,127,0,0,0,0,1,48,64,5,0,0,0,0,0,0,0,0,1,8,0,0,0,7,0,0,1,0,0,0,0,0,16,0,0,0,0,0,0,0,0,0,4,0,0,0,0,0,0,0,0,0,0,0,0,0,1,0,0,0,0,9,0,0,0,0,0,29,0,0,0,0,0,0,320,0,17,0,0,0,0,0,0,0,0,0,0,1,22,0,0,1,0,0,0,0,0,4,0,20,0,2,0,0,0,0,0,0,0,0,0,0,0,112,0,0,654,0,0,0,0,0,4,0,0,0,0,28,0,0,2,0,0,91,0,0,0,0,2,5,0,0,33,0,0,0,5,0,0,0,0,0,29,0,1,263,0,0,0,0,0,0,2533,0,0,58,2,0,0,0,0,165,21,0,0,0,0,1,0,4,0,0,87,0
"655",0,0,0,0,0,1,12,19,0,0,0,0,0,15,2,1,0,0,0,0,131,21,0,0,0,657,0,0,33,0,1,0,0,0,0,0,7,0,1,0,0,0,0,68,0,144,0,0,0,0,0,0,0,0,5,0,0,0,0,51,0,0,0,65,0,0,45,0,0,370,2,0,0,20,0,0,0,0,0,0,0,0,160,0,56,1,0,0,0,26,0,6,1,0,11,0,0,0,21,0,0,0,0,0,1,0,14,1447,0,26,0,0,0,14,0,1,33,0,115,1,0,0,0,128,210,0,0,0,7,0,179,1391,0,0,0,0,6,0,0,0,13,0,0,0,0,0,0,0,0,28,42,20,1,0,0,0,0,0,0,2,0,0,0,0,0,0,0,0,0,23,0,0,1933,0,0,0,0,1,86,0,0,0,0,0,0,0,0,129,0,0,1,91,9,0,0,0,0,2,0,0,0,0,0,31,0,4,8,1,2,5,0,0,0,0,20,1,2,0,5,0,0,0,0,0,0,1,0,1,5,0,109,3,0,3,0,0,1,0,0,0,0,1,0,0,4,0,180,0,0,0,34,0,0,0,1,1,0,0,0,0,1,0,0,13,0,0,0,0,0,10,0,0,69,7,4,0,0,0,0,1287,0,0,161,0,0,0,0,0,18,70,0,0,0,0,1,1,3,0,0,34,0
"656",0,0,0,0,0,0,11,0,0,0,0,0,0,0,89,0,0,0,0,0,0,0,0,4,0,2657,0,0,10,8,279,9,0,55,0,0,6,0,0,1,0,0,0,0,0,0,0,0,0,0,1,0,0,0,0,0,0,4,0,0,0,0,0,0,0,0,148,0,0,0,0,0,0,0,0,0,0,0,0,9,0,0,0,0,0,2,0,1,0,4,0,0,208,0,0,5,0,0,0,0,0,35,0,0,0,0,0,3523,0,0,0,0,0,29,0,0,0,0,20,6,0,0,0,1,61,0,0,0,0,0,0,0,0,0,0,0,229,0,0,0,4,0,0,0,0,0,0,0,0,0,1,0,0,0,0,0,0,0,0,0,0,0,0,0,0,0,0,0,0,0,0,0,1,0,0,0,0,1,0,0,0,0,0,0,0,0,0,0,0,0,0,14,0,0,0,0,0,3,0,0,0,0,0,0,53,0,0,0,1,0,0,0,0,8,0,0,0,0,6,0,0,0,0,0,0,0,0,0,8,0,0,0,0,214,0,0,0,0,1,21,0,0,0,0,0,0,0,0,0,0,0,0,0,0,1,0,0,0,0,0,0,0,0,0,1,0,0,0,0,99,0,1,39,0,0,0,536,0,0,1490,0,1,57,0,0,0,0,0,0,0,0,0,0,0,0,0,1,0,0,27,0
"657",0,0,0,0,0,0,0,0,0,0,7,0,0,0,652,0,0,0,1,0,0,4,0,30,0,0,0,0,418,113,1,0,0,0,0,0,0,86,0,0,1,0,0,0,0,0,0,3,0,0,0,24,0,0,0,5,0,0,0,9,0,7,0,0,0,0,41,0,77,131,0,0,0,0,0,0,0,2,0,13,0,2,0,0,35,0,91,0,0,0,0,134,0,0,0,0,3,0,0,0,0,0,0,0,0,0,2,2140,0,3,0,0,0,99,0,1,0,0,206,0,0,0,0,1,0,153,0,0,17,0,2,0,0,0,0,0,0,0,0,0,1084,0,0,0,0,0,37,0,0,0,0,1,0,22,1,0,0,1,0,1,0,0,0,0,0,0,0,0,0,0,2,0,0,0,0,0,0,0,80,0,0,0,0,0,1,0,0,0,0,0,0,29,0,2,0,0,0,0,1,245,0,0,0,146,329,19,0,0,0,0,120,50,18,0,2,0,2,10,0,0,0,39,0,0,0,0,0,0,0,0,0,0,0,8,0,0,0,0,0,0,0,0,187,0,0,19,0,0,0,0,0,5,2,0,0,0,14,0,2,0,0,0,0,15,1,0,0,0,5,1781,0,0,69,0,0,0,0,0,1,0,0,0,65,0,0,0,0,0,2,23,0,0,0,0,0,0,0,0,0,0,0
"658",0,0,0,0,0,0,0,0,0,0,2,0,0,0,0,0,46,10,0,0,0,58,0,0,0,336,0,0,21,38,702,0,0,149,0,0,1,349,0,0,0,0,0,0,0,405,0,8,0,0,0,0,0,0,0,0,0,0,0,292,0,0,0,6,0,0,0,0,77,0,5,0,0,0,0,0,0,0,0,4,0,0,57,6,1,0,0,0,0,0,0,81,6,0,15,0,0,0,0,0,0,0,0,0,0,0,15,0,0,55,0,0,0,85,0,0,0,0,295,6,0,0,0,0,13,127,0,0,0,0,25,0,0,1,0,4,0,0,0,0,1,0,0,0,0,0,2,1,0,0,1,0,0,3,0,0,2,0,0,289,0,0,0,0,0,0,0,0,0,0,39,0,0,0,1,0,0,0,498,0,0,0,0,0,55,0,0,0,0,0,0,236,0,20,0,0,0,0,0,0,0,0,0,0,3,34,0,0,0,2,0,0,68,0,3,0,0,25,0,0,3,0,0,0,0,0,0,0,15,0,108,0,0,1162,0,0,0,0,0,0,0,0,151,0,5,167,0,0,0,0,0,0,2,0,4,30,0,0,0,1,2,0,0,1,0,0,0,0,0,107,0,0,475,0,0,0,0,0,0,2598,0,0,128,0,0,0,0,0,0,24,0,0,0,0,0,0,29,0,0,299,0
"659",0,0,0,0,0,0,1,0,0,0,0,0,1,218,13,0,0,0,0,0,0,144,0,0,0,4062,0,0,5,0,0,0,0,0,0,0,1,0,0,0,1,0,0,4,0,77,0,0,0,0,0,0,0,0,0,0,0,0,0,0,0,23,1,0,0,0,111,0,0,0,0,0,0,0,0,563,0,0,0,0,0,0,0,0,15,0,192,0,0,0,0,1,6,0,0,8,0,0,17,0,0,0,0,0,1,1,0,314,0,0,0,0,0,48,0,0,1,0,152,0,0,0,1,1,29,84,0,0,0,0,0,13,0,1,0,0,230,0,0,0,80,0,0,0,0,0,0,0,0,0,1,20,0,0,1,0,0,0,0,0,0,0,0,0,0,0,0,0,0,0,0,0,1,0,0,0,0,0,0,0,0,0,0,0,0,0,0,0,0,0,0,0,1,0,0,0,0,0,0,0,0,0,0,0,0,0,0,0,0,1,0,0,0,0,0,0,0,0,323,3,0,0,0,0,0,0,0,0,20,0,18,0,0,270,0,0,0,0,1,0,0,2,0,0,0,0,0,0,0,0,0,0,0,0,0,0,0,0,0,0,0,0,0,0,0,0,0,0,0,794,0,0,100,3,0,0,7,2,0,1913,0,0,75,0,0,0,0,0,0,0,0,0,0,0,0,0,0,0,0,98,0
"660",0,1,2,1,0,0,0,17,0,0,0,0,0,200,6,2,0,0,0,0,10,48,0,38,0,1526,0,0,3,9,2,0,0,56,0,0,1,1,0,0,0,0,0,0,0,20,0,0,0,0,0,0,0,0,13,0,0,1,0,153,0,0,0,0,1,0,58,0,0,0,135,0,0,11,0,0,0,0,0,153,0,0,0,0,0,0,376,0,0,34,0,0,3,0,0,0,0,0,44,0,0,89,0,0,0,0,0,1912,0,0,0,0,0,0,0,0,0,0,15,0,0,0,0,0,2,0,4,0,0,0,0,42,0,0,0,0,102,0,0,0,1342,0,0,0,0,0,20,0,0,0,4,5,0,57,0,0,0,0,0,94,0,0,0,113,0,0,0,0,0,0,7,0,0,0,0,0,0,1,0,0,0,0,0,31,0,0,0,0,0,0,0,52,6,0,0,0,0,0,0,0,0,0,1,2,4,46,0,0,0,0,0,87,0,0,3,0,89,17,0,0,0,1,0,0,0,0,0,0,0,0,161,0,0,200,0,0,0,0,0,0,0,0,0,0,0,16,0,0,0,0,0,4,0,0,38,0,22,0,13,36,13,0,0,10,1,0,0,0,0,10,0,0,113,0,0,0,0,0,6,2407,0,0,28,0,0,5,0,0,60,1,0,0,0,0,3,1,76,0,0,0,0
"661",0,0,0,0,0,0,1,57,0,0,0,0,0,155,7,0,0,0,0,0,129,114,0,0,0,457,0,0,49,0,1,0,7,158,0,177,149,6,0,0,1,0,0,40,0,18,0,8,0,0,0,0,0,0,0,0,0,0,0,34,0,23,1,0,0,0,3,0,0,0,93,0,0,189,0,0,0,0,0,49,0,0,0,0,101,0,0,0,0,58,0,35,4,0,0,0,0,0,47,0,4,4,0,0,2,0,281,1,0,28,0,0,0,24,0,8,0,1,52,0,0,0,1,1,443,0,0,0,0,0,10,0,0,2,0,0,1221,0,0,0,1,0,0,0,0,0,0,2,0,0,2,11,0,0,3,0,0,0,0,70,0,0,0,178,0,1,0,0,0,0,7,0,72,0,0,0,0,118,59,1,0,0,0,0,8,0,0,0,24,0,0,64,0,1,0,0,0,0,0,0,0,0,0,0,1,0,0,0,0,0,0,0,16,0,12,0,2,0,0,8,0,0,0,0,0,2,0,0,213,0,193,0,0,887,0,0,0,0,0,0,0,0,0,0,0,0,0,0,0,0,405,6,13,0,0,0,1,0,21,0,4,0,0,12,0,0,0,0,0,1,0,31,85,0,0,0,0,0,12,2162,0,0,241,0,0,0,0,0,20,10,0,0,0,0,82,6,11,61,0,74,0
"662",0,0,0,0,0,0,3,0,0,0,0,0,0,0,14,0,0,5,0,0,0,75,0,0,0,5,0,0,0,0,4,0,0,509,0,0,12,0,0,0,0,0,178,0,0,132,0,0,0,0,0,0,0,0,0,25,0,0,0,87,0,0,0,6,0,0,110,0,0,0,72,0,0,0,0,0,0,0,0,55,0,67,0,0,42,7,851,0,0,0,32,8,91,0,0,0,0,0,0,0,0,0,0,31,31,0,0,911,0,0,0,0,0,199,0,0,0,0,338,1,0,0,0,0,197,105,0,0,0,0,0,0,0,479,0,2,16,0,0,1,16,0,0,0,0,0,15,0,0,0,10,0,0,0,0,0,0,0,592,107,0,7,0,0,0,0,0,0,0,0,3,0,0,0,0,0,0,0,11,1,0,0,0,0,0,0,0,0,0,0,0,278,0,0,86,0,0,0,1,0,0,0,0,0,0,117,0,0,0,0,0,0,0,0,0,0,0,0,219,0,0,0,0,0,0,0,0,0,0,0,25,0,0,116,0,0,5,0,2,0,0,0,0,0,81,0,0,0,0,0,0,0,0,0,6,17,7,0,21,0,3,0,0,0,0,0,0,0,0,2,0,0,222,0,0,0,0,0,0,2416,0,0,750,0,0,0,0,0,34,0,0,0,0,0,22,0,25,0,0,81,0
"663",0,0,0,0,0,0,1,0,0,0,0,0,9,0,8,4,0,0,0,0,0,0,0,48,0,195,0,0,54,6,0,0,0,0,0,0,9,0,0,0,0,0,0,0,4,13,0,0,0,0,0,0,0,0,0,0,4,1,0,0,0,0,0,0,0,0,202,0,0,0,0,0,0,0,0,0,0,0,0,0,0,0,0,0,76,3,0,1,1,34,0,90,37,0,0,4,0,0,10,0,0,89,0,0,0,0,0,780,0,0,0,0,0,67,0,33,1,0,510,1,0,0,9,1,89,0,0,0,0,0,0,0,0,1,0,0,14,0,0,0,17,8,0,0,0,0,0,0,0,0,13,0,0,79,1,0,0,0,0,0,0,0,0,0,0,0,0,0,0,0,0,0,168,0,0,0,0,89,0,0,0,0,0,0,0,0,0,0,0,0,0,79,1,0,0,2,0,0,0,0,0,0,0,0,1,60,0,0,6,23,0,0,0,0,0,0,0,0,449,0,0,0,0,0,0,0,0,0,42,0,0,0,0,757,0,0,0,0,0,0,0,0,0,0,10,0,0,0,0,0,83,0,0,0,0,24,36,0,0,0,0,0,0,0,12,0,0,0,0,18,0,0,285,0,12,0,0,0,0,4613,0,1,121,3,0,10,0,41,0,0,0,0,0,0,9,0,138,0,0,98,0
"664",0,0,0,1,0,0,2,0,0,0,0,0,3,0,22,0,13,5,0,0,0,0,0,6,0,775,0,0,11,0,0,0,0,45,0,0,6,30,0,0,1,0,0,119,0,184,0,0,0,0,0,0,0,0,0,0,0,2,0,0,0,0,2,0,0,0,56,1,0,0,0,0,0,0,0,0,0,0,0,0,0,0,552,0,33,120,0,0,0,0,0,3,0,0,0,0,0,0,146,0,0,21,0,0,0,0,0,0,0,45,0,0,1,0,0,1,0,7,196,0,0,0,0,52,69,0,0,0,0,0,192,322,0,0,0,0,28,0,0,0,12,0,0,0,0,0,60,0,0,17,16,0,14,0,0,0,0,0,0,33,0,0,0,0,0,0,0,6,0,0,0,0,0,1,0,0,0,0,0,0,0,0,0,0,0,0,0,0,0,4,0,207,1,0,31,0,0,0,0,0,0,0,0,168,0,24,1,0,3,2,0,0,0,0,0,0,0,0,8,0,8,0,0,0,0,0,0,0,98,0,0,0,0,667,0,0,0,0,0,56,0,0,0,0,8,0,0,1,0,0,0,0,0,0,0,10,64,0,0,11,0,0,0,19,0,0,0,0,0,3,0,0,631,0,1,0,0,0,0,4475,0,0,37,0,0,0,0,3,0,0,0,0,0,0,0,0,183,0,0,0,0
"665",0,0,0,0,0,0,12,0,0,0,8,0,1,0,112,0,0,7,0,0,0,29,0,0,0,1680,0,0,8,2,198,27,0,78,0,0,531,34,0,0,0,0,0,22,0,45,0,11,0,0,3,0,1,0,1,0,0,0,0,4,1,2,1,0,0,0,0,0,0,4,398,0,0,0,3,0,0,0,0,6,0,6,34,0,5,1,0,1,0,152,0,3,30,0,0,13,0,0,36,0,0,12,0,26,13,0,1,151,0,0,0,60,0,8,0,0,0,0,0,0,0,0,0,0,1029,0,0,24,6,0,23,18,0,4,0,0,27,0,0,0,4,0,0,0,0,0,3,0,0,3,1,0,0,0,1,0,2,0,9,191,0,0,0,0,0,0,0,0,0,0,31,0,7,0,0,0,0,132,55,1,0,0,0,0,21,0,0,0,29,0,0,7,1,0,0,0,0,0,0,328,0,0,0,586,0,0,0,0,0,16,0,0,24,0,5,0,0,171,112,0,0,39,0,25,0,0,0,0,89,0,24,0,0,53,0,1,1,0,0,0,0,0,0,0,1,0,0,0,0,0,3,4,48,0,8,2,1,0,10,0,4,0,0,1,0,0,0,0,0,0,0,8,524,0,1,0,0,0,66,1397,0,0,537,0,0,0,0,0,37,61,0,0,0,0,180,0,1,0,0,169,0
"666",0,0,0,0,0,0,0,0,0,0,0,0,7,0,3,0,0,0,0,60,0,0,0,0,1,4657,0,0,0,34,0,0,0,110,0,0,3,888,0,0,0,0,0,0,0,172,0,0,0,0,0,0,0,0,68,0,0,0,0,0,0,0,0,0,0,0,54,0,0,0,0,0,0,0,0,0,0,0,0,0,0,0,0,0,82,0,0,0,0,0,0,0,0,0,0,3,0,0,26,0,0,0,0,0,0,0,0,862,0,0,0,0,0,0,0,0,94,0,29,8,0,0,0,1,0,0,0,0,0,0,5,216,0,0,0,0,7,2,0,0,21,0,0,0,0,0,0,0,0,0,0,0,0,0,1,0,0,0,0,0,0,0,0,279,0,0,0,0,0,0,0,0,0,0,0,0,0,0,0,0,0,0,0,0,0,0,0,13,0,0,0,0,0,0,0,0,0,0,0,0,0,0,0,0,0,131,0,0,0,0,0,0,0,0,0,0,0,0,0,0,0,0,0,0,0,0,0,0,83,0,0,0,0,0,0,0,0,0,0,0,0,0,0,0,0,0,0,0,0,0,0,0,0,0,0,0,0,0,0,45,0,0,0,0,0,0,0,0,0,0,0,0,55,2,0,0,0,0,0,2687,0,0,0,0,0,0,0,0,0,0,0,0,0,0,11,0,3,0,0,0,0
"667",0,0,0,0,0,0,2,0,0,0,0,0,0,0,6,0,0,0,0,0,0,0,0,0,0,2776,0,0,115,52,604,0,0,347,0,0,6,46,8,0,0,0,0,0,0,0,0,1,0,0,0,0,0,0,0,0,0,0,0,0,2,0,0,1,0,0,34,0,0,0,0,1,0,0,0,0,1,6,0,0,0,0,277,0,0,1,59,0,0,11,0,1,0,0,0,1,0,0,47,0,0,0,0,0,2,0,0,1125,0,0,0,0,0,1,0,56,0,0,78,0,0,0,0,7,4,38,0,0,0,0,0,1,0,0,0,0,219,2,2,0,1084,0,0,0,0,0,14,0,0,0,26,46,0,143,0,0,0,0,0,26,0,0,0,2,0,0,0,0,0,0,7,0,0,0,0,0,3,3,110,4,0,0,0,0,19,0,0,0,0,0,8,0,0,2,0,0,0,0,0,0,0,0,0,136,0,44,7,0,2,66,0,66,0,5,0,0,274,14,615,0,46,65,0,47,0,0,0,0,67,0,0,0,0,0,0,0,1,0,0,0,4,0,3,45,52,25,0,0,0,0,0,4,19,0,4,0,50,0,1,0,3,0,0,1,0,0,0,0,0,0,0,0,469,0,0,5,0,0,5,891,0,0,0,0,0,0,0,0,10,0,0,0,0,0,0,46,10,0,0,81,0
"668",0,0,0,0,0,0,1,40,0,0,0,0,1,224,6,0,0,0,0,0,0,20,0,9,0,1526,0,0,5,39,472,0,0,0,0,0,1,12,1,0,0,0,0,0,0,183,0,0,0,0,2,0,0,0,32,0,0,0,0,495,1,17,0,0,0,0,312,0,0,0,11,1,0,6,0,0,0,0,0,0,0,0,0,0,55,13,0,0,0,0,0,8,0,0,0,0,0,0,0,0,0,0,0,0,2,0,12,671,0,0,0,0,0,8,0,0,0,0,75,0,0,0,0,1,0,0,0,0,0,0,44,26,0,0,0,0,1,0,0,0,560,0,0,0,0,0,43,4,0,0,4,1,0,236,1,0,0,0,0,14,0,0,0,549,0,0,0,0,0,0,0,0,0,0,0,0,0,249,44,2,0,0,0,0,10,0,0,0,0,0,0,83,1,0,0,1,0,0,0,0,0,0,0,0,0,262,7,0,0,8,0,0,0,0,0,2,25,14,0,4,0,0,0,0,0,0,0,0,0,18,74,1,0,222,0,0,0,0,0,0,0,0,0,0,0,0,0,0,0,0,0,0,0,0,0,31,32,0,2,0,8,0,0,12,0,0,0,0,0,1,0,31,33,0,0,0,1,0,1,3480,0,0,29,0,0,0,0,0,165,11,0,0,0,0,3,0,21,0,0,56,0
"669",0,0,0,0,0,0,0,0,0,0,0,0,0,0,4,0,0,0,0,0,0,53,0,0,0,2535,0,0,5,0,0,0,0,325,0,0,0,0,0,0,0,0,207,0,0,0,0,0,0,0,0,0,0,0,0,0,0,0,0,215,0,0,0,0,0,0,0,0,0,0,0,0,0,0,0,0,0,0,0,0,0,0,0,0,0,214,0,0,0,0,0,0,1,0,0,1,0,0,0,0,0,0,0,0,8,0,0,122,0,0,0,0,0,0,0,0,0,3,40,0,0,0,29,0,3319,6,0,0,0,0,0,0,0,0,7,1,0,0,0,0,31,0,0,0,0,7,22,0,0,0,0,0,75,0,0,0,0,0,0,75,0,0,0,0,0,0,0,0,4,0,0,1,2,0,0,0,0,0,338,0,0,0,0,0,0,0,3,0,0,0,0,0,1,0,0,0,0,0,0,0,0,0,0,0,0,60,0,17,0,0,0,0,0,0,0,1,0,0,223,0,0,0,0,138,0,0,0,0,0,0,0,2,0,0,0,0,0,0,4,0,0,0,0,0,0,167,0,0,0,0,0,0,0,0,0,34,34,0,0,0,0,0,0,0,0,0,0,0,6,16,0,0,0,0,0,0,13,5,0,0,0,0,657,0,6,0,0,0,0,183,0,0,0,0,0,0,66,0,0,714,0
"670",0,0,0,0,0,0,2,27,0,0,0,0,0,0,13,0,0,0,0,0,37,0,0,0,3,2965,0,0,16,0,0,0,0,185,0,0,8,70,0,0,0,0,0,0,0,8,0,0,0,0,0,0,0,0,0,0,0,8,1,87,0,1,0,0,1,1,46,0,0,0,41,0,0,0,0,0,0,0,0,34,0,0,0,0,15,0,91,0,0,0,0,3,0,0,0,33,0,0,0,0,0,0,2,0,3,0,66,587,0,1,2,0,0,0,0,0,0,0,45,0,0,0,0,0,0,4,0,0,0,0,0,0,0,0,0,0,0,1,0,2,30,0,0,0,0,0,22,0,0,0,26,0,0,0,0,0,0,0,0,122,0,0,0,541,0,0,0,0,0,0,6,0,0,0,0,0,0,0,69,0,0,0,0,0,2,0,0,0,0,0,0,44,2,0,0,0,0,0,0,0,0,0,0,0,0,13,1,0,0,1,0,0,0,0,0,0,521,27,0,3,0,70,0,0,0,0,0,0,65,16,0,0,0,558,0,0,0,0,0,1,0,0,0,0,0,9,0,4,0,0,221,0,0,0,0,0,2,0,9,4,16,0,0,2,0,0,0,0,0,64,0,0,321,0,6,0,0,0,11,2769,0,0,0,0,0,0,0,0,19,0,0,0,0,0,0,0,0,0,0,0,0
"671",0,0,0,0,0,0,1,0,0,1,0,0,0,0,9,0,0,0,0,0,0,0,0,1,0,20,0,0,26,12,0,0,0,0,0,0,35,56,1,0,0,0,0,0,0,0,0,0,0,0,0,0,0,0,0,0,0,0,0,0,0,0,0,0,0,0,231,0,0,0,0,0,0,0,0,0,0,0,4,0,0,0,169,0,0,1,313,0,0,135,0,0,0,0,0,2,0,0,315,0,0,0,0,0,0,0,0,4605,0,0,0,0,0,571,0,1,0,0,136,0,0,0,0,1,71,0,0,0,0,0,0,93,0,1,0,11,0,0,0,0,27,0,0,0,0,0,43,0,0,0,4,0,0,0,1,0,0,1,0,0,0,0,0,0,0,0,0,0,0,0,6,0,0,0,0,0,0,0,4,0,0,0,0,0,0,0,0,0,0,0,0,0,4,0,0,0,0,0,0,0,0,0,0,0,62,26,0,0,0,13,0,0,0,6,18,0,15,0,47,0,12,28,0,0,0,0,0,0,0,0,0,0,0,309,0,0,0,0,0,0,1,0,0,0,0,0,0,0,0,0,0,4,12,0,79,8,2,0,0,0,0,0,0,23,0,0,0,0,2,4,0,0,1344,2,1,0,0,0,52,516,0,0,395,0,0,0,0,3,0,0,0,0,0,0,0,0,10,0,0,23,0
"672",0,0,4,0,0,1,0,1,0,0,0,0,0,0,303,0,0,0,0,2,0,27,0,3,0,3946,2,0,18,8,0,0,0,509,0,0,246,12,0,0,0,0,0,0,0,0,0,0,0,0,0,0,0,0,0,0,0,0,0,0,0,0,1,0,0,0,10,0,0,0,0,0,2,6,0,0,0,0,0,2,0,24,0,0,23,0,2,0,0,0,0,0,72,0,0,0,0,0,62,0,0,30,0,0,0,0,0,892,0,79,0,0,0,0,0,0,0,1,100,4,0,0,0,1,0,0,0,19,0,0,0,18,0,1,0,0,57,4,0,0,41,0,0,0,0,0,3,0,0,0,5,0,0,0,0,0,0,0,0,122,0,0,0,2,0,0,0,0,0,0,1,0,0,0,0,0,0,0,0,1,0,0,0,0,0,0,0,0,0,0,0,101,5,0,0,0,0,0,4,0,0,0,0,0,0,173,4,0,0,1,0,0,0,0,0,1,126,0,276,3,18,0,0,0,0,0,0,0,51,4,0,1,0,1236,0,0,0,0,0,0,0,0,0,0,0,0,0,0,0,0,0,0,0,0,0,0,52,0,0,0,0,0,0,1,0,0,0,0,3,3,0,0,1344,0,4,0,0,0,0,6,0,0,343,0,0,0,0,1,12,0,0,0,17,0,17,0,7,0,0,0,0
"673",0,1,0,0,0,0,0,0,0,0,0,0,0,0,72,0,0,0,0,0,26,2,0,4,0,2567,0,0,7,10,99,0,1,19,0,0,6,3,0,0,0,0,0,10,0,16,0,6,0,0,1,0,0,0,1,0,0,1,0,0,0,5,0,0,0,0,334,0,2,0,14,0,0,0,0,0,0,0,0,11,0,0,0,0,24,3,1186,2,0,28,0,10,0,0,0,0,0,0,5,0,0,4,0,0,4,0,0,1912,0,0,0,0,0,101,0,0,0,2,51,0,0,0,0,0,0,0,2,0,0,0,1,37,0,0,0,0,0,1,0,0,20,0,0,0,0,0,0,0,0,0,1,1,0,0,0,3,0,21,0,12,0,0,0,0,0,0,0,0,0,0,4,0,0,1,0,0,0,5,0,0,0,0,0,1,0,0,1,0,0,0,0,28,2,0,0,0,0,0,0,0,0,0,0,0,0,16,3,1,0,3,0,0,15,0,2,0,61,16,0,0,45,0,0,0,0,2,0,0,101,0,86,0,0,701,0,0,0,1,0,8,0,0,0,0,7,0,1,0,0,0,0,0,0,0,7,6,13,0,1,1,2,0,0,2,0,0,0,0,1,14,0,8,8,0,0,0,0,0,1,2064,0,0,1,0,0,0,0,0,12,0,0,0,0,0,31,0,18,0,0,13,47
"674",0,0,0,0,0,0,1,0,0,0,0,0,0,0,16,0,0,0,0,0,0,20,0,178,0,1606,0,0,0,0,0,0,0,26,0,0,0,27,0,0,0,0,0,0,0,0,0,0,0,0,0,0,0,0,4,0,0,0,0,63,0,48,0,0,0,0,0,0,0,0,117,0,0,0,0,1,0,0,0,139,0,0,217,0,0,0,0,0,0,0,18,0,3,0,0,0,0,0,69,0,0,0,0,0,0,0,0,159,0,0,0,0,6,0,0,0,0,0,299,1,0,0,0,0,319,0,0,0,0,0,3,1134,0,0,0,6,109,0,0,0,4,0,0,0,0,0,9,0,0,0,34,0,0,0,0,0,0,0,0,125,0,0,0,245,0,0,0,0,0,0,4,0,0,0,0,0,0,87,0,0,0,0,0,0,5,0,0,0,0,1,0,0,0,0,0,0,0,0,0,0,0,0,1243,440,0,7,0,0,0,0,0,0,0,0,0,0,55,8,0,0,0,32,0,0,0,0,0,0,180,0,0,0,0,592,0,0,0,0,0,0,0,0,0,0,0,0,0,0,0,0,0,0,0,0,30,10,4,0,0,0,0,0,0,2,0,0,0,0,3,1,0,0,189,0,0,0,0,0,9,1731,0,0,170,0,0,11,0,0,76,4,0,0,0,0,6,0,5,0,0,93,0
"675",0,0,0,0,0,0,52,0,0,0,0,0,0,603,0,2,0,0,0,0,0,37,0,0,0,1960,0,0,18,0,73,0,0,82,0,19,0,12,0,0,0,0,0,0,0,260,0,0,0,0,0,0,0,0,29,0,0,0,7,207,0,0,0,0,46,0,103,0,0,0,0,0,0,0,0,0,0,0,0,175,2,0,76,0,0,0,4,0,0,0,0,37,3,0,0,0,0,0,4,0,4,11,0,0,0,0,0,220,63,41,0,0,0,0,1,0,0,0,29,0,0,0,0,0,16,0,0,0,0,0,44,151,0,0,0,0,0,0,0,1,501,0,0,0,0,0,22,0,0,0,0,0,0,0,0,0,0,0,0,144,0,0,0,2,0,1,0,0,0,0,6,0,1,0,0,0,0,0,99,2,0,0,0,0,8,0,0,0,0,0,4,12,0,0,0,0,0,0,0,928,0,0,0,13,0,1,2,0,0,0,0,0,0,0,0,0,62,37,102,0,0,66,0,0,0,0,0,0,0,2,110,1,0,654,0,0,2,0,0,5,0,0,0,0,1,0,0,0,0,0,0,2,0,0,0,1,1,0,4,0,8,0,0,6,0,0,0,0,0,1424,0,0,127,0,0,0,0,2,1,484,1,2,463,0,0,0,0,0,20,10,0,0,0,0,6,0,0,0,0,0,0
"676",0,0,0,0,0,0,1,18,0,0,0,0,0,44,3,0,0,0,0,0,21,48,0,11,0,935,0,0,119,38,0,0,0,0,0,0,9,173,0,0,0,0,0,21,0,23,0,0,0,0,0,0,0,0,91,0,2,0,0,57,0,102,0,0,0,0,41,0,0,0,0,0,0,12,0,0,0,0,0,5,0,0,65,0,94,2,0,0,0,64,0,12,53,0,0,0,0,0,0,0,0,0,0,0,0,0,0,1379,0,0,0,0,0,72,0,0,0,0,95,0,0,0,3,0,30,0,0,0,0,0,0,186,0,0,0,0,85,0,0,0,0,0,0,4,0,0,0,0,0,11,15,0,0,0,0,0,0,0,0,124,0,0,0,2,0,0,0,0,0,0,0,0,0,0,0,0,0,120,0,0,0,0,0,0,45,0,0,0,0,0,0,220,0,0,0,0,0,0,0,0,0,0,0,0,0,14,0,0,0,0,0,0,0,0,0,0,70,0,134,0,0,0,0,0,0,0,0,0,62,0,54,0,0,0,0,0,0,0,0,0,0,25,0,0,0,0,0,0,3,0,0,0,0,0,27,8,0,0,0,12,10,0,0,0,1,0,0,0,0,4,0,0,938,0,0,0,0,0,0,3911,0,0,0,0,0,0,0,0,0,80,0,0,0,0,113,0,9,0,0,72,0
"677",0,0,0,0,0,0,1,0,0,0,0,0,0,55,1,0,0,0,0,0,22,9,2,5,0,1815,0,0,6,0,0,0,0,262,0,0,0,46,0,0,0,0,0,73,0,159,0,2,0,0,0,0,0,0,0,0,0,0,0,142,0,3,1,0,0,0,0,7,0,11,0,0,0,28,0,0,0,0,0,0,0,0,187,0,6,726,88,0,0,62,0,9,1,0,0,86,0,0,0,0,0,16,0,0,0,0,88,6,0,0,0,0,0,16,0,0,0,0,57,0,0,0,0,1,446,0,0,0,0,0,0,3,0,0,0,0,58,0,0,0,1,0,0,0,0,0,0,0,0,1,4,0,0,0,1,0,0,1,0,54,0,0,0,0,1,0,0,31,0,0,0,0,690,0,0,0,0,0,105,0,0,0,0,0,14,6,0,0,0,0,0,136,1,1,0,1,0,0,0,0,0,0,0,161,22,7,0,0,3,2,0,0,0,0,0,0,154,0,0,0,81,0,0,0,0,0,0,0,0,0,151,6,0,729,0,0,0,0,0,0,0,0,0,0,0,0,0,0,0,0,3,0,0,1,0,148,0,0,11,6,11,7,0,0,0,0,0,725,0,11,6,0,35,0,0,0,0,0,6,1557,0,0,391,0,0,0,0,0,0,0,0,0,0,0,26,0,7,108,0,81,0
"678",0,2,1,0,0,0,0,0,0,0,0,0,1,0,1,0,15,0,0,0,0,1,0,57,0,324,0,0,3,1,434,0,0,153,0,0,11,195,0,0,0,0,0,0,0,462,0,0,0,0,4,0,0,0,0,0,0,0,0,0,0,0,0,0,0,0,41,0,0,0,0,0,0,0,0,0,0,0,0,56,0,0,217,0,0,1,1322,0,0,0,0,0,3,0,0,1,0,0,0,0,0,0,0,0,0,0,0,1323,0,0,0,0,0,0,0,1,0,0,58,0,0,0,0,1,157,0,0,0,0,0,0,155,0,5,0,0,1,0,0,0,1,0,0,0,0,0,0,0,0,3,28,16,0,0,0,0,0,0,0,0,0,0,0,0,0,0,0,0,0,4,0,0,0,0,0,0,0,0,0,0,0,0,0,0,0,0,0,0,0,0,0,48,2,0,0,39,0,0,0,0,0,0,0,0,0,0,0,0,0,1,0,0,0,0,0,0,0,0,1,0,0,0,0,0,0,0,0,0,0,0,120,0,0,0,0,0,0,0,0,46,0,0,0,0,8,0,0,1,0,0,0,0,0,0,0,1,4,0,0,12,2,0,0,0,0,0,0,0,0,12,2,4,220,0,1,0,0,0,0,4236,0,0,152,0,0,0,0,0,0,0,0,0,0,0,0,0,3,0,0,52,0
"679",0,0,0,0,0,0,0,52,0,0,0,0,0,275,9,0,0,0,0,0,101,30,0,1,0,1798,0,0,1,13,2,0,0,251,0,0,182,0,0,0,0,0,58,51,0,216,0,0,0,0,0,0,0,0,10,0,0,0,0,0,0,15,6,0,0,0,25,0,0,0,0,0,0,0,0,0,0,0,0,0,0,0,7,0,0,0,59,0,0,0,0,0,20,0,0,1,0,0,0,0,0,0,0,0,0,0,11,418,0,0,0,0,0,571,0,0,0,0,109,0,0,0,51,0,846,0,0,0,0,0,20,194,0,0,0,0,19,0,0,0,26,0,0,0,0,0,0,0,0,0,0,0,0,0,0,0,0,0,0,116,0,0,0,0,0,0,0,0,0,0,0,0,0,0,0,0,0,0,95,0,0,0,0,0,0,0,0,0,0,0,0,116,0,0,93,0,0,0,0,0,0,0,0,0,0,4,0,0,0,0,0,0,0,0,0,0,68,0,339,0,0,0,0,0,0,0,0,0,67,0,173,0,0,0,0,0,0,0,0,0,0,0,0,0,0,0,0,0,0,0,0,0,0,0,0,0,12,0,0,0,0,0,0,0,0,0,0,0,0,1,0,6,162,0,0,0,0,0,13,2441,0,0,346,0,0,0,0,0,69,28,0,0,0,0,230,0,24,26,0,126,0
"680",0,0,0,1,0,0,2,0,0,0,0,0,0,0,1,0,0,0,0,0,0,12,0,0,0,589,0,0,0,0,0,0,3,251,0,0,0,65,0,0,1,0,0,73,0,1299,0,0,0,0,0,0,0,0,0,0,0,0,0,0,0,13,0,0,0,0,36,0,0,0,0,0,0,0,0,0,0,0,0,319,0,0,491,0,56,0,0,1,0,0,0,0,0,0,0,0,0,0,85,0,0,0,0,0,2,0,0,11,0,0,3,0,0,88,0,0,0,0,0,0,0,0,0,0,77,0,0,0,4,0,0,414,0,0,0,1,0,2,0,0,0,0,0,0,0,0,0,0,0,0,18,0,0,0,0,58,0,0,0,106,0,0,0,0,0,0,4,0,0,0,0,0,10,0,0,0,0,69,0,0,0,0,0,0,0,0,0,0,0,0,0,52,0,0,0,0,0,0,0,0,0,0,0,204,1,7,0,0,1,1,0,0,0,0,4,0,0,225,1,0,0,0,0,0,0,0,0,0,70,0,107,0,0,1763,0,0,0,0,1,0,0,0,4,0,0,0,0,0,0,0,0,0,0,1,0,0,0,2,0,0,0,0,0,0,0,0,0,0,0,2,0,0,844,0,0,0,0,0,1,2024,0,0,299,0,0,0,0,0,0,1,0,0,0,0,0,0,0,7,0,0,0
"681",0,0,0,0,0,0,1,1,0,0,0,0,0,0,0,0,0,0,0,0,1,9,0,6,0,234,0,0,6,13,15,0,0,60,0,0,3,1,0,0,0,0,0,0,0,4,0,0,0,0,0,0,0,0,0,0,0,0,0,216,0,0,0,0,24,0,82,0,0,0,0,0,0,0,0,0,0,0,0,37,0,0,0,0,2,0,0,0,0,0,0,1,1,0,0,0,0,0,0,0,0,0,0,0,1,0,4,1321,0,0,0,0,0,0,0,0,0,0,0,0,0,0,0,1,0,84,0,0,0,0,0,0,0,0,0,0,0,0,0,0,2,0,1,0,0,0,3,1,0,0,0,0,0,0,0,0,0,0,0,0,0,0,0,138,0,0,0,0,0,0,4,0,1,0,0,0,0,0,0,1,0,0,0,0,21,0,0,0,0,0,0,0,0,0,0,0,0,0,4,0,0,0,0,0,0,0,2,0,1,0,0,0,0,0,2,0,10,0,0,0,0,13,0,0,0,0,2,0,0,0,0,0,0,0,0,0,0,0,0,0,0,0,0,0,0,6,0,0,0,0,0,0,0,0,0,1,0,0,0,18,1,0,0,6,0,0,0,0,0,6209,2,1,16,0,0,0,0,0,0,640,0,0,174,0,0,0,0,0,0,11,0,0,0,0,13,0,2,0,0,0,0
"682",4,0,0,0,0,0,0,0,0,0,0,0,0,0,0,0,0,0,0,0,0,44,0,0,0,2491,0,0,3,0,0,317,0,0,0,0,0,153,0,0,0,0,0,0,0,8,0,0,0,0,0,0,0,0,0,0,0,0,0,619,0,0,0,0,0,0,910,0,0,216,0,0,0,0,0,0,0,0,0,54,0,0,0,0,0,0,0,0,0,0,0,0,0,0,0,0,0,0,0,0,0,0,0,0,0,0,537,381,0,0,0,0,30,46,0,0,0,0,36,0,0,0,0,0,0,0,0,0,0,0,1,46,0,0,0,0,0,0,0,0,0,0,0,0,0,0,32,0,0,0,8,0,0,0,0,0,0,0,0,0,0,0,0,0,0,0,0,0,0,0,0,2,0,0,0,0,0,52,15,0,0,0,0,0,0,0,0,0,0,0,0,82,0,0,0,0,0,0,0,0,0,0,0,178,0,0,0,0,0,0,0,0,0,0,0,0,92,0,0,0,0,91,0,262,0,0,0,0,0,0,0,0,0,65,0,0,0,0,0,0,0,0,0,0,0,0,0,0,0,0,34,0,0,0,0,0,0,0,0,77,0,0,0,0,0,0,29,0,0,1,0,0,239,0,0,0,0,0,0,2787,0,0,58,0,0,0,0,0,0,0,0,0,0,0,14,0,0,0,0,13,0
"683",2,0,1,0,0,0,0,0,0,0,0,0,0,1,2,0,0,0,0,0,0,13,0,0,0,2003,0,0,1,8,377,0,0,288,0,0,2,195,0,0,0,0,0,22,0,242,0,2,0,0,0,0,0,0,0,0,0,0,0,44,0,0,0,0,0,0,10,0,0,0,5,0,0,1,0,0,0,0,0,65,0,0,228,0,0,39,0,0,0,47,0,1,0,0,0,0,0,0,81,0,0,0,0,0,4,0,0,2912,0,35,0,0,0,18,0,8,0,4,139,0,0,0,0,1,92,0,0,0,0,0,0,70,0,0,0,0,4,0,0,0,12,0,0,0,0,0,37,0,0,0,8,0,0,0,1,0,0,0,0,0,0,0,0,53,0,0,0,0,0,0,2,0,1,0,0,0,0,0,318,0,0,0,0,0,17,0,0,0,0,0,0,57,0,0,0,0,0,0,0,0,0,0,0,1,0,163,0,0,1,0,1,0,0,2,1,0,111,2,1,0,0,15,0,0,0,0,0,0,7,0,0,0,0,75,0,0,0,0,0,23,0,0,0,0,2,0,0,0,0,0,0,0,9,0,8,20,30,0,2,21,13,0,0,6,0,0,0,0,36,95,0,29,0,0,0,0,0,0,0,1291,0,0,174,0,0,0,0,1,4,28,0,0,0,0,1,0,7,0,0,51,0
"684",0,0,0,0,0,0,0,0,0,0,0,0,0,272,0,0,0,0,0,0,1,8,0,0,51,4058,0,0,0,0,752,0,0,67,0,0,0,22,0,0,0,0,0,31,0,0,0,0,0,0,0,0,0,0,9,0,0,0,0,2,0,0,0,0,0,4,58,0,0,0,4,0,0,4,0,0,0,0,0,3,0,0,0,0,99,0,0,2,0,15,0,0,90,0,0,0,0,0,0,0,0,0,0,0,0,0,0,917,0,0,0,59,0,63,0,3,0,0,28,0,0,0,0,2,149,0,0,0,2,0,4,11,0,24,0,0,0,0,0,0,0,0,0,0,0,0,0,0,0,0,9,4,0,0,0,0,0,0,162,59,0,0,0,0,0,0,0,0,0,0,0,0,0,0,0,0,0,0,296,0,11,0,92,0,5,0,0,0,0,0,0,80,0,0,0,0,0,0,0,0,0,0,1,0,0,0,0,0,0,0,0,19,10,0,0,0,225,0,0,9,133,0,0,0,0,0,0,0,189,0,130,0,0,205,0,0,0,0,0,0,0,0,0,0,0,0,0,0,0,0,30,0,0,0,0,0,0,0,14,35,3,0,0,0,0,0,0,0,0,458,0,14,0,0,56,0,0,0,0,391,0,0,355,0,0,0,0,0,14,9,0,0,0,0,0,2,18,123,0,21,0
"685",0,0,0,0,0,0,2,0,0,0,0,0,0,0,29,0,0,0,0,0,0,0,0,0,0,1560,0,0,129,0,0,0,0,129,0,0,3,350,11,0,0,0,0,0,0,0,156,0,5,0,0,0,0,0,0,0,0,2,0,0,0,0,1,0,1,0,0,0,0,0,0,0,0,0,0,137,0,0,0,60,0,0,0,0,0,0,0,0,0,83,1155,14,13,0,0,3,0,1,0,0,0,0,0,0,0,0,0,720,0,0,0,9,0,85,0,20,0,1,150,0,0,0,0,1,227,0,0,0,0,0,0,151,1,1,0,0,219,0,0,0,54,0,0,0,0,693,0,0,0,7,16,0,0,0,1,0,0,0,0,24,0,0,0,0,0,0,0,0,0,25,0,0,1,0,0,0,0,0,509,0,10,0,0,0,30,0,0,0,0,0,0,156,4,0,0,2,0,0,0,0,0,0,0,485,0,55,0,0,2,9,0,0,0,0,12,0,138,0,136,0,0,0,0,0,0,0,0,0,0,0,0,0,0,0,0,0,0,0,3,0,0,0,0,13,0,0,1,4,0,0,0,0,0,0,0,14,0,0,0,0,0,0,0,0,0,0,0,0,0,12,0,0,85,0,1,0,0,0,14,1628,0,0,204,0,0,0,0,0,24,0,0,0,0,0,177,0,18,0,4,0,2
"686",0,0,0,0,0,0,9,25,0,0,0,0,0,0,38,0,0,3,0,0,2,15,0,57,0,0,0,0,146,132,595,0,0,128,0,0,30,47,0,0,2,0,0,0,0,13,0,0,0,0,73,0,0,0,0,0,0,0,0,391,0,0,0,0,0,0,239,0,0,0,8,0,0,0,0,0,0,0,0,18,0,0,137,0,7,0,0,0,0,18,0,1281,75,0,0,236,0,0,6,0,0,0,0,0,1,0,0,183,0,62,0,0,0,70,0,54,0,1,159,1,0,0,0,0,33,0,0,0,0,0,0,0,0,3,0,0,102,0,0,0,49,0,0,0,0,80,0,0,0,1,6,46,0,0,0,0,0,0,2,214,0,0,0,0,0,0,0,1,4,0,23,0,0,3,0,0,11,124,98,0,0,0,0,0,0,0,1,0,0,0,0,100,1,3,0,0,0,0,0,0,0,0,0,0,0,0,0,0,2,0,120,0,0,0,5,0,39,0,755,0,52,0,0,0,0,0,0,0,7,13,0,0,0,800,0,0,0,0,0,0,0,0,0,0,0,25,15,0,0,0,0,0,0,0,38,0,3,0,13,0,8,0,0,0,0,0,0,0,0,0,0,0,0,0,13,1,0,0,1,1816,0,0,860,0,0,0,0,0,43,0,0,0,0,0,0,30,9,0,0,164,0
"687",0,0,0,0,0,0,95,0,0,0,0,0,2,0,177,0,0,0,0,0,0,0,0,0,0,515,0,0,285,188,0,0,0,39,0,0,23,888,0,0,0,0,0,0,0,734,0,0,0,0,81,0,0,0,0,0,0,0,0,0,0,0,0,0,0,0,73,0,0,0,51,0,0,0,0,1023,0,0,0,0,0,0,378,0,0,88,2,0,0,0,0,0,8,0,0,4,0,0,0,0,0,0,0,0,0,0,0,892,0,0,0,0,0,0,0,0,0,0,45,0,0,0,0,42,0,0,0,0,0,0,105,0,0,0,0,1,3,0,2,0,169,0,0,0,0,0,0,0,0,0,13,11,0,0,0,0,0,0,0,75,0,0,0,0,0,0,6,0,0,0,0,0,0,0,0,0,0,861,318,0,0,5,2,0,0,0,0,0,0,0,0,155,2,0,0,0,0,0,0,0,0,0,0,0,0,459,34,41,0,254,0,0,0,0,54,0,0,206,0,0,0,83,0,84,0,32,0,0,0,0,44,0,0,0,0,0,0,0,0,38,0,0,0,0,0,0,0,0,0,0,0,0,0,0,0,0,0,0,0,9,0,0,0,0,0,0,0,0,0,565,391,36,106,0,0,0,0,0,0,19,0,0,0,0,0,0,0,0,0,0,0,0,0,0,0,0,0,0,0,299,0
"688",0,0,0,1,0,0,1,3,0,0,0,0,0,0,28,0,0,0,0,0,0,4,0,12,0,940,0,4,12,125,0,0,0,0,0,0,0,28,0,0,0,0,0,0,0,0,0,11,0,0,0,0,0,0,0,0,0,2,0,0,0,0,0,0,0,1,0,6,0,0,0,0,0,4,0,0,0,0,0,0,0,0,0,0,106,0,0,2,0,0,0,45,0,0,0,2,0,0,0,0,0,0,0,0,0,0,0,1600,0,0,0,0,0,0,0,0,0,0,0,4,0,0,0,0,0,0,0,0,0,0,0,0,0,0,0,40,384,0,0,0,0,0,0,0,0,0,1,0,0,0,0,0,0,6,1,5,0,2,0,23,0,0,0,0,0,0,0,3,2,0,1,0,0,18,0,0,0,0,0,0,0,0,0,0,1,0,0,0,0,0,0,42,1,0,0,0,0,0,0,0,0,0,0,1196,1763,1,0,0,0,0,1,0,0,0,0,0,0,48,8,0,0,1,0,0,4,0,0,0,91,0,0,0,0,16,0,0,0,0,0,0,0,0,0,0,1,0,0,0,0,0,0,0,0,0,56,17,2,0,6,33,0,0,0,0,0,0,1,0,0,642,0,20,0,1623,0,0,0,0,0,0,0,0,0,0,0,0,0,0,16,0,0,0,0,0,13,0,0,0,0,0,0
"689",0,0,0,0,0,0,1,0,0,0,0,0,0,0,2,0,24,0,0,0,0,17,0,1,0,2965,0,0,1,0,0,0,0,0,0,20,5,6,0,0,0,0,0,13,0,0,0,0,0,0,0,0,0,0,0,0,0,0,16,0,0,0,0,0,0,0,177,0,1,0,0,0,0,13,0,0,0,0,0,33,0,0,0,0,0,3,0,0,0,20,787,7,0,0,0,21,0,0,13,0,0,35,0,0,0,0,0,579,0,0,0,0,0,29,0,0,0,0,0,0,0,0,0,1,78,46,0,0,0,0,44,182,0,0,0,0,9,0,0,0,0,0,0,0,11,0,0,0,0,1,10,1,0,0,4,0,0,0,0,46,0,0,0,0,0,0,0,0,0,0,1,0,1,0,0,9,0,0,0,0,2,0,0,0,0,0,0,0,0,0,0,61,1,0,0,0,0,2,0,0,0,0,0,1125,0,0,0,0,0,1,0,0,0,0,0,0,0,0,0,0,0,11,0,0,0,0,0,0,55,0,146,0,0,85,0,0,6,0,0,2,0,0,0,0,0,0,0,0,0,0,0,0,0,0,2,0,0,0,0,0,0,0,0,1,0,0,0,0,0,45,9,4,19,0,0,0,0,2,0,2708,0,0,194,0,0,0,0,0,112,44,0,0,0,0,3,15,2,0,0,81,0
"690",0,0,0,1,0,0,7,0,0,0,4,0,0,0,2,0,0,0,5,0,0,49,0,10,0,657,0,0,37,1,350,0,0,23,0,20,46,0,0,0,0,0,0,208,0,1299,0,8,18,0,4,0,0,0,0,0,0,3,0,0,0,0,0,0,0,0,61,0,42,108,1099,0,0,0,0,0,0,0,0,0,0,1,0,0,0,1,0,1,0,32,0,13,0,0,0,0,0,0,105,0,0,0,0,34,0,0,0,42,0,0,2,42,0,0,0,0,1,0,141,0,0,0,0,1,30,0,11,0,0,107,0,0,0,0,0,40,0,0,0,0,0,0,0,0,0,0,0,0,0,0,3,38,0,0,1,0,0,1,0,130,0,0,0,0,0,1,0,0,0,297,0,0,1,0,0,0,0,28,952,0,0,0,0,0,31,0,0,0,0,0,0,37,18,0,12,0,0,0,0,0,0,0,0,2,1,0,10,0,2,21,0,0,0,0,37,0,0,30,47,0,33,26,0,0,0,0,0,0,380,0,0,3,0,157,0,0,0,0,0,4,0,0,61,0,0,0,0,0,0,0,0,0,0,0,0,0,14,0,0,0,0,0,2,3,1,0,0,0,31,0,0,0,0,0,1,0,0,6,32,2659,0,0,79,0,0,0,0,1,0,75,33,0,0,0,59,0,0,0,0,386,0
"691",0,0,0,0,0,0,2,0,0,0,0,0,0,31,24,0,0,0,0,0,53,4,0,0,0,2937,0,0,0,0,72,2,0,54,0,0,0,56,11,0,0,0,0,0,0,0,0,0,0,0,0,0,0,0,0,0,0,0,0,261,0,1,0,0,0,0,500,0,0,0,0,0,0,23,0,0,0,0,0,91,0,0,0,0,3,1,0,0,0,28,0,122,0,0,0,0,0,0,9,0,0,0,0,0,5,0,0,2438,0,0,0,0,0,0,0,0,0,23,308,0,0,0,3,1,11,0,0,0,0,0,0,15,0,0,0,0,20,0,0,0,119,0,0,0,0,0,32,0,0,1,26,0,0,0,0,0,0,0,1,26,0,0,0,2,0,0,0,0,0,0,4,0,1,0,0,0,0,0,135,0,0,0,0,0,14,0,0,0,0,0,0,196,0,5,0,0,0,0,0,0,0,0,0,21,0,0,0,0,1,0,0,0,2,0,0,0,119,0,0,4,0,0,0,2,0,0,0,0,50,0,0,0,0,332,0,0,0,0,1,78,0,0,0,0,9,0,0,0,0,0,14,0,0,0,9,0,0,0,0,0,1,0,0,5,0,0,0,0,6,39,0,0,192,0,1,0,0,1,1,1225,0,0,139,2,0,0,0,0,25,9,0,0,0,0,1,0,22,0,0,23,0
"692",0,0,0,0,0,0,1,0,0,0,0,0,0,243,1,0,0,0,0,0,188,0,0,9,0,2099,0,0,3,5,4,0,0,0,0,0,4,1,0,0,0,0,0,27,0,0,0,0,0,0,0,0,0,0,29,0,0,0,0,16,0,87,1,0,0,0,0,0,0,0,10,0,0,375,0,0,0,0,0,0,0,0,19,0,507,0,2,0,0,56,595,12,0,14,0,0,0,0,0,0,0,0,0,0,1,0,0,0,0,0,0,0,4,1270,0,0,0,0,28,3,0,0,0,154,33,0,0,0,0,0,0,140,0,1,0,0,1,0,0,0,0,0,0,0,0,0,0,0,0,3,9,0,0,0,0,0,0,0,0,0,0,0,0,0,0,0,0,0,0,0,0,0,0,0,0,0,0,0,0,0,0,0,0,0,1,0,0,0,0,0,0,357,1,1,0,0,0,0,0,0,0,0,0,0,0,0,0,0,4,1,0,0,0,0,2,0,0,0,0,0,0,0,0,0,0,38,0,0,28,0,151,0,0,341,0,0,1,0,0,0,0,0,0,0,0,0,0,0,0,0,181,0,0,1,0,0,0,4,0,2,0,0,0,0,17,0,0,0,0,0,0,0,185,0,10,0,1,0,0,2730,0,0,0,0,0,0,0,0,0,0,0,0,0,0,51,0,2,0,0,81,116
"693",0,0,0,0,0,0,1,36,0,0,1,1,0,0,0,0,15,0,1,0,48,24,0,0,0,0,0,0,20,5,28,0,0,0,0,0,1,6,0,0,0,0,0,0,0,2,182,12,0,0,0,0,0,0,54,0,0,0,0,33,1,0,1,3,1,2,180,0,0,0,0,0,0,5,0,0,0,0,0,6,0,0,158,0,1,1,0,1,0,0,0,20,0,0,0,0,0,0,0,0,0,0,0,0,1,0,152,125,0,0,0,5,0,30,0,0,0,0,181,0,0,0,0,0,0,0,0,0,0,1,54,22,0,0,0,0,1634,0,0,0,24,0,0,0,0,0,12,0,1,0,1,4,0,41,1,0,0,0,0,14,0,0,0,0,0,0,0,0,0,0,29,0,1,0,0,0,0,0,12,2,0,0,0,0,7,0,0,0,0,0,0,72,1,0,79,0,0,1,0,0,0,0,0,1,0,26,24,0,0,3,0,0,0,0,1,1,52,3,362,3,10,15,0,0,0,0,0,0,0,2,32,0,0,228,0,0,1,0,0,2,0,0,0,0,0,0,0,0,0,1,0,2,0,0,10,10,81,0,17,6,1,0,0,12,0,0,0,0,5,0,0,82,49,0,29,0,0,1,1,2604,0,0,6,0,0,0,0,0,2,9,0,5,0,0,9,0,0,0,0,0,42
"694",0,0,1,1,0,0,0,0,0,0,0,0,0,0,36,0,0,0,0,0,0,27,0,297,0,234,0,0,0,0,0,0,0,334,0,0,0,59,0,0,0,0,0,0,0,45,0,0,0,0,0,0,0,0,99,0,0,0,0,235,0,0,1,0,0,0,268,0,0,0,0,0,0,0,4,0,0,0,0,5,0,0,456,0,0,47,1186,0,0,764,0,22,0,0,0,0,0,0,85,0,9,0,0,0,0,0,0,523,0,0,0,0,0,364,0,0,0,0,361,0,0,39,0,12,24,18,0,0,0,0,2,15,0,0,0,0,0,5,0,3,6,0,0,0,0,0,9,0,0,0,14,0,0,0,0,0,0,0,0,182,0,0,0,138,0,0,0,0,1,0,12,0,0,0,0,0,0,70,64,1,9,0,0,0,57,0,0,0,0,0,7,300,0,0,0,0,0,0,0,0,0,0,2,273,0,70,0,0,0,0,0,30,0,0,7,0,31,60,0,0,0,39,0,0,0,0,0,0,0,0,0,0,0,810,0,0,0,0,0,100,0,0,0,0,0,105,0,0,0,0,0,0,0,0,0,0,2,0,19,0,4,0,0,14,0,0,0,0,0,0,0,0,78,0,0,0,0,0,19,692,0,0,615,0,0,0,0,0,18,0,0,0,0,0,0,1,0,0,4,0,0
"695",0,6,0,0,0,0,37,7,0,0,0,17,0,0,22,5,122,4,0,5,22,2,0,0,0,1680,6,0,25,41,0,0,0,1,0,0,25,0,0,0,0,0,266,111,0,4,0,2,0,0,0,0,1,0,8,2,0,0,0,85,2,14,0,13,0,0,106,0,0,0,16,0,4,272,0,0,0,0,0,62,5,0,56,0,10,3,38,0,0,61,0,26,0,171,74,0,0,0,0,0,0,36,0,1,3,0,13,0,0,0,0,5,0,26,0,0,0,0,59,0,0,0,0,0,115,0,0,0,5,0,5,40,0,0,0,0,1221,8,4,0,11,0,0,0,0,0,12,23,2,102,20,4,0,2,2,0,3,0,0,7,0,11,0,0,0,0,0,0,1,336,7,0,0,0,0,0,0,5,0,2,0,0,0,0,2,0,0,0,38,35,0,3,0,12,0,70,0,1,5,0,0,0,0,13,0,13,1,12,2,0,13,0,0,10,2,1,0,7,400,4,192,10,3,0,0,0,6,0,34,0,83,1,4,523,0,0,6,14,0,7,0,0,0,227,0,0,0,92,3,0,83,3,31,2,19,59,1,0,21,8,4,0,0,5,0,0,2,0,10,1655,231,20,33,0,0,0,0,2,0,104,0,0,8,0,0,0,0,0,0,23,0,4,0,0,177,0,76,0,0,27,12
"696",0,0,0,0,0,0,95,54,0,0,0,0,1,294,18,0,57,0,0,0,76,259,0,0,0,447,0,0,9,0,0,0,0,74,0,0,9,195,1,0,1,0,0,0,0,175,0,0,0,0,0,0,0,0,127,0,0,0,0,0,0,0,0,0,0,0,160,0,0,0,122,0,0,140,0,0,0,0,0,223,0,0,0,0,106,1,2,0,0,177,0,0,57,0,0,0,0,0,33,0,0,0,0,0,4,0,0,828,0,0,0,0,0,109,0,1,0,0,113,0,0,0,0,1,467,70,0,0,0,0,90,38,0,0,0,0,20,0,0,0,1,0,0,0,0,0,0,0,0,0,41,15,0,0,0,0,0,0,0,62,0,0,0,0,0,1,0,0,0,0,0,0,0,0,0,0,0,247,0,0,0,0,0,0,38,0,0,0,0,0,0,175,1,0,0,0,0,0,0,0,0,0,0,0,0,17,0,0,1,0,0,0,0,0,22,0,102,0,10,0,0,0,0,0,0,1,0,0,285,0,712,0,0,157,0,0,0,0,0,1,0,0,0,18,0,0,0,0,0,0,0,4,0,0,0,7,1,0,75,52,4,0,0,1,0,0,0,0,0,12,0,0,282,0,0,0,0,0,0,1481,0,0,845,0,0,0,0,0,107,184,0,0,0,0,140,0,19,32,0,195,0
"697",2,0,1,0,0,0,1,0,0,1,2,0,0,0,1,0,0,0,0,0,188,4,0,1,0,0,2,0,1,4,332,0,0,32,0,0,0,0,0,0,0,0,0,0,0,45,0,1,0,0,0,0,0,0,5,0,5,0,0,161,1,0,0,0,0,0,0,0,0,86,0,0,25,0,0,0,0,0,0,51,0,0,60,0,1094,1,127,0,0,0,0,2,0,0,0,0,0,0,5,0,0,2,0,0,0,2,0,0,0,1,0,0,0,0,0,2,0,1,158,0,0,0,0,0,20,11,0,0,0,0,2,1519,0,0,0,0,6,1,0,0,0,0,0,0,0,0,8,1,0,0,0,0,2,0,0,0,0,0,0,16,0,0,0,0,0,0,0,0,1,22,1,0,3,1,0,4,0,0,386,1,0,0,0,0,1,0,0,0,0,0,0,35,1,5,0,0,0,0,0,0,0,0,0,0,0,7,1,0,5,0,0,0,0,0,3,1,75,30,0,19,0,0,0,0,1,0,0,0,0,0,0,1,0,37,0,0,0,0,0,2,0,0,0,0,4,0,27,1,0,0,0,2,0,0,8,1,8,3,7,0,4,0,0,1,0,0,1,0,0,0,13,0,68,0,0,0,1365,0,0,3799,0,0,14,0,0,0,0,0,0,1,0,0,0,1,13,4,1,0,0,26,0
"698",0,9,0,0,0,0,1,0,0,0,0,0,1,0,0,2,5,0,0,0,0,0,0,6,3,0,0,0,10,0,332,65,1,0,0,0,0,323,0,0,0,0,0,0,0,59,0,0,0,0,6,0,0,0,0,0,0,0,0,313,0,0,0,0,0,0,14,0,0,82,93,0,2,0,0,0,0,0,0,51,0,18,4,0,0,0,1,25,0,0,0,20,0,0,0,0,0,0,0,0,0,0,0,30,22,0,0,0,0,31,0,0,0,264,2,0,123,0,382,0,0,0,0,2,0,0,0,0,0,0,0,8,0,0,0,1,416,0,0,0,1,0,0,0,0,0,16,0,1,0,19,13,3,39,0,0,0,0,0,106,0,0,0,227,0,0,0,0,0,3,0,0,1,0,0,0,0,372,0,1,0,0,3,0,0,0,0,0,0,0,0,0,1,0,0,0,67,4,0,0,0,0,0,6,0,5,7,0,0,0,0,0,0,0,44,0,141,0,0,0,111,0,0,0,0,0,0,0,0,0,151,0,0,0,0,0,4,0,0,0,0,0,0,0,1,19,0,0,0,0,0,9,0,1,41,17,8,0,0,0,0,0,0,0,1,0,0,0,0,6,0,0,71,4,1,0,0,0,0,4475,0,3,0,0,1065,1,0,0,0,0,0,0,0,0,30,0,0,0,0,374,0
"699",0,0,0,0,7,0,0,0,0,0,0,0,0,0,8,0,0,0,0,0,0,6,0,0,0,2761,0,0,254,8,0,0,0,0,0,0,0,10,0,0,0,0,0,0,0,50,0,6,0,0,0,0,0,0,14,0,0,2,0,261,0,0,0,1,0,0,80,0,1,11,14,0,0,0,0,0,0,0,0,14,0,6,456,0,0,5,0,0,0,0,0,0,4,0,0,0,26,0,0,0,0,0,0,0,1,0,281,182,0,51,0,0,1,64,1,1,0,3,482,0,0,0,0,1,0,0,0,0,0,0,0,247,0,0,0,0,9,0,0,0,7,0,0,0,0,0,1,0,0,0,3,0,0,6,0,0,0,0,0,0,0,0,0,1374,0,0,0,0,0,0,0,0,0,18,14,0,0,0,39,0,0,0,0,0,12,0,0,0,0,0,23,17,6,0,0,0,0,0,0,0,0,0,0,1300,0,26,0,0,1,5,0,87,0,0,0,1,60,53,2,0,0,24,0,0,0,0,0,0,4,0,0,0,0,66,0,0,0,0,0,76,0,1,0,0,4,48,0,0,0,0,0,0,0,0,1,2,0,0,2,0,18,0,0,15,0,0,0,0,36,9,0,0,53,0,0,0,0,0,1,192,0,0,4,0,0,456,7,0,16,0,0,0,0,0,1,0,4,0,0,24,0
"700",0,0,0,0,0,0,0,0,0,0,0,0,0,0,29,0,0,0,0,0,0,3,0,0,0,6,0,6,989,0,0,0,0,393,0,0,0,0,0,0,0,0,0,34,0,36,0,0,4,0,0,0,0,0,0,0,2,0,0,0,0,0,0,0,0,0,5,0,0,18,0,0,0,0,0,0,0,0,0,53,0,0,0,0,0,2,3,0,0,64,0,61,0,0,0,0,0,0,55,0,0,2,0,0,0,0,0,4902,0,79,0,0,0,56,0,7,0,0,134,0,0,0,49,2,105,0,0,0,0,0,0,0,0,0,0,0,0,0,0,0,0,0,0,0,148,0,0,0,0,0,2,0,0,0,0,0,0,0,0,0,0,0,0,0,0,1,0,2,0,0,0,0,1,0,0,0,0,0,525,0,0,0,0,0,0,0,0,0,0,0,0,36,256,0,0,0,0,0,0,0,0,0,0,0,0,531,0,0,2,207,0,0,0,0,2,0,0,0,0,3,0,0,0,0,0,2,0,0,0,0,8,0,0,411,0,0,0,0,0,0,0,0,0,0,6,0,0,0,0,0,1,0,0,0,0,0,0,0,0,0,0,0,0,0,0,0,0,0,0,26,0,0,143,1,7,0,0,0,0,3,0,0,577,0,0,0,0,1,0,0,0,0,0,0,0,0,0,0,0,0,0
"701",0,0,0,1,0,0,3,3,0,0,0,0,0,228,31,0,0,0,0,0,0,0,0,0,0,3748,0,0,26,8,0,0,0,143,0,0,0,35,0,0,1,0,0,0,0,0,0,0,0,0,0,0,0,0,0,0,0,0,0,20,0,4,1,0,0,0,26,0,0,0,0,0,0,0,0,77,0,0,0,0,0,0,0,0,0,1,0,0,0,0,717,29,72,0,0,0,0,0,0,0,0,4,2,0,0,0,0,909,0,0,0,0,0,0,0,0,0,0,8,1,0,0,0,1,0,0,0,0,0,0,0,39,0,0,0,0,223,0,0,0,49,0,0,0,0,0,0,0,0,0,0,0,0,0,4,0,0,0,0,84,0,0,0,0,0,0,0,0,1,0,11,0,1,0,0,0,0,0,0,0,0,0,0,0,0,0,0,0,0,0,0,0,2,0,178,0,0,1,0,0,0,0,0,0,0,0,0,0,0,0,0,0,0,0,0,0,69,0,0,1,0,0,0,0,0,0,0,0,0,0,268,0,0,1011,0,0,0,0,0,1,0,0,0,0,0,0,0,0,0,0,0,0,0,0,0,0,1,0,0,0,0,0,0,5,0,0,0,0,0,29,0,0,260,0,5,0,0,0,2,1339,0,0,203,0,0,0,0,0,20,0,0,0,0,0,0,0,11,0,0,85,0
"702",4,0,0,0,0,0,11,0,0,0,0,0,0,0,1,0,0,0,0,0,0,114,0,0,0,0,0,0,0,2,6,0,0,0,0,0,2,0,0,0,0,0,0,0,0,0,0,0,0,0,1,0,0,0,0,0,0,8,0,350,0,0,0,0,0,0,0,0,0,216,0,0,0,0,0,0,0,0,0,242,0,0,0,0,0,1,0,0,0,0,0,1,1,0,0,0,8,0,0,0,0,0,0,0,0,0,0,198,0,0,0,0,0,0,0,2,0,0,0,0,0,0,0,1,0,0,0,0,0,0,0,0,0,0,7,0,20,0,0,0,4,0,0,0,0,0,3,0,0,0,7,0,0,0,0,0,31,0,0,0,0,0,0,0,0,0,0,0,0,0,0,0,0,0,0,0,0,0,84,0,0,0,0,0,0,0,0,0,0,0,0,0,0,0,0,0,0,0,0,0,0,0,0,0,246,0,0,0,0,0,0,0,0,0,0,0,152,0,2,0,0,0,0,0,0,0,0,0,0,0,0,0,0,159,0,0,0,2,0,4,0,0,0,0,0,29,0,1,0,0,0,0,28,0,4,0,5,0,0,0,8,0,0,0,0,1,0,0,5,10,0,0,0,0,0,0,1365,0,8,6129,0,0,0,0,0,0,0,0,0,0,0,0,0,0,0,0,0,0,0,54,0
"703",0,0,0,1,4,2,2,4,0,0,4,0,0,0,0,11,46,0,3,0,0,0,0,15,0,3356,0,0,73,61,25,0,0,60,0,0,28,6,0,0,1,0,0,0,0,0,0,1,0,0,2,0,2,0,10,0,2,0,0,0,0,2,2,0,0,7,38,0,0,0,3,1,14,8,0,768,0,0,0,0,0,0,491,0,8,5,2,0,0,26,0,128,22,0,0,0,0,0,1,0,0,0,0,1,0,0,0,494,0,0,0,0,0,1,1,0,0,0,72,0,0,0,0,12,133,179,0,0,2,0,0,2,0,0,1,0,495,0,0,0,65,0,0,0,0,0,15,1,2,0,0,2,0,6,1,5,0,0,0,37,0,0,0,164,0,0,0,0,0,4,2,0,118,0,0,0,1,0,135,1,0,0,48,0,15,0,0,0,52,0,7,0,1,0,0,0,0,4,0,0,0,0,1,69,0,10,0,0,0,32,0,0,0,0,2,1,0,2,189,0,1,25,0,0,0,6,30,0,0,16,3,0,0,211,0,0,2,0,0,100,0,0,0,0,0,96,0,0,1,0,0,9,0,0,13,10,4,2,16,1,1,0,0,7,2,0,0,0,0,210,0,0,144,0,0,0,0,0,66,729,0,0,28,0,0,0,0,0,68,0,0,0,0,0,45,0,0,0,0,71,0
"704",0,0,0,0,0,0,1,36,0,0,0,0,0,0,10,0,0,0,0,1,1,6,0,1,0,4062,0,0,5,13,0,0,0,168,0,0,1,0,2,0,1,0,0,11,0,272,0,1,0,0,0,0,0,0,6,0,0,0,0,1,0,0,0,1,0,0,453,0,0,0,22,0,0,0,0,0,0,0,0,12,0,0,6,0,0,1,0,0,0,38,0,0,8,0,0,59,0,0,50,0,0,30,0,0,0,0,0,15,0,31,0,0,0,0,0,1,0,0,181,0,0,0,0,0,149,0,0,0,0,0,0,133,2,1,0,0,303,5,0,0,12,0,0,0,0,0,12,0,0,0,19,34,0,0,0,0,0,0,249,1,0,0,0,0,1,1,0,0,0,0,2,0,0,3,0,0,0,0,45,0,0,0,0,0,2,0,0,0,0,0,7,214,1,0,43,1,0,0,0,0,0,0,0,1,1,5,0,0,1,1,0,0,0,9,7,0,52,14,0,0,0,0,0,0,0,0,0,0,118,0,0,0,0,18,0,0,1,0,0,2,0,0,76,0,1,0,0,0,0,0,178,0,0,3,1,0,1,0,0,43,0,0,0,4,1,0,0,2,0,891,0,0,167,3,0,0,0,0,1,1062,0,0,98,0,0,0,0,1,96,5,0,0,0,0,0,0,9,0,0,0,0
"705",0,0,0,0,0,0,2,31,0,0,0,0,0,168,36,0,0,0,1,0,26,11,0,10,0,375,0,0,16,0,315,0,0,94,0,0,12,3,1,0,2,0,0,72,0,540,0,1,0,0,4,0,0,0,0,0,0,0,0,18,0,23,0,1,0,0,35,0,0,0,1,0,0,0,0,0,0,0,0,40,3,1,0,0,8,0,0,0,0,15,0,12,71,0,0,17,0,0,0,0,0,0,0,1,0,0,45,1242,0,0,0,0,0,39,2,0,0,0,5,0,0,0,0,0,0,0,0,14,3,0,0,214,2,0,0,121,6,0,0,0,12,0,0,0,0,0,3,0,0,0,3,0,0,0,0,0,0,0,0,341,0,0,0,445,0,0,0,86,2,0,1,0,0,0,0,0,3,38,17,2,0,1,0,0,2,1,0,0,0,0,0,60,9,1,0,2,0,0,0,19,0,0,0,1,0,12,2,0,0,32,0,0,24,0,12,0,108,1,0,15,0,1,0,0,0,2,0,0,5,0,13,0,0,1043,28,0,2,1,0,0,0,0,0,0,0,9,0,0,0,0,0,3,1,0,5,2,0,0,2,0,2,0,0,3,36,2,0,0,0,112,0,0,256,16,0,0,0,0,6,3445,0,0,22,0,0,0,0,2,47,6,0,0,1,0,0,0,4,0,0,14,0
"706",0,0,0,0,0,0,4,10,0,0,0,0,0,31,2,5,0,0,0,1,59,37,0,10,0,0,2,0,25,14,0,0,0,177,0,0,0,2,1,1,0,0,0,11,0,42,0,16,5,0,2,0,0,0,5,0,0,0,0,242,0,42,1,6,0,0,46,0,0,0,0,0,1,8,0,1023,0,5,0,20,0,0,156,0,0,5,0,0,0,0,0,28,87,0,0,0,0,0,0,0,0,0,0,0,0,0,109,352,0,44,0,0,0,29,0,0,0,11,201,0,0,0,0,1,0,0,0,0,0,237,0,0,0,0,0,0,14,0,0,0,4,0,0,0,0,0,1,0,2,28,1,1,2,0,0,0,7,0,0,0,0,3,0,3,2,0,0,0,0,0,4,7,0,0,0,0,0,32,314,0,0,0,0,0,2,0,0,0,0,3,0,27,2,1,254,1,160,0,0,2,0,0,0,136,0,35,0,0,1,1,0,0,0,0,7,0,274,233,268,0,62,0,0,0,0,0,0,0,8,11,47,1,0,914,40,0,0,0,0,0,0,0,0,0,0,0,24,0,0,0,0,3,0,0,6,2,8,0,6,1,0,0,0,1,0,0,4,0,4,120,2,0,34,5,2,0,0,0,7,3501,0,0,0,0,12,0,0,0,0,0,0,0,0,0,58,0,2,0,2,205,0
"707",1,0,0,0,0,0,321,0,0,0,0,0,0,0,242,0,86,0,0,0,0,0,0,538,0,0,0,0,1615,165,1252,0,0,0,0,0,0,0,0,0,0,0,0,0,0,0,0,0,0,16,0,0,0,0,0,0,0,0,0,0,0,0,0,0,0,0,801,0,0,0,0,0,0,0,0,0,0,0,0,0,0,0,0,0,0,1,0,0,0,0,0,842,104,0,0,2,0,1,0,0,0,1,0,0,0,0,0,701,0,0,0,0,0,0,0,56,2,0,0,0,0,0,0,42,12,0,0,0,0,0,0,0,0,8,0,0,0,5,0,0,990,0,0,0,0,0,0,0,0,2,0,0,0,0,0,6,0,0,0,0,0,0,0,0,0,0,0,0,0,0,7,2,1,2,0,0,0,0,0,0,0,0,0,0,0,0,0,0,0,0,0,0,22,0,0,39,0,0,0,0,0,0,0,0,0,0,13,1,1,279,0,0,0,0,0,0,0,0,146,0,0,0,0,0,0,0,0,0,0,0,0,0,0,887,0,0,0,0,0,4,0,0,0,0,33,0,0,2,0,0,0,0,0,0,0,8,0,0,0,0,0,0,0,0,0,0,0,0,0,0,0,0,149,17,199,0,0,0,0,192,0,0,0,0,0,0,0,0,0,0,0,0,0,0,0,0,4,0,0,179,0
"708",0,0,0,0,0,0,0,0,128,0,0,0,0,0,0,0,0,0,0,0,0,0,0,0,0,1444,0,0,25,32,0,0,0,0,0,0,0,92,0,0,0,0,0,0,0,161,0,0,0,0,0,0,0,0,0,0,0,2,0,0,6,0,0,0,0,0,52,0,0,0,0,0,0,0,1789,0,0,0,0,0,0,0,437,0,0,1,0,0,0,0,0,0,0,0,0,0,2,0,0,0,0,0,0,0,0,0,6,2790,0,0,0,0,0,0,0,0,0,0,27,0,1,0,0,7,0,0,0,0,0,0,10,216,0,0,0,0,415,0,0,0,72,0,0,0,0,0,0,20,0,0,0,0,0,39,0,0,46,1,0,0,0,0,0,659,0,0,0,0,0,0,0,0,1,0,10,0,0,2,0,1,0,0,0,0,0,0,0,0,0,0,9,0,2,3,0,0,0,0,0,0,0,0,0,19,0,6,0,0,0,0,0,0,0,0,2,0,44,60,0,0,0,0,0,0,0,0,0,0,0,0,0,0,0,0,0,0,0,0,0,0,0,0,0,0,0,0,0,6,0,0,0,0,0,0,0,0,0,0,0,10,7,0,0,0,0,0,0,0,0,1,0,0,32,0,0,0,1,0,0,1307,0,0,0,0,0,0,0,0,0,0,0,0,0,0,0,0,0,0,0,0,0
"709",0,0,0,0,2,0,2,0,0,0,8,0,0,0,182,0,33,0,0,0,0,44,0,0,0,875,0,0,7,0,119,0,0,0,0,0,14,2,1,0,0,0,0,11,0,0,0,0,0,0,0,0,0,0,0,0,0,1,0,16,0,0,0,0,0,0,43,0,5,16,92,0,0,6,0,0,0,0,0,6,0,1,0,0,0,0,1,0,0,40,9,79,53,0,0,0,0,0,23,0,0,12,0,0,41,0,1,523,0,34,0,0,0,50,0,1,0,0,16,0,0,0,0,3,439,0,200,0,0,0,0,15,70,1,0,0,3,4,0,0,7,0,0,0,0,0,1,2,0,8,5,26,0,2,1,0,0,0,0,98,0,0,0,0,0,1,0,0,0,0,5,0,0,14,0,0,0,0,8,0,0,0,0,0,1,0,0,0,0,0,1,38,1,0,0,1,0,0,0,8,0,0,0,168,0,1,0,0,6,6,0,0,0,0,7,1,50,0,210,0,0,88,0,0,0,51,0,0,182,0,0,0,0,341,0,0,0,0,0,0,0,0,0,0,3,10,0,1,0,0,5,0,0,0,7,1,0,0,0,0,1,0,0,1,0,0,0,0,0,26,0,0,1900,0,5,0,0,0,8,2858,0,0,494,0,0,0,0,5,5,0,0,0,0,0,137,0,1,0,0,94,0
"710",0,0,0,0,0,1,64,0,0,0,0,0,0,0,187,0,0,0,0,0,0,24,0,19,0,2746,0,0,0,12,0,0,0,16,0,0,0,46,1,0,3,0,0,208,0,774,0,1,0,0,0,0,0,0,12,0,0,0,0,4,4,0,0,0,0,0,0,0,0,0,72,6,0,2,0,0,0,0,0,16,19,0,0,1,0,0,127,0,0,8,0,4,269,0,0,24,0,0,0,0,0,145,0,0,0,0,0,436,0,0,0,0,0,30,0,0,0,0,8,6,0,0,0,1,57,0,0,0,0,0,277,191,0,0,0,0,24,0,0,0,13,0,0,0,0,0,0,0,0,0,2,0,0,0,1,0,0,0,0,0,0,0,0,0,0,1,4,0,0,0,0,0,0,0,0,0,0,0,0,0,0,0,0,0,14,0,0,0,0,0,0,69,0,0,0,0,0,0,0,0,0,0,0,0,0,5,0,0,0,0,0,0,0,0,4,0,41,0,1,0,0,0,0,0,0,0,0,0,117,0,218,0,0,0,0,0,0,0,0,0,1,0,0,0,0,0,0,0,0,0,0,1,2,2,1,0,0,0,4,249,0,0,0,0,0,0,0,0,0,1765,8,142,55,4,0,0,0,0,1,10,0,0,182,0,0,0,0,0,0,70,0,0,12,0,0,0,34,0,0,14,0
"711",0,0,0,1,0,0,23,0,110,0,0,0,1,0,49,0,0,0,0,25,86,13,0,48,0,1889,0,0,136,4,0,0,0,0,0,0,20,37,0,0,0,0,0,0,0,13,0,0,10,0,0,0,0,0,0,0,0,4,0,23,0,10,2,0,0,0,0,0,29,0,9,0,6,25,0,0,0,0,0,51,0,24,0,0,69,1,291,0,0,180,11,6,87,0,0,0,0,0,10,0,0,0,0,0,1,0,289,942,0,0,0,0,0,0,0,0,0,2,118,0,0,0,0,1,205,0,0,0,0,0,47,1343,0,0,0,0,106,2,0,0,9,0,0,0,0,0,45,0,0,0,140,105,0,3,1,0,31,0,0,67,0,0,0,0,0,0,0,0,0,0,1,0,0,25,0,0,0,1,0,0,0,0,0,0,19,0,0,0,0,0,0,3,14,0,0,2,0,0,0,0,0,0,0,2,0,4,0,0,1,71,0,0,0,0,3,0,0,91,2,0,46,3,0,0,0,0,0,0,0,0,439,0,0,852,0,0,0,0,0,5,0,0,0,0,0,0,22,0,0,0,0,0,0,0,9,1,1,0,1,45,1,0,0,15,22,0,0,0,0,4,0,0,511,0,1,0,0,0,26,201,0,0,272,0,0,1,0,1,4,0,0,0,0,0,20,0,275,0,0,0,0
"712",0,0,0,0,0,0,1,0,1,0,0,0,0,0,16,0,0,0,0,0,188,143,1,0,1,2360,2,0,10,0,0,1,0,0,0,136,1,1,1,0,0,0,207,151,0,15,0,0,0,0,0,0,1,0,0,0,0,0,0,0,0,50,0,0,38,4,45,0,0,0,38,0,1,5,0,0,0,0,0,0,15,0,0,0,15,1,0,0,0,58,595,0,0,0,0,0,0,0,0,0,0,0,0,0,1,0,155,56,0,0,0,0,0,32,0,0,0,0,0,1,0,0,0,11,48,14,0,0,7,0,18,496,0,0,0,0,0,0,0,0,0,0,0,0,0,0,3,0,0,0,34,100,0,0,0,0,0,371,0,26,0,0,3,0,0,0,0,0,0,0,0,0,1,0,0,0,0,10,0,0,0,0,0,4,0,0,0,0,0,0,0,0,0,0,0,0,0,0,0,0,0,0,0,0,0,0,0,0,0,12,0,0,81,0,2,0,0,192,0,8,0,0,0,0,0,0,0,0,46,0,216,0,0,126,0,0,0,0,0,0,0,1,0,0,0,0,0,0,3,0,1398,0,0,0,5,0,2,0,0,11,0,0,0,0,0,0,0,0,0,39,0,0,1725,0,0,0,0,0,2,610,0,0,33,0,0,0,0,0,0,80,33,0,0,0,17,0,0,0,0,21,0
"713",0,0,0,1,0,0,1,0,0,0,0,0,0,0,242,0,0,0,0,0,0,24,0,0,0,1974,0,0,61,0,0,0,0,126,0,0,0,0,0,0,1,0,110,75,0,31,0,0,1,0,0,0,0,0,0,0,0,0,0,0,0,57,0,0,0,0,8,0,0,0,0,0,0,0,0,0,0,5,0,12,0,0,0,0,63,0,0,0,0,0,0,13,8,0,0,0,0,0,80,0,0,18,0,0,0,0,0,780,0,0,0,0,0,0,0,0,0,0,62,2,0,0,38,1,222,0,0,0,0,0,8,26,0,0,0,0,18,0,0,0,36,0,0,0,0,0,6,0,0,0,0,0,0,3,9,0,0,0,0,94,0,0,0,0,0,0,0,2,0,0,0,0,36,0,0,0,0,0,60,0,0,0,0,0,0,0,0,0,0,0,0,11,207,3,0,2,0,0,0,0,0,0,0,485,2934,46,0,0,0,17,0,0,0,0,0,0,113,0,8,40,0,0,0,0,1,0,0,0,0,0,0,0,0,424,0,0,0,0,0,0,0,0,134,0,0,0,6,0,0,0,44,3,0,1,0,0,29,0,0,0,0,0,0,4,0,0,0,0,0,126,0,20,71,0,0,0,1,0,76,192,0,0,228,0,0,0,0,7,4,86,0,0,0,0,0,0,0,0,0,156,0
"714",0,0,0,0,0,0,2,0,0,8,7,0,0,0,902,0,0,11,0,0,4,0,0,0,0,2311,0,0,0,0,11,0,0,10,0,0,0,35,0,0,0,0,0,0,0,448,0,0,0,0,2,0,0,0,0,0,0,0,0,0,2,0,0,6,0,0,0,0,0,0,0,0,0,0,0,0,0,0,0,0,0,0,48,0,0,1,0,0,0,58,0,65,426,0,0,0,0,0,0,0,0,0,0,2,0,0,0,2187,0,0,0,0,0,0,0,0,0,66,0,0,0,0,0,0,205,0,0,0,0,0,0,0,0,13,0,22,0,0,0,0,0,0,0,0,0,0,0,0,0,11,1,0,2,0,0,0,0,0,0,16,0,0,0,0,0,0,0,0,0,0,2,0,129,0,0,0,0,0,7,0,0,0,8,0,15,0,3,0,0,0,0,3,0,0,0,0,0,0,0,0,0,0,0,0,0,57,0,0,0,0,0,0,0,0,0,0,0,0,0,0,0,0,0,0,0,0,0,0,0,0,0,0,0,0,0,0,1,0,0,0,0,0,0,0,0,0,0,0,0,0,0,0,14,0,1,0,0,0,0,0,0,0,0,0,0,0,0,0,0,18,0,0,100,0,0,0,1,3,16,1580,0,0,51,0,0,0,1,0,0,0,0,0,0,0,0,0,7,0,0,17,0
"715",0,0,0,0,0,0,0,0,0,0,0,0,0,0,0,0,0,0,1,0,0,0,6,0,0,605,0,0,20,0,0,0,0,0,0,0,0,486,0,0,0,0,0,0,0,233,0,0,0,0,0,0,0,0,0,0,0,0,0,0,0,142,0,0,0,0,8,0,0,0,0,0,0,189,0,470,0,0,0,0,0,0,0,2,0,0,0,1,0,0,0,0,5,38,0,0,0,0,0,0,0,0,0,30,0,0,537,205,0,0,0,0,0,0,0,0,0,0,183,13,0,0,0,0,228,0,0,0,0,210,0,334,0,0,0,2,0,0,0,0,0,0,0,0,0,0,0,14,0,0,54,0,0,3,0,0,0,0,0,0,0,0,0,0,0,0,0,0,0,0,0,0,128,0,0,0,0,0,0,2,0,0,0,0,51,0,0,0,0,0,0,57,0,0,0,0,0,0,0,0,0,0,0,0,0,5,0,0,0,0,0,0,0,0,0,0,0,0,0,40,0,28,0,0,0,0,0,0,0,0,439,0,0,28,0,0,10,0,0,0,0,0,0,0,0,0,0,0,0,0,0,0,0,0,0,0,0,0,14,0,0,0,0,0,0,0,0,0,0,1,0,82,41,0,0,0,0,0,0,4378,0,1,221,0,0,0,0,0,154,0,0,0,0,0,175,0,0,0,0,130,0
"716",0,0,0,0,0,0,22,59,0,0,0,0,0,0,2,0,0,1,0,0,0,166,0,1,0,630,1,0,31,1,1,0,0,283,0,0,8,207,0,0,0,1,0,0,0,865,0,4,0,0,3,0,0,0,0,0,0,0,0,278,2,0,0,0,0,0,30,0,0,40,67,0,0,0,0,0,0,0,0,239,0,0,0,0,35,2,9,0,0,47,0,1,0,0,0,0,0,0,62,0,0,1,0,0,2,0,0,379,0,0,0,0,0,0,0,0,0,0,365,0,0,17,0,0,50,0,0,0,18,0,39,175,0,0,0,1,2,0,0,0,2,0,0,0,0,0,0,0,0,14,11,43,1,0,1,0,0,1,13,87,1,0,0,1132,0,0,4,0,0,0,3,0,0,0,0,0,0,0,64,1,0,0,0,0,11,0,7,0,0,0,0,187,6,0,12,0,0,0,0,0,0,0,0,0,0,4,1,0,1,1,0,0,68,2,44,0,138,30,1,0,0,25,140,0,0,0,0,0,113,9,288,1,1,284,0,8,1,0,0,2,0,0,170,0,1,1,0,0,0,0,0,2,22,0,35,5,1,2,7,0,0,0,0,7,0,0,0,281,0,0,23,18,475,0,0,0,0,0,8,1580,0,0,161,0,0,1,0,0,165,0,0,0,0,3,9,1,29,0,0,83,0
"717",0,0,0,0,0,2,8,108,0,0,16,0,0,0,11,0,4,1,0,1,39,83,0,3,0,0,0,0,18,0,1157,0,0,53,0,0,2,0,6,0,2,0,0,0,0,104,0,2,0,0,0,0,4,0,76,0,1,0,0,11,0,4,0,0,0,0,6,0,1,0,44,0,0,0,0,167,0,0,0,1,24,0,2,0,94,0,0,0,0,62,0,29,114,0,0,1,0,0,0,0,0,0,0,0,1,0,0,42,0,0,0,0,0,9,0,4,0,0,0,0,0,0,0,0,235,0,0,0,5,0,0,0,0,1,0,0,4,0,3,0,8,0,0,0,0,0,14,0,1,0,0,114,0,0,0,0,0,0,0,142,0,0,0,0,6,1,0,0,0,0,2,0,0,0,0,0,1,0,163,2,0,0,48,0,2,2,0,0,0,0,0,56,1,8,0,2,160,31,0,132,0,0,0,2,0,46,0,0,0,10,1,0,0,4,1,0,38,0,17,0,80,0,0,0,0,0,0,0,20,0,0,0,0,183,0,0,6,0,1,0,4,0,0,0,0,0,0,0,0,0,0,0,3,0,30,0,0,0,19,6,0,0,0,2,0,0,0,0,0,1532,0,10,1124,11,0,0,41,0,7,2271,1,0,158,0,0,0,0,0,0,77,0,0,0,0,0,0,1,0,0,445,0
"718",0,0,0,0,0,0,0,100,0,0,3,0,0,0,5,0,0,0,0,0,96,221,0,1,0,0,0,0,6,0,300,0,22,0,0,0,7,85,0,0,0,0,0,104,0,53,0,0,0,0,0,0,0,0,0,0,0,0,0,0,0,0,1,0,0,0,60,0,1,0,0,0,0,10,0,0,0,0,0,54,0,3,10,0,56,4,0,0,0,152,0,13,0,0,0,0,0,0,70,0,0,0,0,11,0,0,0,810,0,1,0,0,0,140,3,0,0,1,156,0,0,10,0,4,224,0,0,0,0,0,0,140,0,1,0,0,0,0,0,0,501,0,0,1,0,0,12,6,0,3,9,35,0,141,0,0,0,0,5,0,0,0,0,0,0,1,0,0,0,151,0,0,0,0,0,0,0,0,39,3,0,0,0,0,0,0,6,0,0,0,0,105,1,0,0,0,0,3,0,0,0,0,0,0,1113,4,0,0,1,3,0,0,0,0,24,1,207,0,0,0,58,0,0,0,0,0,54,0,151,0,148,1,0,73,0,0,0,0,0,46,0,0,0,0,0,22,0,0,0,0,189,0,26,0,81,0,0,0,0,0,0,0,0,6,0,1,0,0,0,4,0,0,0,0,0,0,0,0,2,3445,1,0,116,0,0,0,0,0,91,0,0,0,0,0,0,1,0,0,0,177,0
"719",0,0,0,0,0,0,0,0,254,1,0,0,1,1,74,0,0,0,0,1,0,0,4,0,2,3338,0,0,0,0,0,0,0,38,0,0,19,5,0,0,0,3,0,0,0,8,0,1,0,0,0,0,0,0,1,0,0,0,0,0,0,3,0,0,0,5,113,3,0,0,0,0,0,0,0,0,0,0,0,6,14,0,3,1,0,1,0,1,0,0,0,0,0,9,0,0,0,0,17,0,0,0,0,0,0,1,46,763,2,19,0,40,0,20,0,0,0,2,36,0,0,0,6,1,216,0,0,0,0,0,18,1,0,0,0,0,41,0,0,0,0,0,0,0,0,0,0,1,0,0,4,0,0,0,1,0,0,0,8,0,0,0,3,0,0,0,0,7,0,0,0,2,10,0,0,9,0,87,27,0,0,0,0,0,0,0,0,0,0,0,0,24,1,0,0,13,0,0,0,0,0,0,0,0,142,0,0,0,0,12,0,0,2,0,0,0,0,6,6,2,0,0,0,0,0,0,6,0,317,0,0,1,0,28,0,0,0,0,1,0,0,0,0,0,0,0,0,0,0,0,3,0,0,0,8,0,1,0,0,55,0,6,0,0,0,0,4,396,0,642,0,0,0,0,6,0,0,0,3,1433,0,0,68,0,0,1,7,0,24,0,0,0,7,0,1,0,0,11,0,46,0
"720",0,0,0,0,0,0,6,0,0,0,0,0,0,0,0,0,0,0,0,0,162,45,0,12,0,2092,0,0,9,0,0,0,0,168,0,0,0,35,0,0,2,0,0,0,0,183,0,0,0,0,0,0,0,0,0,0,0,0,0,313,0,42,0,0,0,0,199,0,0,0,0,0,0,0,563,0,0,0,0,30,0,0,128,0,101,0,0,0,0,71,0,16,0,0,0,0,0,0,0,0,0,68,0,0,1,0,0,6,0,0,0,0,0,1,0,4,0,0,109,0,0,0,0,0,0,0,0,0,0,0,0,126,0,1,0,9,4,0,0,0,0,0,0,0,0,0,21,0,1,0,1,28,0,0,0,0,0,0,0,144,0,0,0,353,0,0,0,0,0,3,0,34,1,0,0,0,0,0,85,0,0,0,0,0,1,0,0,0,0,0,0,46,4,19,0,0,4,0,0,0,0,0,0,0,0,130,0,0,1,0,0,0,0,0,2,0,341,0,0,0,0,0,0,0,0,0,0,0,0,0,186,0,0,1346,0,0,1,0,0,0,0,0,0,0,0,0,0,0,0,0,0,9,0,0,20,0,0,0,2,0,0,0,0,10,1,0,0,0,0,13,0,0,24,0,0,0,0,0,6,2799,0,0,0,0,0,0,0,0,0,0,0,0,0,0,0,0,5,0,0,64,0
"721",0,0,0,0,0,0,1,0,0,0,0,1,0,0,1,18,0,1,0,1,0,159,0,0,0,1070,2,21,1,0,0,0,0,245,0,0,0,0,0,0,0,0,0,0,0,46,0,9,0,0,1,0,0,0,107,0,0,0,0,207,0,0,0,2,0,0,80,0,0,0,50,1,0,0,0,285,0,0,0,32,9,6,229,1,58,0,0,0,0,0,0,3,0,0,6,0,0,1,0,0,0,1,0,0,0,2,73,1787,0,0,0,234,0,64,0,0,0,0,50,1,0,0,0,1,69,14,0,0,4,59,103,0,17,0,0,0,1,1,0,0,37,0,0,0,0,0,16,8,0,0,16,0,0,1,0,0,0,0,6,208,0,0,0,194,0,0,0,0,0,0,4,0,0,0,0,0,0,0,0,1,0,0,0,0,15,0,0,0,0,0,0,220,0,0,0,0,0,0,0,0,0,0,0,17,0,11,16,0,0,1,2,0,2,0,33,0,45,319,432,0,0,13,0,0,0,0,5,0,76,0,113,0,0,63,9,0,1,0,2,3,0,0,0,26,0,0,15,0,0,0,12,53,0,3,0,31,2,0,87,70,0,0,0,0,0,0,0,0,0,1,4,87,259,0,0,0,0,0,0,1599,0,1,326,0,6,1,0,0,82,12,0,0,0,0,0,0,1,8,0,255,42
"722",0,0,0,0,0,0,0,0,0,0,0,0,0,0,0,0,0,0,0,0,96,0,0,0,0,515,0,0,303,5,0,0,0,0,0,0,0,0,0,0,0,0,0,124,0,0,0,0,0,0,0,0,0,0,54,0,0,0,0,348,2,0,0,6,0,95,0,0,0,0,0,0,0,47,0,195,0,0,0,139,0,33,16,0,0,1,0,0,0,20,0,65,0,0,0,0,0,0,0,0,0,0,2,0,0,0,22,1600,0,44,0,0,0,0,0,4,0,14,0,5,0,0,0,5,0,38,0,0,1,0,58,1343,0,8,0,0,36,0,0,0,0,0,0,0,0,0,0,23,0,0,0,44,3,47,5,0,0,2,0,0,0,0,0,0,0,0,0,6,0,130,0,0,0,0,0,0,0,0,605,0,102,0,0,0,1,0,0,0,0,0,0,0,2,0,0,0,0,0,0,0,0,28,0,1007,0,183,16,0,0,23,0,0,0,0,0,0,283,54,0,0,0,0,0,0,0,0,89,0,46,0,0,0,0,160,0,0,0,0,0,44,0,0,0,78,0,0,0,0,0,0,0,0,12,0,0,0,0,0,0,0,0,0,0,23,0,0,0,0,128,43,19,0,0,0,0,0,0,0,1,0,0,0,0,0,0,0,3,0,0,183,0,0,0,0,26,77,0,0,0,0,0
"723",0,0,0,0,0,0,2,25,0,0,0,0,1,0,36,1,1,0,0,0,330,37,0,11,0,0,0,0,105,9,23,0,0,0,0,0,228,349,0,0,0,0,0,165,0,208,0,0,0,0,4,0,0,0,6,0,0,0,0,193,0,0,1,0,0,88,87,0,0,19,28,1,0,0,0,0,0,3,2,148,0,0,277,0,0,5,0,0,0,23,0,13,5,0,0,0,0,0,0,0,0,0,0,0,0,0,0,0,0,0,0,0,159,16,0,0,0,0,988,0,0,0,0,4,40,0,0,0,0,0,76,720,0,0,0,0,4,0,3,0,20,0,0,1,0,0,45,0,0,22,40,212,0,0,1,0,7,0,0,63,0,0,0,875,5,0,5,7,0,0,39,10,0,0,0,0,2,303,0,0,0,0,0,0,114,1,0,0,0,0,11,27,32,1,0,2,0,0,0,0,0,28,0,21,0,155,0,0,1,19,0,0,0,10,6,0,0,253,216,0,115,0,0,0,0,0,66,0,0,0,1028,0,0,46,23,0,0,0,0,41,0,0,0,0,2,0,0,0,0,0,0,2,52,1,41,22,0,0,0,71,0,0,0,13,9,0,0,0,0,98,2,0,0,0,0,0,0,14,0,648,0,0,0,0,0,491,0,6,0,24,0,0,0,0,1,0,1,0,0,139,56
"724",0,0,0,0,0,0,0,18,6,0,0,0,0,0,30,0,0,0,8,0,81,0,0,0,0,1150,3,0,544,2,3,0,0,40,0,0,0,104,0,0,0,0,0,124,0,0,0,1,0,0,0,0,0,0,3,0,0,0,0,4,0,50,0,0,0,79,0,0,0,67,5,0,0,0,0,0,1,0,0,0,0,2,0,0,0,8,75,0,0,0,1,1281,120,14,0,0,0,0,21,0,0,0,0,0,2,0,374,24,0,0,0,0,0,14,0,0,0,0,0,0,0,0,0,0,0,0,0,0,4,0,0,60,0,0,0,0,435,0,0,0,8,0,0,0,0,0,12,0,1,0,5,0,0,3,0,0,0,0,0,0,0,0,0,2,0,0,0,0,1,0,2,0,46,0,0,0,0,111,10,1,0,0,0,3,12,0,0,0,0,0,0,0,0,0,0,0,0,0,0,0,0,0,0,0,0,29,35,0,3,0,0,91,0,0,0,0,27,21,141,8,0,88,0,8,0,14,89,0,56,0,114,0,0,28,0,0,2,0,0,12,0,0,0,7,0,0,0,0,0,0,289,2,5,0,8,1,5,0,1,6,2,0,0,1,1,0,20,0,10,99,0,0,249,0,13,0,536,6,3,1397,0,0,2,0,0,0,0,0,4,0,0,0,0,0,174,15,0,0,0,0,0
"725",0,1,0,0,0,0,121,0,0,0,0,0,1,0,28,0,0,0,0,0,0,0,0,0,0,0,0,0,2,145,0,0,0,0,0,0,8,0,0,0,0,0,0,0,0,0,0,0,0,0,0,0,0,0,0,0,0,3,0,0,0,0,0,0,0,0,14,0,29,0,0,0,0,0,0,0,0,0,0,0,0,0,0,0,0,2,3,0,0,0,0,0,34,0,0,0,0,0,0,0,0,20,0,0,2,0,0,1679,0,0,0,0,6,65,0,0,0,0,0,17,0,0,0,0,0,0,0,0,0,0,0,0,0,0,0,0,8,0,0,0,1,0,0,0,0,0,0,0,0,0,0,0,0,0,0,0,0,0,0,0,0,0,0,0,0,0,0,0,0,22,0,0,1839,2,0,0,0,0,0,0,0,0,0,0,0,0,0,0,0,3,0,0,0,0,0,0,0,0,0,0,0,0,0,0,0,0,0,0,0,0,0,0,0,0,0,0,0,0,2,0,0,0,0,0,1,0,0,0,0,0,0,0,0,0,0,0,0,0,0,0,0,0,0,0,2,24,0,2,0,0,0,0,0,0,0,2,6,0,0,0,0,0,0,0,0,0,0,0,0,8,0,0,519,0,32,0,0,0,0,4737,0,598,0,0,0,0,7,0,0,0,0,0,0,0,0,0,4,0,0,0,0
"726",15,0,0,0,0,0,2,0,0,0,0,0,0,0,71,5,0,0,0,0,0,0,4,0,0,0,0,0,37,52,2280,0,0,0,0,0,56,0,0,0,0,0,0,0,0,0,0,0,0,0,0,0,0,0,0,0,0,4,0,0,0,0,0,0,0,0,128,0,0,40,0,0,0,0,0,0,0,0,0,88,0,0,45,0,0,47,0,0,0,0,0,6,19,0,0,0,0,0,0,0,0,8,0,0,0,0,0,882,0,74,0,0,8,0,0,4,0,0,121,0,0,0,0,0,188,0,58,0,0,0,0,0,0,0,0,0,37,0,0,0,54,0,0,0,0,0,46,0,0,0,5,0,0,0,0,0,0,0,0,67,0,0,0,0,0,0,0,0,0,0,6,0,4,0,0,0,0,0,173,0,0,0,0,0,12,0,0,0,0,0,0,0,0,53,0,5,0,0,0,0,0,0,0,0,0,117,13,34,51,0,0,0,0,0,0,0,0,0,0,0,625,0,0,0,1,0,0,0,0,0,0,0,0,24,30,0,0,0,0,0,0,0,0,0,18,34,0,0,0,0,0,0,0,0,0,12,25,0,0,52,0,0,0,0,0,0,0,0,0,2177,0,0,524,33,14,0,0,0,0,748,0,0,0,0,0,0,0,0,67,0,0,0,0,0,0,0,0,0,0,85,0
"727",0,0,1,0,0,0,0,38,0,1,0,0,1,40,0,0,15,0,0,0,0,144,0,0,0,1752,0,0,1,5,0,0,0,136,0,0,2,192,0,1,0,0,0,32,0,448,0,0,0,0,8,0,0,0,0,0,0,0,0,238,0,18,0,0,0,0,8,0,1,0,0,3,1,0,0,0,0,0,0,205,0,0,0,0,3,1,1186,0,0,61,0,0,0,0,0,0,0,0,58,0,0,0,0,0,1,0,0,115,0,0,0,0,0,110,0,0,0,0,255,0,0,0,0,1,966,0,0,0,0,0,16,62,0,0,1,0,0,0,0,0,11,0,0,0,0,0,2,0,1,0,46,0,0,6,1,0,0,0,0,16,0,0,0,0,0,0,0,0,0,0,0,0,1,0,0,0,0,0,208,0,0,0,0,0,7,0,11,0,0,0,0,278,1,0,0,0,0,0,0,0,7,0,0,0,0,7,10,0,1,0,0,0,0,0,20,0,0,0,399,0,0,10,0,0,0,13,0,0,6,0,179,0,0,157,0,0,0,0,1,0,0,0,0,0,0,0,0,0,0,0,0,2,0,0,2,23,57,0,9,178,0,0,6,1,0,0,0,0,0,0,0,56,172,0,0,0,0,0,16,1418,0,0,378,0,0,0,0,0,0,57,0,0,0,0,0,0,9,0,0,425,0
"728",0,0,0,1,0,0,0,0,0,1,0,0,0,0,3,0,0,0,0,0,1,0,0,0,0,1,0,0,0,0,0,0,0,52,0,0,8,1,0,0,0,0,0,289,0,764,0,0,1,0,0,0,0,0,0,0,0,0,0,0,0,0,0,0,0,0,10,0,0,0,159,0,0,0,0,0,0,0,0,0,0,0,0,0,59,1,2,0,0,336,0,0,0,0,0,0,0,0,118,0,0,0,0,0,0,0,0,93,0,0,0,0,30,245,0,0,0,0,24,0,0,0,0,1,1119,0,0,0,0,0,0,0,0,0,0,0,0,0,0,0,9,0,0,0,0,0,0,0,0,0,31,0,0,0,0,0,0,0,127,407,0,0,0,0,0,0,0,0,0,22,0,0,0,0,0,0,0,0,0,0,0,0,0,0,0,0,3,0,0,0,0,0,0,0,0,0,1,0,0,0,0,0,0,0,0,1,0,0,0,0,0,0,0,0,37,0,0,32,0,0,0,0,0,0,0,0,0,0,78,0,78,0,0,341,0,0,0,0,0,0,0,0,96,0,0,0,0,0,0,0,1,0,0,0,0,0,1,0,0,0,0,0,0,0,0,0,0,0,0,2,0,0,1276,0,1,0,0,0,0,3911,0,0,161,0,0,0,0,0,79,0,0,0,0,0,0,0,65,0,0,54,0
"729",0,0,0,0,0,0,1,8,0,0,0,0,0,0,21,0,0,0,0,0,0,32,0,10,0,2683,0,0,38,0,71,0,0,39,0,0,5,1,0,0,0,0,0,0,0,315,0,0,0,0,0,0,0,0,0,0,0,0,0,1,1,0,5,0,0,0,143,0,0,0,23,0,0,0,0,0,0,0,0,25,0,0,0,0,0,0,1,0,0,0,0,4,5,0,0,8,0,0,61,0,0,49,0,0,0,0,0,401,0,0,0,0,0,18,0,1,0,0,35,0,0,0,11,0,235,0,0,0,0,0,25,75,0,1,0,24,242,0,0,0,10,0,0,0,0,0,0,0,0,0,5,0,0,1,1,0,0,0,0,28,0,0,0,122,1,0,0,0,0,0,5,0,1,0,0,0,0,18,318,1,0,0,0,0,0,0,0,0,0,0,0,8,17,16,0,0,0,0,0,0,0,0,0,0,0,8,0,0,3,103,2,0,0,2,0,0,102,0,11,0,0,21,0,0,0,0,0,0,83,0,91,0,0,2808,0,0,0,0,1,0,0,0,0,0,28,0,0,0,0,0,0,2,0,0,0,73,4,0,1,3,1,0,3,4,0,0,0,0,0,147,0,6,26,0,0,0,41,0,10,664,0,0,49,1,0,0,0,116,0,13,0,0,0,0,364,0,15,0,0,25,0
"730",0,0,0,18,0,0,57,0,0,0,0,0,0,0,0,4,37,0,0,0,0,42,0,0,0,2583,0,0,48,82,201,0,0,33,0,0,6,70,0,0,0,0,0,0,0,0,0,0,0,0,0,0,0,0,5,0,0,0,15,259,0,0,0,0,0,0,0,0,0,0,0,0,0,0,0,483,0,0,0,0,0,0,0,0,0,0,0,0,0,28,1,0,0,0,74,0,0,0,26,0,13,0,12,0,0,0,0,2140,0,0,0,0,0,0,0,14,0,0,0,0,0,0,0,17,42,0,0,0,0,0,2,15,0,0,0,0,3,0,0,0,0,0,0,0,0,0,94,0,0,0,41,0,0,0,0,0,0,0,0,72,0,0,0,7,0,0,0,0,0,0,5,0,1,0,0,0,0,111,0,5,0,0,0,15,0,0,0,0,0,0,0,61,0,0,36,0,0,0,0,0,0,0,0,373,0,262,0,0,0,0,0,0,0,0,3,0,0,0,6,0,29,0,0,0,0,2,0,0,0,0,0,0,0,233,0,0,0,0,0,0,0,0,0,0,0,48,6,0,0,0,0,0,0,0,0,0,16,0,0,0,0,0,0,11,0,0,1,0,0,7,0,24,97,0,0,0,0,0,0,1481,0,1,241,0,0,0,0,0,0,75,0,0,0,0,20,0,0,0,0,26,13
"731",0,0,17,0,0,0,0,0,0,0,0,0,2,0,36,0,0,0,0,0,0,28,0,0,0,7617,0,0,0,0,0,0,3,34,0,0,2,0,0,0,0,0,0,0,0,0,0,0,0,0,0,0,0,0,0,0,4,0,0,0,0,0,0,0,0,0,0,0,0,0,0,0,0,0,0,0,0,0,0,0,0,0,0,0,0,26,2,0,0,11,0,7,0,0,0,0,0,0,36,0,0,2,0,0,0,0,0,546,0,0,0,0,1,2,0,0,0,2,34,4,12,0,1,0,0,0,0,0,0,0,0,3,0,0,0,1,0,5,0,0,704,0,0,0,0,0,0,0,0,0,0,0,0,0,0,0,0,0,0,0,0,0,0,0,0,0,0,0,0,0,0,0,0,0,0,0,0,0,0,0,0,0,0,0,0,0,0,0,0,0,1,0,1,0,0,0,0,0,0,0,0,8,0,0,0,6,0,0,4,0,0,0,0,0,3,0,0,0,1,0,0,0,0,0,0,0,0,466,31,0,216,0,0,85,0,0,0,0,0,0,0,0,117,0,10,0,0,0,0,0,0,0,0,0,0,31,32,0,0,0,0,0,0,0,0,0,0,0,0,0,0,0,47,0,0,0,0,0,0,1378,0,0,0,0,0,0,0,0,0,0,0,0,0,0,64,0,4,0,0,0,0
"732",0,0,0,0,1,0,0,0,0,0,1,0,0,0,1,0,0,0,0,0,23,28,0,0,0,1780,0,0,5,8,73,0,0,111,0,0,114,88,0,0,0,1,0,45,0,393,0,0,0,0,1,0,0,0,10,0,0,0,0,253,1,0,0,0,0,0,56,0,0,0,6,0,0,0,0,0,0,0,0,432,0,1,508,0,0,0,0,0,0,28,1,0,1,0,0,0,0,0,61,0,0,0,0,1,1,0,0,381,0,0,0,3,0,87,0,0,0,0,336,0,0,0,0,0,710,0,0,0,0,0,24,191,0,0,0,0,13,0,0,0,12,0,0,0,0,0,21,6,0,7,25,9,0,0,0,0,0,0,2,37,0,0,0,0,0,0,0,0,0,0,0,0,0,0,0,0,0,8,228,0,0,0,0,0,7,0,0,0,2,0,0,40,0,0,79,0,0,1,0,0,0,0,0,0,0,4,0,0,0,1,0,0,0,0,15,0,68,3,6,0,18,0,0,0,0,0,0,0,35,0,165,0,3,126,0,0,2,0,0,29,0,0,0,0,0,0,0,0,1,0,0,4,3,0,5,2,0,0,0,6,0,3,0,6,12,0,0,0,1,1,0,47,0,0,0,0,0,0,1,2742,0,0,175,0,0,0,0,0,70,32,0,0,0,0,22,0,79,2,0,54,0
"733",0,0,1,0,0,2,0,20,1011,0,0,0,0,74,1150,0,0,0,0,0,7,8,0,0,0,196,0,0,47,78,0,0,0,51,0,0,0,0,0,0,0,0,0,0,0,29,0,1,0,0,0,0,0,0,0,0,0,0,0,1,5,12,8,0,0,0,4,0,0,0,0,0,0,0,0,0,0,0,0,10,0,0,0,0,0,0,0,0,0,35,0,0,6,0,0,0,0,0,21,0,0,121,0,0,0,0,0,1909,0,0,0,0,0,4,0,0,0,0,12,0,0,0,0,1,146,0,0,0,0,0,152,292,0,4,0,0,300,0,0,0,627,0,0,0,0,0,5,0,0,0,4,0,2,1,1,0,0,0,0,0,0,0,0,0,0,0,0,0,0,0,0,0,0,0,53,0,0,111,0,1,0,0,0,0,0,0,0,0,0,0,0,18,2,0,0,0,0,0,0,0,0,0,2,0,0,57,0,0,0,2,0,0,0,0,0,0,1,0,102,0,0,0,0,0,0,0,0,0,35,0,44,0,0,155,0,0,0,0,0,159,0,0,0,0,0,0,0,0,0,0,0,3,0,0,28,0,14,0,18,0,1,0,0,18,7,0,0,0,0,6,11,4,1690,2,0,0,0,0,0,922,0,7,128,0,0,0,0,0,3,7,0,0,0,0,25,0,3,0,0,9,0
"734",0,0,0,0,0,0,0,8,0,0,0,1,0,44,527,0,0,0,0,0,0,10,0,122,0,797,0,0,115,0,0,0,0,85,0,0,0,0,0,0,0,0,2,65,0,111,0,0,0,0,0,0,0,0,0,0,0,0,0,0,0,0,0,0,0,0,0,0,0,0,0,0,0,0,0,0,0,0,0,1,0,0,0,0,0,0,0,0,0,23,0,6,917,0,0,0,0,0,3,0,0,32,0,0,0,0,178,0,0,25,0,0,0,0,0,0,0,0,0,9,0,0,0,3,348,0,0,0,0,0,0,0,0,0,0,0,219,0,0,0,4,0,0,0,0,0,0,0,0,0,0,0,0,0,0,0,0,0,0,0,0,0,0,40,0,0,0,0,0,0,2,0,0,0,0,0,0,0,9,0,0,0,0,0,4,0,0,0,0,0,0,0,0,0,0,0,0,0,0,0,0,0,0,0,0,0,0,0,0,0,0,0,0,0,1,0,18,0,0,3,0,0,0,0,0,2,0,0,0,0,0,0,0,1763,0,0,0,0,0,0,0,0,0,0,0,0,0,0,0,0,0,0,0,0,0,0,0,0,0,82,0,0,0,1,0,0,0,0,20,58,0,0,758,0,0,0,0,0,0,640,0,0,237,0,0,0,0,1,0,0,0,0,0,0,26,0,3,7,0,69,0
"735",0,0,0,0,0,0,1,0,0,0,0,0,0,443,7,0,0,0,0,2,119,44,1,0,1,5,0,0,3,0,4,0,0,23,0,0,155,11,5,0,0,0,0,66,0,41,0,1,0,0,0,0,0,0,4,0,0,0,0,0,1,0,0,0,0,0,37,0,0,0,0,0,0,12,1,0,0,0,0,58,0,0,0,0,68,1,0,0,0,38,500,1,0,0,0,0,0,0,82,0,0,0,0,0,38,0,239,675,0,259,0,0,0,27,0,0,0,410,10,0,0,0,0,3,112,0,0,0,0,0,22,273,0,0,0,0,9,0,0,0,3,0,0,0,0,0,0,1,0,0,7,0,0,0,5,0,0,0,0,26,0,0,0,703,0,1,1,0,0,0,3,0,0,0,0,0,0,70,26,0,0,0,0,0,0,0,0,0,0,0,0,17,1,0,0,0,1,3,0,0,0,0,0,0,0,12,0,0,0,19,0,0,0,12,0,0,34,0,192,0,0,0,0,0,0,0,0,0,84,0,216,0,0,270,0,1,4,0,0,0,0,7,0,0,0,0,0,0,0,0,1183,1,8,0,6,6,0,0,0,2,1,0,0,0,0,0,0,57,25,3,0,31,153,2,0,0,0,0,14,2650,1,0,38,0,0,0,0,0,155,18,0,0,0,0,55,0,2,55,0,10,0
"736",0,0,1,0,0,0,0,0,0,0,0,0,0,0,58,0,28,0,0,0,0,0,0,7,0,5700,0,6,4,0,0,0,0,0,0,0,2,0,0,0,0,0,0,0,0,0,0,0,0,0,0,0,0,0,1,0,0,0,0,154,0,0,0,0,0,0,93,0,0,20,7,0,0,0,0,0,0,0,0,0,0,0,0,0,0,16,110,0,0,11,0,9,0,0,0,0,0,0,0,0,0,21,17,0,0,0,0,115,0,0,0,0,0,0,0,0,0,0,0,0,0,0,0,4,0,428,0,0,0,0,0,0,0,0,0,0,9,0,0,0,1342,0,0,0,0,0,3,0,0,0,1,0,0,0,3,0,0,2,0,0,0,0,0,0,0,0,0,0,0,4,0,0,0,0,0,0,0,0,0,0,0,0,0,0,1,0,0,0,0,0,0,0,1,0,0,0,0,0,0,0,0,0,0,0,0,24,0,0,0,0,13,0,0,0,0,1,0,0,0,0,0,0,0,0,0,1,0,0,0,0,0,1,0,1509,0,0,0,0,0,4,0,0,0,21,151,0,0,0,0,0,0,2,0,0,0,8,36,0,1,0,0,0,15,1,0,0,0,0,0,12,0,0,544,0,0,0,0,0,0,410,0,0,0,0,0,23,0,0,34,0,0,0,0,0,40,0,0,0,0,40,0
"737",0,0,0,0,0,0,0,0,0,0,0,0,0,275,1,0,0,1,0,0,42,44,0,1,0,2200,0,0,26,1,44,0,0,1,0,0,61,233,0,0,0,13,0,0,0,36,0,0,0,0,3,0,0,0,0,0,0,1,0,216,0,0,0,0,0,0,8,0,2,0,71,0,0,0,25,0,2,0,0,40,0,0,8,0,0,0,2,0,0,22,18,3,0,0,0,0,0,0,7,0,0,0,0,0,2,4,0,23,0,0,0,0,0,69,0,1,0,2,81,0,0,0,0,0,69,0,3,0,0,0,44,244,0,1,0,1,0,0,0,0,10,0,0,0,0,0,0,0,0,1,0,0,0,0,0,0,0,0,0,106,0,0,0,513,0,0,0,0,0,0,4,0,106,1,0,0,0,0,16,4,0,0,0,0,0,0,0,0,0,1,0,136,0,0,0,0,0,0,0,2,0,0,0,10,0,0,18,0,3,24,0,0,0,0,15,0,0,327,296,0,0,0,0,0,0,0,0,0,73,2,268,0,0,2,0,0,0,0,0,0,0,0,175,0,1,0,0,1,0,0,0,4,0,0,31,0,1,0,0,9,0,0,0,2,4,0,0,106,3,15,0,0,513,0,0,0,0,0,6,2659,0,2,314,0,0,0,15,0,50,52,0,0,0,0,43,0,1,0,0,107,0
"738",0,0,0,0,0,0,0,0,0,1,0,0,0,0,8,67,0,0,0,0,0,115,0,0,0,0,0,2,0,38,1035,0,0,0,0,0,60,0,0,0,0,0,0,0,0,0,0,12,0,0,0,0,0,0,0,0,0,0,0,903,0,0,0,1,0,0,0,0,0,0,0,6,0,0,0,0,4,0,0,157,0,0,456,0,0,2,291,0,0,0,0,0,0,0,0,0,0,0,0,0,0,1,11,0,0,0,0,0,0,0,0,0,5,0,0,0,0,0,296,4,0,0,0,2,0,0,0,0,0,0,0,1801,2,0,0,0,33,0,2,0,9,0,0,0,0,0,43,0,0,0,0,0,0,11,110,0,0,1,0,0,0,0,0,0,0,0,3,0,0,0,10,0,0,0,0,0,0,0,0,2,0,5,0,0,102,0,0,0,0,0,7,0,0,11,0,0,0,0,0,0,0,0,0,0,0,16,3,0,0,0,1,0,0,0,0,0,0,0,0,0,0,116,0,0,0,0,0,0,0,0,0,0,0,450,0,0,0,0,1,49,0,0,0,0,11,60,0,0,0,0,0,0,0,1,0,15,26,0,0,0,0,0,0,26,0,0,0,0,0,3,0,0,103,0,0,7,0,0,0,3173,0,0,0,0,0,0,0,0,0,80,0,0,15,6,0,0,18,0,0,189,0
"739",0,1,0,4,0,0,31,0,0,0,0,0,0,0,255,0,0,0,0,0,0,0,0,9,0,589,0,0,418,0,0,0,0,0,0,0,2,0,0,0,4,0,0,120,0,764,0,0,29,0,0,0,0,0,0,0,0,1,0,0,0,0,3,0,0,0,832,0,281,0,0,0,0,0,0,0,0,0,0,0,0,0,0,0,0,4,0,0,0,0,0,56,106,0,0,34,0,0,0,0,0,69,0,0,0,0,29,40,0,0,0,0,8,0,0,3,0,1,0,0,0,0,0,0,92,0,4,0,0,0,0,0,0,1,0,0,16,0,0,0,16,0,0,0,0,0,0,0,0,2,0,0,3,0,0,0,0,0,0,28,0,0,0,0,0,0,0,0,0,0,0,0,95,3,0,80,0,0,0,0,0,0,0,0,0,7,1,0,0,0,1,0,6,0,0,5,0,0,0,0,0,0,0,0,0,0,0,0,1,91,0,0,0,0,0,0,0,0,1,0,0,0,0,0,0,0,0,0,0,0,0,1,0,146,0,0,0,0,0,0,0,0,134,0,0,0,1,10,0,0,2639,0,0,0,8,16,0,0,0,0,0,0,0,0,9,0,0,0,0,1551,0,0,533,0,12,0,2,0,0,218,0,0,537,3,0,0,0,2,27,0,0,0,0,0,0,0,7,0,0,0,0
"740",37,31,0,1,6,1,1,19,0,0,1,0,0,522,4,0,0,0,1,1,0,10,0,30,0,1960,0,0,9,0,422,0,0,0,0,0,7,104,1,0,0,0,0,0,0,47,111,1,0,0,4,0,0,1,10,0,0,0,0,350,0,42,1,0,0,0,167,0,0,0,20,0,0,0,0,174,2,0,0,36,0,0,0,0,57,1,0,0,1,27,0,22,0,0,0,5,0,0,0,0,0,0,0,0,1,0,0,101,0,0,0,174,0,74,2,1,0,1,0,0,0,0,0,1,8,0,0,0,0,0,16,76,0,0,0,0,4,0,4,0,15,0,0,0,0,0,8,0,1,0,0,5,0,0,0,0,0,1,0,67,0,0,1,0,0,0,2,0,1,0,45,0,0,0,0,0,1,5,109,3,0,0,0,0,2,0,0,7,0,0,0,139,1,6,0,31,0,0,0,0,0,0,363,4,2,7,1,0,3,1,0,0,0,4,3,1,46,0,2,0,0,25,0,0,9,0,0,0,51,0,0,1,0,324,0,0,4,0,0,4,1,0,0,0,0,0,0,0,0,15,0,1,5,1,2,19,5,0,6,0,4,0,0,3,1,0,0,0,7,15,3,81,0,0,1,1,0,0,3,1758,1,0,47,0,0,1,0,0,26,0,0,0,0,0,0,0,97,0,0,5,0
"741",0,0,0,0,0,0,0,25,0,0,0,2,2,6,6,0,0,0,0,0,0,0,0,122,3,3975,0,0,6,0,0,0,0,422,0,0,36,0,0,0,0,0,0,0,0,233,0,0,10,0,0,0,0,0,0,0,0,1,0,10,0,0,0,0,0,0,0,0,4,0,0,0,0,18,0,0,0,0,0,10,0,2,378,0,0,3,0,0,0,84,0,7,232,0,0,37,0,0,0,0,0,0,0,0,0,0,12,193,0,0,0,0,0,19,0,0,0,73,29,0,6,0,0,1,448,0,0,0,0,0,0,0,0,1,0,0,416,0,0,0,36,0,0,0,0,1018,0,0,0,3,0,0,0,0,0,0,0,0,8,0,0,0,0,0,0,0,0,6,0,0,0,0,1,0,0,0,0,0,43,0,0,0,0,0,46,0,0,0,0,0,0,33,4,0,0,0,0,0,0,0,0,0,0,0,0,7,0,0,0,5,0,0,0,0,3,4,117,0,710,0,21,0,0,0,0,0,0,0,84,0,0,0,0,675,0,0,0,0,0,33,0,0,0,0,0,0,12,0,0,0,17,0,0,0,0,13,4,0,0,0,11,0,0,5,0,0,0,0,0,126,0,0,33,0,0,0,0,0,0,1,0,0,32,14,0,0,0,0,22,6,0,0,0,0,102,0,232,0,0,10,0
"742",0,0,0,0,0,0,1,0,0,0,0,0,0,0,2,0,0,0,0,0,162,12,0,0,0,177,0,0,11,61,0,1,0,13,0,0,25,489,0,0,0,0,0,68,0,34,0,0,4,0,1,0,0,0,0,0,0,1,0,220,0,37,0,0,0,0,0,0,49,0,50,0,0,188,0,0,0,0,0,0,0,8,0,0,469,1,1,0,0,0,1,10,1,0,0,0,0,0,0,0,0,0,0,0,2,0,75,0,0,0,0,0,0,136,0,0,0,0,231,0,0,0,0,1,39,0,0,0,0,0,0,214,0,0,0,0,766,0,0,0,4,0,0,0,0,0,0,0,0,0,12,0,0,0,0,0,0,0,0,125,0,0,0,913,0,0,0,0,0,0,0,0,1,0,0,0,0,103,0,0,0,0,0,0,3,0,0,0,0,0,0,128,1,0,0,0,0,0,1,0,0,0,0,0,854,0,24,0,0,0,1,0,0,0,54,0,2,90,0,24,0,17,0,0,0,0,110,0,117,0,130,1,0,0,0,0,0,0,0,0,0,0,63,10,0,0,0,0,0,0,3,0,0,0,0,0,1,0,0,0,16,0,0,0,0,0,0,0,0,0,11,0,33,0,0,0,1,0,0,2064,0,0,249,0,0,0,11,0,29,0,0,0,0,0,14,0,0,0,0,14,0
"743",0,0,0,0,0,0,2,46,0,0,0,0,0,0,8,0,0,0,0,0,0,125,0,0,0,4870,0,0,31,0,119,504,0,185,0,0,4,0,1,0,0,0,0,0,0,540,0,0,0,0,0,0,0,0,0,0,0,0,0,391,0,0,0,0,0,0,146,0,1,122,0,0,0,0,0,0,0,0,0,211,0,0,0,0,0,1,0,0,0,0,0,0,0,0,0,0,0,0,168,0,0,0,0,0,0,0,0,305,0,0,0,0,0,0,0,0,0,0,165,0,0,0,0,1,63,0,0,0,0,0,0,0,0,0,0,0,24,0,0,0,26,0,0,0,0,0,0,0,0,0,14,0,0,0,0,0,0,0,0,0,0,0,0,0,0,0,0,0,0,0,0,0,4,0,0,0,0,0,90,0,0,0,0,0,0,0,0,0,0,0,0,94,0,0,0,2,0,1,0,0,0,0,0,8,329,99,0,0,1,0,0,0,0,0,24,0,199,0,5,20,135,4,0,0,0,0,0,0,104,0,0,0,0,20,0,0,2,0,0,2,0,0,0,0,6,0,0,0,0,0,0,0,0,0,0,0,0,0,0,0,0,0,2,0,3,0,0,0,0,5,0,0,51,0,0,0,3,0,0,410,0,0,81,0,0,3,0,0,0,0,0,0,0,0,0,0,0,0,0,68,0
"744",0,0,5,0,0,0,3,0,0,0,0,0,0,0,0,0,4,1,0,0,0,7,0,2,0,0,0,0,21,0,0,0,0,103,0,0,132,1,0,0,0,0,0,0,0,0,0,1,0,0,4,0,0,0,0,0,0,0,0,0,0,0,0,0,0,0,0,0,5,0,0,0,0,0,0,0,0,0,0,20,0,0,1,0,0,88,0,0,0,0,0,0,4692,0,0,41,25,1,0,0,0,0,0,0,0,4,0,0,0,0,0,0,0,0,7,0,0,2,199,0,0,0,0,0,0,936,0,0,0,228,0,0,0,0,0,1,769,2,0,2,67,0,0,0,0,20,0,0,0,0,0,0,28,0,0,0,0,0,0,0,0,0,0,1,0,0,0,0,0,0,1,0,3,1,0,0,9,0,0,0,0,5,0,0,13,11,0,0,0,0,0,45,0,0,0,0,0,0,0,0,0,0,0,0,0,32,4,0,0,0,0,0,0,0,13,3,0,0,839,0,0,0,0,0,0,0,0,0,0,9,0,0,0,0,0,10,0,0,1,44,0,0,0,0,4,0,0,0,0,0,0,1,0,0,0,25,11,0,0,0,13,0,0,2,0,0,0,0,0,0,0,0,1159,0,16,2,0,0,16,0,0,0,71,0,0,1,7,0,0,0,0,0,0,1,0,0,17,0,7,187,0
"745",0,1,0,2,0,0,2,0,0,0,0,0,0,3,27,0,0,0,0,0,1,10,0,1,0,1059,0,0,1,124,15,0,0,0,0,0,0,0,5,0,0,0,0,40,0,0,0,2,0,1,81,0,0,0,3,0,0,1,0,9,0,12,1,0,0,0,80,0,14,33,23,0,0,1,0,0,0,4,1,0,0,0,0,0,34,120,0,0,0,23,432,3,53,0,0,1,0,0,20,0,0,6,0,0,5,0,0,0,0,35,0,0,0,33,0,3,0,3,2,0,0,0,0,15,303,0,158,0,0,0,0,17,0,0,0,0,41,0,0,0,80,0,0,0,0,0,7,0,1,0,0,0,132,3,1,0,0,21,0,92,0,0,0,0,1,0,0,0,0,0,4,0,0,0,0,0,0,3,16,0,0,0,0,2,1,28,7,0,0,0,0,105,1,1,0,1,0,0,0,0,0,0,0,0,0,10,0,0,0,1,0,0,0,0,0,0,89,0,33,0,81,1,0,0,0,0,0,0,59,0,0,0,0,419,0,0,0,0,0,78,0,0,57,0,0,12,0,0,0,0,0,0,6,0,4,34,26,0,1,0,1,0,0,1,0,0,0,0,6,585,0,0,573,780,0,0,0,0,1,3445,0,1,77,0,0,0,0,0,16,0,0,0,0,0,67,0,43,0,0,30,0
"746",0,0,1,0,0,0,1,1,0,0,0,1,0,0,10,0,37,11,0,0,1,39,0,0,0,0,1,0,42,0,0,0,0,143,0,0,0,1,1,0,0,0,0,0,0,0,69,13,0,0,4,0,0,0,1,0,0,0,15,11,0,1,1,0,0,14,450,0,0,0,1,0,0,0,0,0,0,0,0,2,0,2,0,0,0,16,0,0,0,5,0,10,232,0,0,0,0,0,0,0,0,0,0,0,2,0,0,4180,0,0,0,0,0,0,0,32,0,1,382,0,0,0,0,1,191,0,0,0,1,0,4,0,0,4,0,0,352,0,0,0,0,0,0,0,0,0,0,0,2,1,17,45,4,0,1,0,0,0,0,42,0,0,0,1,0,0,0,0,3,1,3,1,1,0,0,0,0,0,0,0,9,0,0,31,6,0,1,0,166,0,0,15,1,0,0,0,0,4,0,0,0,0,0,0,0,40,8,0,0,5,0,0,1,2,9,0,15,0,0,1,18,0,6,0,0,2,0,0,3,0,33,0,1,0,0,3,2,0,0,58,0,0,0,0,0,45,0,0,0,0,0,0,13,0,8,262,0,3,2,0,7,0,0,0,0,0,0,0,0,582,2,20,0,1623,1,0,1,0,6,0,0,0,499,0,0,0,0,0,18,28,0,0,0,0,7,8,3,0,1,20,0
"747",0,0,0,99,0,0,12,0,0,0,0,0,3,0,64,0,0,0,0,0,1,28,0,0,0,706,0,0,21,2,0,0,0,46,0,0,0,0,1,0,0,0,0,0,0,0,0,0,0,0,0,0,0,0,14,0,0,2,0,4,10,0,0,0,0,0,14,0,0,0,0,0,0,4,0,0,0,0,0,43,0,0,0,0,0,1,0,0,0,229,0,0,10,0,0,0,0,0,0,0,0,1,0,0,0,0,0,1736,0,0,0,8,0,27,0,0,0,0,103,0,0,0,0,1,57,0,0,0,0,0,19,40,0,0,0,0,170,0,0,0,21,0,0,0,0,0,16,2,0,0,5,0,0,0,0,0,0,0,0,0,0,0,0,0,0,0,0,0,0,0,0,0,0,0,0,0,0,59,0,1,0,0,0,0,7,0,0,0,0,0,0,17,1,11,0,0,0,0,0,0,0,21,0,12,0,0,0,0,0,8,0,0,0,0,0,1,76,0,155,0,0,0,0,0,0,0,0,0,4,0,0,0,0,342,0,0,0,0,3,0,0,0,0,0,0,0,0,0,0,0,0,0,9,0,0,8,0,0,0,0,0,0,0,6,0,0,0,0,0,8,0,0,12,0,0,0,0,0,0,4765,0,0,20,0,0,0,0,0,0,0,0,0,0,0,0,0,53,0,0,234,0
"748",0,0,0,1,0,1,2,0,0,0,0,0,0,0,18,0,0,0,0,0,0,0,0,0,0,1,0,0,0,0,0,0,0,156,0,0,0,174,0,1,0,0,0,0,0,540,0,0,0,1,4,0,0,0,0,0,0,0,0,6,0,0,0,0,0,0,281,0,0,0,0,0,0,0,0,0,0,0,0,130,0,0,0,1,0,0,0,0,0,0,3,12,1,0,0,0,0,0,0,0,0,8,0,0,61,0,0,0,0,0,0,0,0,85,0,1,0,0,95,0,0,0,0,2,0,0,0,0,0,0,0,413,0,4,0,26,6,0,0,0,21,0,0,0,0,0,0,0,0,0,28,0,0,0,0,0,0,0,0,344,0,0,0,2442,0,0,3,0,0,0,7,0,12,0,0,0,0,173,27,0,0,0,22,0,0,0,0,0,0,8,0,156,0,0,0,0,0,0,0,0,0,0,0,965,0,5,0,0,1,0,0,0,0,0,0,0,138,0,69,0,0,17,0,0,0,29,0,0,194,0,0,0,0,268,0,0,16,0,3,0,0,0,0,0,1,0,22,0,0,0,342,12,0,0,0,10,12,0,0,0,0,0,0,0,40,0,0,0,0,5,0,0,475,0,0,0,0,0,0,182,0,0,875,0,0,0,15,0,0,0,0,0,0,2,0,0,2,0,0,18,0
"749",0,0,0,1,0,0,23,0,0,0,0,0,0,129,0,0,0,0,0,0,0,0,0,15,0,1483,0,0,0,0,0,0,0,34,0,226,0,0,0,0,0,0,0,36,0,23,0,0,0,1,0,0,0,0,0,0,0,0,16,0,0,0,8,0,145,9,13,1,0,0,0,0,0,0,0,0,0,0,0,0,0,0,0,0,0,0,0,0,0,0,500,6,1,0,0,73,0,0,2,0,0,5,0,0,2,0,139,424,0,35,0,0,0,0,0,0,0,3,0,0,0,1,0,1,0,10,158,0,0,0,1,0,0,0,0,0,0,0,0,0,0,0,0,0,0,0,0,0,0,0,2,0,3,0,1,0,0,0,0,58,0,0,0,0,0,0,0,0,0,0,0,0,0,14,101,55,0,0,163,0,0,0,0,0,0,0,1,0,0,0,0,56,0,0,0,0,0,0,0,0,0,0,0,0,0,0,0,0,0,18,0,0,0,0,0,0,0,0,0,0,0,0,0,0,0,0,0,0,0,0,0,0,0,2384,0,0,0,0,0,0,0,0,96,0,0,0,0,0,0,0,0,0,0,0,0,0,0,0,0,0,0,0,0,0,0,0,0,0,13,1060,0,0,150,0,2,0,0,0,7,1980,0,0,77,0,0,0,0,0,0,0,0,0,0,0,6,0,0,0,0,12,1
"750",0,0,0,0,0,0,97,0,0,0,0,0,0,0,0,0,35,0,0,0,0,221,0,7,0,2,0,0,40,24,246,0,0,5,0,0,0,416,0,0,0,0,0,0,0,0,0,0,0,0,0,0,0,0,0,0,0,0,0,0,0,0,0,0,0,0,910,0,0,158,0,0,0,0,0,0,0,0,0,0,0,58,0,0,0,1,0,0,0,0,0,13,7,0,0,0,0,0,25,0,0,0,0,0,1,0,0,2187,0,48,0,0,0,4,0,7,0,0,419,0,0,0,0,1,0,0,0,0,0,0,0,1030,0,2,0,0,0,0,0,0,9,0,0,0,0,0,98,0,0,0,0,30,0,3,1,0,0,0,0,74,0,0,0,0,0,0,0,0,0,0,46,0,1,0,0,0,0,0,150,0,0,0,0,0,0,0,0,0,0,0,93,287,0,2,0,0,0,0,0,132,0,0,0,440,0,242,2,0,0,0,0,0,0,0,37,0,167,0,141,0,0,81,0,0,4,0,0,0,0,0,0,0,0,136,0,0,14,0,0,30,0,0,0,0,0,24,0,0,0,0,0,0,0,0,0,0,4,0,0,0,0,0,0,25,17,0,0,0,0,5,0,0,0,1,0,0,3,0,0,0,0,2,983,0,0,0,0,0,0,183,0,0,0,4,0,0,5,0,0,94,0
